Nutation ephemeris from nutIAU200 for Oct 1986 - Mar 1988 IAU2000               
(1x,i5,8i8,8x,i2)                  2446716 2447275  4 -1          1.E-04
 46716  -65632   89554  -65565   89797  -65657   90042  -65905   90273
 46718  -66293   90474  -66801   90633  -67401   90740  -68064   90788
 46720  -68756   90773  -69447   90697  -70107   90561  -70708   90372
 46722  -71229   90139  -71653   89870  -71968   89578  -72170   89274
 46724  -72258   88969  -72237   88673  -72116   88396  -71907   88146
 46726  -71626   87932  -71289   87757  -70916   87626  -70525   87541
 46728  -70137   87502  -69770   87508  -69443   87557  -69173   87644
 46730  -68976   87764  -68866   87910  -68853   88072  -68945   88242
 46732  -69145   88407  -69452   88557  -69858   88678  -70349   88759
 46734  -70905   88788  -71498   88756  -72095   88656  -72657   88484
 46736  -73143   88242  -73513   87937  -73732   87581  -73772   87190
 46738  -73617   86785  -73265   86389  -72731   86024  -72042   85709
 46740  -71237   85463  -70365   85294  -69478   85208  -68625   85203
 46742  -67853   85270  -67198   85397  -66689   85570  -66342   85770
 46744  -66161   85980  -66143   86181  -66274   86360  -66533   86502
 46746  -66894   86597  -67329   86637  -67806   86619  -68296   86542
 46748  -68767   86408  -69195   86220  -69554   85986  -69826   85714
 46750  -69997   85415  -70059   85098  -70006   84775  -69842   84456
 46752  -69571   84152  -69203   83872  -68753   83623  -68237   83413
 46754  -67673   83246  -67080   83125  -66478   83051  -65889   83025
 46756  -65330   83044  -64820   83104  -64375   83201  -64008   83327
 46758  -63732   83476  -63554   83638  -63478   83805  -63505   83964
 46760  -63632   84106  -63848   84220  -64140   84294  -64487   84320
 46762  -64863   84288  -65237   84192  -65573   84030  -65832   83804
 46764  -65975   83517  -65967   83182  -65778   82814  -65389   82433
 46766  -64797   82063  -64011   81725  -63060   81444  -61986   81236
 46768  -60842   81114  -59687   81083  -58580   81139  -57572   81274
 46770  -56706   81472  -56010   81714  -55497   81978  -55170   82246
 46772  -55016   82496  -55015   82715  -55139   82889  -55357   83010
 46774  -55636   83072  -55943   83075  -56247   83020  -56520   82911
 46776  -56737   82754  -56879   82557  -56930   82331  -56878   82084
 46778  -56720   81828  -56452   81572  -56080   81327  -55610   81102
 46780  -55053   80906  -54424   80746  -53740   80627  -53020   80554
 46782  -52284   80529  -51553   80552  -50846   80622  -50182   80737
 46784  -49580   80891  -49055   81079  -48618   81293  -48280   81525
 46786  -48045   81765  -47916   82004  -47889   82232  -47957   82437
 46788  -48108   82612  -48326   82745  -48590   82830  -48873   82860
 46790  -49147   82831  -49379   82742  -49534   82595  -49578   82395
 46792  -49480   82153  -49212   81883  -48757   81603  -48108   81333
 46794  -47272   81096  -46273   80912  -45147   80801  -43946   80776
 46796  -42728   80844  -41555   81003  -40483   81244  -39562   81552
 46798  -38824   81906  -38287   82282  -37953   82658  -37807   83011
 46800  -37825   83324  -37974   83585  -38217   83784  -38515   83919
 46802  -38832   83990  -39135   84000  -39396   83956  -39592   83867
 46804  -39705   83743  -39723   83594  -39638   83431  -39449   83264
 46806  -39157   83104  -38770   82961  -38295   82842  -37747   82756
 46808  -37140   82709  -36492   82705  -35822   82747  -35149   82837
 46810  -34494   82975  -33878   83159  -33318   83384  -32832   83646
 46812  -32434   83936  -32135   84248  -31943   84572  -31862   84898
 46814  -31889   85215  -32020   85514  -32244   85783  -32545   86015
 46816  -32903   86201  -33296   86335  -33697   86413  -34076   86434
 46818  -34403   86398  -34647   86310  -34779   86177  -34774   86010
 46820  -34612   85822  -34279   85630  -33772   85452  -33100   85307
 46822  -32284   85213  -31355   85188  -30357   85242  -29343   85383
 46824  -28369   85611  -27489   85918  -26751   86290  -26192   86707
 46826  -25833   87147  -25680   87586  -25721   88000  -25932   88371
 46828  -26279   88683  -26722   88927  -27219   89100  -27729   89202
 46830  -28216   89238  -28651   89218  -29010   89152  -29277   89050
 46832  -29441   88926  -29498   88791  -29450   88657  -29301   88535
 46834  -29062   88432  -28743   88359  -28361   88320  -27931   88322
 46836  -27471   88368  -27001   88460  -26541   88599  -26109   88783
 46838  -25725   89010  -25407   89275  -25170   89572  -25028   89894
 46840  -24992   90231  -25067   90574  -25255   90913  -25552   91235
 46842  -25951   91531  -26439   91791  -26995   92005  -27599   92167
 46844  -28222   92272  -28836   92317  -29412   92303  -29917   92234
 46846  -30326   92116  -30612   91959  -30755   91777  -30744   91583
 46848  -30572   91393  -30245   91225  -29774   91095  -29185   91018
 46850  -28509   91007  -27787   91071  -27063   91213  -26387   91432
 46852  -25804   91721  -25355   92066  -25072   92450  -24975   92853
 46854  -25068   93252  -25344   93626  -25782   93955  -26349   94224
 46856  -27006   94424  -27712   94549  -28426   94599  -29108   94581
 46858  -29729   94503  -30263   94377  -30693   94214  -31010   94030
 46860  -31211   93836  -31301   93646  -31287   93470  -31181   93318
 46862  -30998   93198  -30756   93116  -30472   93075  -30166   93080
 46864  -29858   93131  -29566   93228  -29310   93368  -29108   93549
 46866  -28975   93764  -28928   94008  -28976   94272  -29130   94548
 46868  -29393   94824  -29767   95092  -30247   95338  -30823   95553
 46870  -31479   95726  -32196   95847  -32946   95912  -33701   95914
 46872  -34430   95852  -35099   95730  -35678   95553  -36138   95329
 46874  -36458   95073  -36623   94797  -36625   94520  -36467   94258
 46876  -36162   94028  -35731   93844  -35205   93721  -34620   93666
 46878  -34017   93684  -33438   93775  -32927   93935  -32520   94154
 46880  -32250   94419  -32140   94711  -32201   95014  -32435   95306
 46882  -32830   95569  -33365   95787  -34011   95946  -34731   96037
 46884  -35486   96055  -36238   96001  -36950   95881  -37591   95701
 46886  -38137   95474  -38570   95213  -38882   94931  -39071   94642
 46888  -39141   94358  -39102   94092  -38969   93854  -38758   93650
 46890  -38488   93487  -38180   93369  -37855   93298  -37532   93273
 46892  -37232   93295  -36972   93359  -36771   93462  -36641   93598
 46894  -36598   93759  -36649   93938  -36804   94126  -37064   94312
 46896  -37428   94487  -37892   94638  -38444   94755  -39068   94829
 46898  -39742   94850  -40440   94812  -41130   94709  -41780   94543
 46900  -42355   94314  -42821   94031  -43150   93703  -43319   93347
 46902  -43316   92978  -43137   92616  -42792   92279  -42301   91985
 46904  -41694   91749  -41009   91582  -40289   91490  -39580   91475
 46906  -38925   91532  -38364   91653  -37929   91824  -37643   92030
 46908  -37522   92254  -37567   92476  -37772   92679  -38119   92847
 46910  -38585   92965  -39138   93025  -39743   93019  -40366   92946
 46912  -40969   92806  -41521   92605  -41995   92352  -42367   92058
 46914  -42624   91734  -42757   91394  -42765   91051  -42654   90718
 46916  -42434   90407  -42119   90125  -41730   89882  -41284   89683
 46918  -40806   89531  -40314   89428  -39832   89373  -39379   89365
 46920  -38973   89399  -38630   89471  -38363   89573  -38185   89699
 46922  -38103   89841  -38121   89988  -38242   90132  -38462   90262
 46924  -38774   90369  -39167   90441  -39623   90470  -40121   90448
 46926  -40635   90368  -41135   90226  -41585   90021  -41953   89756
 46928  -42203   89438  -42306   89079  -42238   88693  -41985   88299
 46930  -41545   87917  -40930   87567  -40164   87270  -39284   87040
 46932  -38335   86889  -37368   86821  -36435   86835  -35584   86924
 46934  -34854   87075  -34277   87272  -33871   87495  -33641   87725
 46936  -33582   87943  -33678   88132  -33906   88277  -34235   88367
 46938  -34631   88397  -35059   88361  -35485   88262  -35876   88103
 46940  -36205   87890  -36446   87634  -36584   87344  -36607   87033
 46942  -36508   86714  -36290   86398  -35960   86097  -35527   85822
 46944  -35009   85582  -34423   85382  -33791   85229  -33134   85125
 46946  -32473   85070  -31831   85064  -31227   85105  -30678   85186
 46948  -30201   85304  -29807   85449  -29506   85616  -29305   85794
 46950  -29206   85975  -29207   86150  -29304   86308  -29488   86440
 46952  -29745   86537  -30057   86592  -30405   86597  -30761   86546
 46954  -31096   86438  -31380   86271  -31578   86048  -31659   85777
 46956  -31592   85468  -31355   85134  -30932   84795  -30320   84471
 46958  -29529   84182  -28582   83949  -27519   83788  -26388   83712
 46960  -25246   83725  -24150   83826  -23153   84006  -22300   84248
 46962  -21622   84534  -21137   84841  -20846   85147  -20737   85431
 46964  -20786   85675  -20963   85867  -21230   85996  -21550   86060
 46966  -21886   86057  -22202   85991  -22468   85870  -22660   85701
 46968  -22758   85497  -22750   85267  -22628   85025  -22391   84783
 46970  -22043   84551  -21594   84340  -21055   84160  -20444   84017
 46972  -19779   83919  -19081   83867  -18371   83865  -17670   83913
 46974  -16999   84008  -16378   84147  -15823   84325  -15348   84535
 46976  -14966   84770  -14683   85020  -14504   85278  -14429   85534
 46978  -14455   85778  -14574   86001  -14775   86194  -15043   86350
 46980  -15358   86461  -15698   86523  -16039   86532  -16352   86485
 46982  -16609   86385  -16779   86234  -16834   86041  -16747   85815
 46984  -16498   85570  -16073   85322  -15469   85090  -14692   84894
 46986  -13766   84753  -12726   84684  -11617   84700  -10496   84805
 46988   -9422   84999   -8450   85274   -7630   85612   -6998   85994
 46990   -6571   86395   -6352   86789   -6327   87155   -6467   87472
 46992   -6736   87728   -7090   87913   -7487   88025   -7887   88067
 46994   -8252   88045   -8554   87967   -8770   87846   -8883   87694
 46996   -8885   87523   -8774   87348   -8552   87178   -8228   87026
 46998   -7814   86901   -7323   86810   -6775   86761   -6188   86756
 47000   -5583   86800   -4980   86892   -4400   87032   -3864   87217
 47002   -3387   87442   -2987   87702   -2677   87990   -2465   88297
 47004   -2359   88615   -2360   88933   -2467   89243   -2674   89534
 47006   -2970   89799   -3343   90028   -3773   90215   -4241   90355
 47008   -4723   90443   -5194   90477   -5626   90458   -5993   90389
 47010   -6268   90275   -6426   90125   -6447   89948   -6314   89759
 47012   -6018   89573   -5560   89406   -4947   89276   -4202   89200
 47014   -3355   89192   -2448   89263   -1532   89420    -661   89660
 47016     112   89977     740   90356    1184   90776    1424   91214
 47018    1455   91644    1289   92042     956   92387     493   92664
 47020     -54   92864    -637   92985   -1213   93029   -1742   93004
 47022   -2194   92923   -2547   92799   -2786   92646   -2906   92480
 47024   -2909   92312   -2802   92157   -2596   92024   -2307   91923
 47026   -1953   91860   -1553   91841   -1127   91868    -696   91944
 47028    -280   92067     100   92235     427   92445     685   92692
 47030     858   92968     937   93267     912   93580     780   93898
 47032     539   94209     195   94506    -246   94779    -771   95017
 47034   -1364   95215   -2004   95365   -2669   95463   -3334   95506
 47036   -3972   95494   -4555   95430   -5060   95318   -5460   95165
 47038   -5737   94983   -5874   94782   -5861   94576   -5696   94380
 47040   -5383   94211   -4938   94082   -4382   94007   -3747   93999
 47042   -3071   94065   -2400   94209   -1779   94427   -1256   94713
 47044    -870   95054    -655   95430    -630   95820    -801   96200
 47046   -1155   96546   -1669   96840   -2305   97064   -3019   97208
 47048   -3764   97271   -4493   97253   -5166   97165   -5750   97016
 47050   -6222   96824   -6569   96603   -6785   96370   -6876   96139
 47052   -6852   95924   -6727   95736   -6521   95584   -6254   95474
 47054   -5948   95410   -5626   95395   -5308   95429   -5015   95509
 47056   -4765   95633   -4577   95795   -4465   95991   -4441   96213
 47058   -4514   96453   -4691   96701   -4974   96950   -5362   97188
 47060   -5850   97405   -6427   97594   -7081   97744   -7792   97848
 47062   -8538   97900   -9296   97896  -10037   97835  -10733   97718
 47064  -11358   97548  -11885   97333  -12292   97081  -12561   96806
 47066  -12682   96520  -12650   96238  -12470   95975  -12154   95748
 47068  -11722   95568  -11203   95447  -10631   95394  -10044   95413
 47070   -9484   95502   -8991   95659   -8604   95872   -8356   96129
 47072   -8268   96411   -8355   96700   -8617   96973   -9041   97210
 47074   -9604   97395  -10270   97512  -11001   97553  -11750   97514
 47076  -12475   97398  -13135   97212  -13698   96967  -14141   96679
 47078  -14449   96363  -14619   96037  -14654   95715  -14567   95412
 47080  -14375   95139  -14099   94905  -13763   94717  -13391   94579
 47082  -13007   94492  -12633   94454  -12291   94464  -12000   94517
 47084  -11775   94608  -11630   94730  -11576   94875  -11619   95034
 47086  -11765   95199  -12014   95361  -12363   95509  -12805   95635
 47088  -13329   95728  -13919   95782  -14557   95787  -15220   95739
 47090  -15881   95635  -16513   95472  -17085   95253  -17570   94982
 47092  -17939   94668  -18172   94321  -18252   93956  -18170   93587
 47094  -17928   93232  -17535   92906  -17010   92625  -16382   92401
 47096  -15686   92245  -14962   92161  -14251   92151  -13595   92209
 47098  -13031   92327  -12592   92494  -12301   92693  -12173   92906
 47100  -12210   93114  -12406   93299  -12742   93443  -13193   93532
 47102  -13724   93557  -14297   93509  -14871   93388  -15408   93197
 47104  -15872   92943  -16234   92637  -16473   92293  -16575   91926
 47106  -16537   91552  -16364   91186  -16066   90843  -15663   90532
 47108  -15176   90264  -14630   90045  -14051   89878  -13463   89764
 47110  -12891   89702  -12356   89689  -11878   89719  -11473   89786
 47112  -11153   89883  -10927   90001  -10800   90132  -10776   90266
 47114  -10852   90395  -11024   90509  -11283   90598  -11617   90655
 47116  -12011   90672  -12443   90643  -12893   90561  -13333   90425
 47118  -13736   90232  -14072   89986  -14312   89690  -14429   89354
 47120  -14399   88988  -14205   88607  -13840   88228  -13305   87869
 47122  -12613   87547  -11789   87279  -10866   87078   -9886   86953
 47124   -8897   86908   -7946   86940   -7078   87044   -6332   87205
 47126   -5735   87407   -5307   87633   -5053   87862   -4966   88075
 47128   -5032   88254   -5224   88384   -5511   88456   -5855   88461
 47130   -6220   88397   -6567   88266   -6861   88074   -7074   87828
 47132   -7181   87540   -7166   87224   -7019   86894   -6740   86563
 47134   -6333   86247   -5811   85956   -5192   85702   -4497   85494
 47136   -3752   85335   -2980   85231   -2208   85181   -1459   85183
 47138    -756   85233    -117   85327     442   85457     908   85614
 47140    1275   85791    1538   85977    1696   86165    1753   86343
 47142    1716   86505    1596   86641    1405   86743    1160   86806
 47144     882   86823     593   86791     317   86707      81   86571
 47146     -86   86385    -158   86154    -109   85886      85   85592
 47148     441   85286     968   84984    1667   84703    2524   84463
 47150    3518   84280    4612   84168    5760   84139    6912   84195
 47152    8012   84335    9011   84548    9866   84821   10546   85132
 47154   11034   85461   11328   85784   11443   86079   11402   86330
 47156   11239   86522   10994   86648   10707   86702   10418   86686
 47158   10165   86606    9979   86470    9885   86288    9901   86075
 47160   10037   85843   10299   85606   10682   85378   11177   85170
 47162   11771   84994   12446   84857   13180   84768   13950   84729
 47164   14731   84744   15500   84811   16234   84929   16912   85093
 47166   17517   85296   18032   85532   18449   85793   18760   86068
 47168   18962   86349   19056   86626   19048   86890   18946   87132
 47170   18763   87345   18515   87522   18218   87657   17894   87746
 47172   17564   87786   17254   87776   16987   87718   16789   87614
 47174   16684   87470   16695   87294   16842   87095   17140   86888
 47176   17598   86686   18216   86506   18985   86365   19884   86279
 47178   20882   86263   21936   86327   22997   86476   24010   86709
 47180   24921   87018   25682   87387   26258   87796   26629   88221
 47182   26791   88635   26760   89015   26563   89340   26242   89597
 47184   25842   89776   25410   89876   24992   89901   24626   89858
 47186   24342   89761   24163   89622   24103   89458   24167   89282
 47188   24352   89110   24652   88954   25051   88825   25533   88732
 47190   26078   88683   26663   88682   27266   88732   27865   88833
 47192   28436   88984   28959   89181   29415   89419   29789   89692
 47194   30068   89992   30243   90310   30309   90638   30264   90964
 47196   30111   91281   29858   91579   29515   91849   29096   92085
 47198   28618   92279   28101   92428   27566   92529   27036   92579
 47200   26535   92579   26087   92533   25714   92444   25437   92320
 47202   25275   92169   25244   92001   25355   91829   25611   91666
 47204   26011   91526   26544   91425   27192   91377   27926   91392
 47206   28710   91482   29499   91650   30246   91896   30899   92213
 47208   31415   92588   31755   93002   31896   93431   31832   93849
 47210   31572   94232   31144   94557   30589   94808   29956   94974
 47212   29297   95052   28660   95048   28090   94971   27619   94836
 47214   27270   94659   27054   94459   26972   94251   27018   94053
 47216   27178   93877   27434   93734   27763   93632   28143   93578
 47218   28550   93574   28959   93621   29349   93718   29699   93863
 47220   29989   94050   30203   94273   30329   94525   30356   94799
 47222   30277   95084   30089   95373   29794   95654   29395   95920
 47224   28902   96161   28327   96370   27685   96539   26995   96662
 47226   26279   96735   25559   96758   24858   96728   24201   96649
 47228   23611   96524   23109   96359   22715   96164   22442   95947
 47230   22302   95720   22300   95495   22436   95286   22701   95107
 47232   23083   94968   23559   94883   24100   94860   24674   94906
 47234   25240   95022   25757   95208   26184   95455   26481   95752
 47236   26620   96082   26577   96423   26348   96753   25940   97048
 47238   25377   97287   24695   97452   23941   97533   23166   97525
 47240   22421   97431   21752   97262   21193   97031   20771   96756
 47242   20498   96458   20373   96154   20387   95862   20524   95597
 47244   20760   95371   21070   95191   21425   95063   21800   94989
 47246   22167   94969   22505   94999   22792   95076   23010   95193
 47248   23145   95344   23186   95519   23125   95712   22958   95911
 47250   22685   96109   22309   96295   21837   96462   21278   96600
 47252   20646   96701   19960   96760   19237   96771   18501   96731
 47254   17776   96638   17085   96493   16455   96299   15907   96061
 47256   15463   95787   15140   95486   14951   95171   14901   94853
 47258   14993   94546   15219   94263   15566   94018   16014   93820
 47260   16536   93681   17102   93606   17676   93598   18220   93657
 47262   18697   93778   19073   93951   19317   94163   19408   94398
 47264   19333   94636   19092   94857   18694   95041   18165   95171
 47266   17537   95230   16854   95210   16162   95107   15508   94923
 47268   14936   94667   14481   94351   14167   93994   14010   93614
 47270   14009   93230   14156   92861   14432   92522   14813   92224
 47272   15271   91978   15774   91788   16293   91655   16800   91580
 47274   17270   91557   17681   91581   18015   91646   18259   91743
