Nutation ephemeris from nutIAU200 for Oct 1991 - Mar 1993 IAU2000               
(1x,i5,8i8,8x,i2)                  2448542 2449101  4 -1          1.E-04
 48542  155767   27009  155984   26810  156236   26653  156503   26540
 48544  156765   26470  157004   26440  157202   26447  157344   26487
 48546  157417   26553  157411   26639  157317   26738  157131   26840
 48548  156850   26939  156475   27024  156014   27087  155475   27118
 48550  154872   27110  154225   27056  153556   26950  152891   26790
 48552  152260   26573  151693   26303  151220   25986  150866   25630
 48554  150654   25248  150597   24855  150701   24466  150959   24098
 48556  151356   23767  151867   23487  152459   23266  153091   23112
 48558  153723   23026  154313   23004  154824   23039  155224   23119
 48560  155491   23230  155609   23356  155574   23481  155393   23589
 48562  155078   23665  154653   23698  154144   23678  153583   23601
 48564  153004   23463  152440   23267  151921   23017  151474   22722
 48566  151120   22390  150875   22035  150747   21666  150737   21298
 48568  150841   20940  151049   20605  151346   20299  151715   20031
 48570  152136   19804  152588   19621  153049   19483  153500   19389
 48572  153921   19336  154297   19320  154612   19335  154854   19375
 48574  155014   19433  155086   19502  155066   19573  154956   19637
 48576  154758   19687  154479   19714  154131   19710  153727   19668
 48578  153287   19582  152833   19446  152390   19258  151987   19018
 48580  151653   18726  151418   18390  151309   18018  151348   17622
 48582  151551   17217  151924   16820  152460   16449  153143   16121
 48584  153942   15851  154818   15649  155726   15521  156617   15467
 48586  157445   15481  158170   15553  158759   15667  159192   15808
 48588  159460   15955  159567   16093  159526   16204  159360   16277
 48590  159095   16301  158764   16269  158401   16180  158037   16035
 48592  157705   15837  157430   15593  157234   15312  157136   15004
 48594  157145   14679  157267   14350  157501   14028  157840   13722
 48596  158275   13441  158790   13195  159367   12988  159988   12824
 48598  160630   12706  161273   12633  161897   12605  162483   12617
 48600  163014   12666  163477   12744  163860   12846  164156   12964
 48602  164359   13089  164469   13214  164488   13330  164421   13430
 48604  164278   13506  164070   13550  163813   13557  163525   13522
 48606  163229   13441  162948   13311  162708   13133  162536   12910
 48608  162461   12646  162507   12350  162695   12033  163042   11709
 48610  163556   11393  164233   11104  165058   10857  166003   10670
 48612  167030   10553  168091   10515  169133   10554  170104   10667
 48614  170958   10841  171658   11059  172182   11301  172521   11546
 48616  172683   11774  172686   11969  172560   12116  172338   12207
 48618  172060   12237  171761   12207  171475   12121  171234   11984
 48620  171062   11807  170976   11599  170990   11371  171109   11136
 48622  171335   10903  171663   10683  172085   10486  172589   10318
 48624  173157   10187  173774   10097  174419   10052  175072   10051
 48626  175714   10095  176325   10181  176887   10306  177385   10464
 48628  177805   10650  178139   10855  178377   11072  178519   11293
 48630  178564   11509  178515   11712  178382   11896  178174   12051
 48632  177905   12173  177593   12256  177257   12297  176918   12292
 48634  176599   12243  176324   12148  176118   12013  176004   11843
 48636  176004   11646  176135   11431  176412   11213  176839   11003
 48638  177416   10819  178131   10675  178959   10586  179867   10563
 48640  180812   10614  181745   10742  182613   10942  183368   11204
 48642  183969   11512  184389   11844  184615   12180  184652   12496
 48644  184518   12773  184247   12996  183876   13155  183450   13247
 48646  183009   13271  182592   13235  182231   13147  181949   13019
 48648  181763   12862  181683   12691  181710   12516  181842   12350
 48650  182069   12202  182379   12081  182758   11994  183189   11945
 48652  183652   11938  184129   11975  184600   12055  185047   12177
 48654  185451   12338  185797   12533  186071   12757  186260   13004
 48656  186357   13265  186357   13533  186256   13799  186059   14055
 48658  185769   14294  185397   14506  184954   14686  184458   14829
 48660  183927   14928  183380   14984  182841   14993  182332   14957
 48662  181876   14879  181495   14763  181208   14617  181034   14450
 48664  180985   14270  181070   14091  181290   13926  181642   13786
 48666  182110   13686  182675   13636  183305   13647  183964   13724
 48668  184610   13870  185196   14081  185680   14347  186024   14656
 48670  186199   14989  186190   15323  185998   15639  185638   15916
 48672  185139   16136  184540   16289  183885   16369  183220   16377
 48674  182586   16319  182016   16204  181538   16047  181169   15860
 48676  180915   15659  180776   15458  180747   15269  180813   15101
 48678  180961   14964  181170   14864  181423   14805  181697   14788
 48680  181974   14815  182235   14883  182461   14992  182636   15135
 48682  182746   15309  182779   15507  182724   15722  182577   15947
 48684  182332   16173  181990   16393  181555   16597  181033   16779
 48686  180436   16930  179777   17045  179075   17117  178349   17144
 48688  177621   17123  176914   17056  176252   16942  175657   16788
 48690  175151   16600  174749   16386  174467   16155  174312   15920
 48692  174287   15691  174388   15482  174606   15304  174921   15169
 48694  175311   15084  175746   15057  176190   15091  176606   15185
 48696  176958   15334  177208   15530  177328   15759  177295   16005
 48698  177098   16250  176737   16473  176227   16658  175593   16789
 48700  174870   16854  174100   16848  173326   16769  172588   16623
 48702  171923   16420  171358   16172  170912   15895  170592   15603
 48704  170397   15311  170320   15033  170345   14780  170454   14561
 48706  170625   14381  170837   14245  171065   14154  171290   14107
 48708  171492   14103  171652   14137  171754   14204  171787   14299
 48710  171740   14415  171604   14545  171376   14680  171054   14813
 48712  170641   14936  170140   15040  169561   15118  168915   15164
 48714  168219   15170  167490   15133  166749   15048  166020   14915
 48716  165327   14735  164693   14510  164142   14246  163695   13951
 48718  163366   13634  163168   13307  163105   12982  163175   12672
 48720  163368   12390  163668   12147  164051   11952  164488   11813
 48722  164946   11732  165391   11711  165786   11745  166099   11826
 48724  166302   11945  166372   12087  166297   12237  166072   12378
 48726  165704   12494  165209   12569  164614   12590  163951   12550
 48728  163258   12443  162573   12270  161934   12035  161374   11747
 48730  160919   11417  160586   11061  160384   10693  160311   10327
 48732  160360    9977  160516    9654  160757    9367  161063    9123
 48734  161407    8925  161767    8775  162119    8671  162442    8610
 48736  162718    8588  162932    8599  163072    8637  163127    8693
 48738  163093    8762  162967    8833  162749    8901  162443    8955
 48740  162055    8990  161596    8998  161079    8972  160520    8907
 48742  159937    8798  159352    8643  158789    8441  158272    8193
 48744  157825    7902  157472    7575  157234    7220  157125    6847
 48746  157157    6469  157333    6099  157647    5752  158084    5441
 48748  158624    5176  159237    4968  159887    4822  160537    4738
 48750  161150    4715  161688    4746  162122    4819  162427    4923
 48752  162590    5041  162603    5157  162473    5255  162212    5321
 48754  161844    5342  161397    5309  160904    5216  160400    5062
 48756  159922    4848  159501    4580  159165    4269  158936    3924
 48758  158828    3558  158847    3187  158992    2822  159253    2477
 48760  159616    2162  160062    1885  160567    1652  161107    1468
 48762  161657    1332  162195    1243  162699    1198  163149    1193
 48764  163532    1220  163835    1273  164049    1343  164171    1424
 48766  164198    1506  164134    1582  163984    1644  163755    1684
 48768  163459    1697  163111    1676  162726    1617  162324    1515
 48770  161927    1369  161556    1179  161237     945  160991     672
 48772  160844     366  160814      34  160918    -312  161166    -660
 48774  161562    -996  162099   -1305  162762   -1573  163526   -1788
 48776  164358   -1941  165219   -2027  166064   -2045  166853   -2000
 48778  167546   -1901  168112   -1760  168528   -1596  168784   -1424
 48780  168882   -1262  168833   -1128  168659   -1034  168389    -991
 48782  168055   -1006  167695   -1081  167343   -1214  167031   -1402
 48784  166789   -1635  166639   -1904  166597   -2197  166672   -2501
 48786  166867   -2804  167178   -3094  167593   -3360  168098   -3593
 48788  168673   -3785  169296   -3932  169944   -4032  170593   -4082
 48790  171221   -4087  171807   -4049  172333   -3973  172785   -3866
 48792  173151   -3736  173424   -3589  173601   -3436  173681   -3284
 48794  173668   -3140  173569   -3013  173394   -2909  173155   -2834
 48796  172867   -2794  172548   -2792  172217   -2831  171894   -2912
 48798  171602   -3035  171362   -3198  171197   -3398  171128   -3627
 48800  171174   -3878  171350   -4141  171666   -4403  172124   -4652
 48802  172721   -4873  173442   -5052  174263   -5178  175150   -5239
 48804  176064   -5231  176958   -5153  177786   -5010  178507   -4811
 48806  179085   -4572  179498   -4311  179735   -4048  179800   -3803
 48808  179712   -3592  179497   -3431  179191   -3329  178833   -3290
 48810  178462   -3314  178114   -3397  177823   -3531  177612   -3706
 48812  177501   -3909  177501   -4129  177616   -4353  177843   -4567
 48814  178174   -4763  178595   -4929  179090   -5059  179639   -5146
 48816  180221   -5188  180812   -5184  181392   -5133  181940   -5039
 48818  182436   -4905  182865   -4737  183212   -4541  183470   -4326
 48820  183631   -4100  183692   -3870  183656   -3645  183527   -3432
 48822  183314   -3240  183027   -3074  182680   -2939  182290   -2841
 48824  181874   -2783  181453   -2765  181045   -2789  180673   -2852
 48826  180356   -2953  180114   -3086  179967   -3246  179929   -3423
 48828  180014   -3609  180229   -3793  180577   -3961  181052   -4102
 48830  181641   -4203  182323   -4253  183067   -4241  183836   -4164
 48832  184586   -4018  185273   -3809  185853   -3545  186289   -3242
 48834  186556   -2917  186642   -2593  186549   -2291  186295   -2028
 48836  185912   -1822  185439   -1682  184920   -1612  184397   -1610
 48838  183912   -1670  183497   -1783  183176   -1934  182965   -2110
 48840  182870   -2298  182892   -2482  183022   -2652  183248   -2796
 48842  183552   -2907  183916   -2979  184317   -3007  184736   -2989
 48844  185149   -2927  185537   -2821  185881   -2675  186165   -2493
 48846  186373   -2283  186496   -2051  186525   -1804  186456   -1551
 48848  186289   -1300  186025   -1058  185672    -834  185239    -634
 48850  184739    -464  184185    -329  183597    -233  182991    -179
 48852  182389    -166  181810    -195  181275    -262  180802    -364
 48854  180409    -496  180112    -649  179923    -816  179851    -988
 48856  179900   -1153  180069   -1301  180351   -1420  180732   -1500
 48858  181191   -1532  181700   -1507  182227   -1422  182733   -1276
 48860  183178   -1072  183523    -818  183734    -529  183786    -222
 48862  183664      84  183371     367  182921     609  182343     792
 48864  181678     906  180971     946  180268     912  179612     811
 48866  179038     656  178571     461  178228     242  178011      14
 48868  177918    -207  177935    -409  178046    -580  178229    -714
 48870  178463    -806  178724    -851  178989    -851  179236    -807
 48872  179446    -722  179602    -600  179689    -447  179696    -271
 48874  179614     -77  179437     125  179164     329  178796     526
 48876  178337     709  177794     870  177180    1002  176508    1101
 48878  175792    1162  175053    1181  174309    1157  173581    1091
 48880  172889     983  172252     838  171690     661  171217     458
 48882  170846     237  170588       7  170445    -221  170419    -437
 48884  170503    -631  170686    -793  170951    -915  171277    -988
 48886  171635   -1009  171996    -974  172325    -886  172589    -747
 48888  172756    -569  172798    -361  172694    -141  172436      74
 48890  172023     265  171470     415  170804     509  170060     534
 48892  169283     486  168516     364  167804     176  167181     -69
 48894  166677    -355  166306    -666  166074    -984  165974   -1294
 48896  165993   -1581  166110   -1835  166301   -2047  166539   -2213
 48898  166799   -2331  167055   -2401  167285   -2426  167470   -2411
 48900  167592   -2361  167639   -2283  167602   -2185  167473   -2073
 48902  167250   -1957  166933   -1844  166526   -1741  166035   -1656
 48904  165469   -1596  164841   -1567  164164   -1573  163457   -1620
 48906  162738   -1708  162026   -1840  161344   -2014  160711   -2228
 48908  160148   -2478  159671   -2758  159296   -3059  159034   -3373
 48910  158891   -3690  158868   -3998  158961   -4288  159159   -4549
 48912  159445   -4772  159799   -4950  160195   -5077  160603   -5151
 48914  160994   -5172  161336   -5144  161599   -5074  161759   -4972
 48916  161795   -4850  161694   -4724  161454   -4608  161080   -4520
 48918  160588   -4473  160005   -4482  159363   -4553  158702   -4693
 48920  158063   -4901  157484   -5170  157000   -5492  156638   -5853
 48922  156413   -6236  156331   -6625  156388   -7004  156569   -7359
 48924  156853   -7678  157215   -7952  157625   -8177  158056   -8351
 48926  158480   -8474  158873   -8551  159214   -8586  159487   -8587
 48928  159679   -8560  159781   -8514  159789   -8457  159702   -8397
 48930  159523   -8342  159256   -8301  158911   -8279  158497   -8283
 48932  158029   -8319  157521   -8391  156992   -8502  156460   -8654
 48934  155946   -8848  155471   -9083  155055   -9355  154718   -9661
 48936  154477   -9992  154348  -10342  154340  -10700  154459  -11054
 48938  154704  -11395  155066  -11710  155531  -11988  156079  -12222
 48940  156683  -12403  157313  -12529  157935  -12598  158518  -12614
 48942  159030  -12582  159443  -12514  159738  -12420  159900  -12315
 48944  159925  -12213  159817  -12131  159588  -12081  159261  -12076
 48946  158864  -12126  158430  -12235  157994  -12406  157594  -12637
 48948  157262  -12921  157029  -13249  156915  -13607  156935  -13982
 48950  157093  -14358  157384  -14721  157795  -15057  158306  -15355
 48952  158892  -15608  159525  -15810  160175  -15959  160817  -16056
 48954  161423  -16105  161973  -16112  162449  -16083  162838  -16026
 48956  163132  -15951  163328  -15865  163425  -15778  163427  -15698
 48958  163342  -15632  163180  -15587  162952  -15569  162673  -15582
 48960  162360  -15631  162031  -15717  161704  -15843  161399  -16008
 48962  161136  -16211  160935  -16448  160816  -16715  160796  -17005
 48964  160888  -17310  161104  -17620  161449  -17924  161921  -18210
 48966  162512  -18466  163206  -18681  163981  -18845  164805  -18952
 48968  165646  -18999  166465  -18984  167226  -18914  167894  -18796
 48970  168443  -18642  168852  -18468  169113  -18290  169226  -18124
 48972  169203  -17985  169064  -17887  168838  -17840  168556  -17850
 48974  168256  -17919  167972  -18047  167737  -18227  167580  -18452
 48976  167525  -18711  167587  -18991  167775  -19278  168088  -19560
 48978  168520  -19823  169057  -20056  169679  -20250  170364  -20398
 48980  171084  -20495  171814  -20541  172526  -20536  173198  -20484
 48982  173807  -20391  174337  -20264  174776  -20111  175115  -19941
 48984  175350  -19763  175484  -19585  175520  -19416  175467  -19263
 48986  175335  -19133  175140  -19031  174894  -18961  174617  -18927
 48988  174326  -18931  174038  -18972  173775  -19051  173554  -19165
 48990  173395  -19310  173314  -19483  173327  -19675  173447  -19880
 48992  173685  -20089  174045  -20290  174527  -20472  175123  -20625
 48994  175820  -20737  176596  -20798  177420  -20802  178259  -20743
 48996  179073  -20621  179822  -20442  180469  -20214  180981  -19951
 48998  181339  -19670  181532  -19389  181564  -19126  181450  -18899
 49000  181218  -18722  180901  -18603  180538  -18549  180170  -18557
 49002  179834  -18625  179562  -18743  179380  -18901  179305  -19085
 49004  179349  -19283  179512  -19479  179790  -19663  180171  -19821
 49006  180638  -19946  181170  -20029  181746  -20067  182340  -20055
 49008  182927  -19995  183486  -19889  183993  -19741  184432  -19555
 49010  184786  -19341  185046  -19105  185204  -18856  185258  -18603
 49012  185209  -18354  185064  -18118  184830  -17901  184521  -17710
 49014  184150  -17550  183734  -17424  183289  -17336  182834  -17286
 49016  182389  -17275  181970  -17299  181597  -17358  181285  -17447
 49018  181051  -17559  180906  -17690  180863  -17830  180928  -17972
 49020  181105  -18106  181393  -18221  181784  -18309  182267  -18358
 49022  182822  -18361  183422  -18310  184037  -18201  184631  -18033
 49024  185164  -17810  185599  -17539  185904  -17235  186054  -16912
 49026  186036  -16591  185852  -16291  185516  -16031  185056  -15827
 49028  184512  -15689  183926  -15623  183345  -15627  182809  -15695
 49030  182352  -15816  182001  -15976  181771  -16159  181666  -16350
 49032  181683  -16534  181811  -16698  182032  -16832  182326  -16927
 49034  182670  -16979  183038  -16983  183406  -16940  183753  -16852
 49036  184056  -16722  184298  -16555  184463  -16358  184540  -16138
 49038  184521  -15902  184401  -15659  184181  -15418  183863  -15187
 49040  183454  -14972  182965  -14781  182407  -14619  181795  -14491
 49042  181147  -14400  180480  -14349  179813  -14337  179163  -14363
 49044  178550  -14426  177989  -14521  177495  -14644  177083  -14789
 49046  176763  -14948  176542  -15114  176425  -15278  176412  -15432
 49048  176499  -15566  176677  -15672  176934  -15741  177250  -15767
 49050  177602  -15744  177963  -15669  178301  -15542  178583  -15367
 49052  178777  -15149  178852  -14901  178787  -14638  178567  -14377
 49054  178190  -14137  177669  -13936  177030  -13792  176308  -13717
 49056  175549  -13716  174799  -13790  174104  -13933  173502  -14133
 49058  173021  -14373  172676  -14638  172471  -14908  172399  -15168
 49060  172444  -15402  172583  -15601  172790  -15756  173037  -15863
 49062  173298  -15921  173546  -15931  173758  -15896  173915  -15822
 49064  174000  -15715  174002  -15583  173911  -15433  173724  -15273
 49066  173438  -15112  173057  -14957  172586  -14816  172032  -14697
 49068  171408  -14604  170728  -14543  170005  -14518  169259  -14532
 49070  168506  -14585  167765  -14678  167054  -14809  166392  -14974
 49072  165794  -15170  165273  -15391  164842  -15629  164509  -15878
 49074  164279  -16129  164152  -16372  164125  -16601  164191  -16805
 49076  164338  -16978  164549  -17113  164806  -17205  165084  -17249
 49078  165357  -17246  165598  -17197  165779  -17105  165873  -16980
 49080  165856  -16830  165712  -16670  165431  -16516  165012  -16384
 49082  164468  -16290  163821  -16249  163104  -16274  162358  -16370
 49084  161627  -16539  160957  -16775  160385  -17070  159943  -17406
 49086  159648  -17766  159505  -18132  159507  -18486  159635  -18812
 49088  159866  -19097  160168  -19335  160509  -19519  160858  -19651
 49090  161187  -19731  161471  -19765  161690  -19760  161828  -19723
 49092  161875  -19663  161824  -19588  161674  -19507  161426  -19428
 49094  161085  -19359  160660  -19308  160161  -19280  159600  -19281
 49096  158993  -19316  158355  -19386  157705  -19495  157060  -19643
 49098  156440  -19829  155861  -20051  155341  -20305  154896  -20586
 49100  154539  -20887  154280  -21202  154125  -21521  154077  -21837
