Nutation ephemeris from nutIAU200 for Oct 2014 - Mar 2016 IAU2000               
(1x,i5,8i8,8x,i2)                  2456943 2457502  4 -1          1.E-04
 56943   47120  -83590   47198  -83778   47314  -83931   47447  -84046
 56945   47578  -84125   47688  -84168   47762  -84180   47786  -84165
 56947   47752  -84128   47649  -84073   47475  -84009   47225  -83940
 56949   46901  -83873   46505  -83813   46043  -83768   45521  -83742
 56951   44950  -83740   44341  -83767   43710  -83826   43071  -83920
 56953   42443  -84049   41842  -84213   41288  -84410   40796  -84636
 56955   40384  -84887   40062  -85156   39841  -85435   39725  -85714
 56957   39715  -85986   39803  -86239   39980  -86466   40229  -86658
 56959   40530  -86811   40857  -86919   41186  -86983   41488  -87003
 56961   41738  -86983   41913  -86930   41994  -86854   41968  -86766
 56963   41828  -86677   41575  -86600   41219  -86548   40777  -86531
 56965   40270  -86559   39729  -86636   39182  -86766   38663  -86946
 56967   38199  -87173   37816  -87439   37533  -87732   37361  -88041
 56969   37302  -88354   37353  -88659   37502  -88945   37733  -89204
 56971   38025  -89428   38357  -89614   38707  -89760   39052  -89866
 56973   39374  -89935   39656  -89971   39885  -89978   40049  -89962
 56975   40142  -89930   40160  -89888   40101  -89842   39968  -89798
 56977   39763  -89764   39494  -89744   39170  -89743   38801  -89767
 56979   38399  -89819   37980  -89902   37560  -90018   37155  -90168
 56981   36784  -90351   36465  -90566   36215  -90808   36049  -91072
 56983   35981  -91350   36020  -91636   36170  -91918   36431  -92188
 56985   36795  -92434   37248  -92647   37769  -92820   38335  -92947
 56987   38916  -93024   39482  -93052   40004  -93035   40454  -92978
 56989   40812  -92890   41060  -92784   41191  -92670   41204  -92563
 56991   41107  -92474   40915  -92415   40648  -92393   40333  -92416
 56993   39996  -92486   39668  -92605   39376  -92768   39146  -92970
 56995   38998  -93204   38946  -93459   39001  -93724   39162  -93989
 56997   39427  -94242   39783  -94474   40215  -94677   40704  -94844
 56999   41230  -94972   41769  -95058   42302  -95104   42807  -95112
 57001   43267  -95085   43669  -95029   44002  -94949   44259  -94853
 57003   44436  -94747   44532  -94638   44549  -94532   44494  -94435
 57005   44374  -94353   44198  -94292   43978  -94254   43727  -94244
 57007   43461  -94264   43194  -94316   42944  -94399   42728  -94514
 57009   42563  -94657   42465  -94825   42450  -95013   42531  -95214
 57011   42718  -95419   43015  -95621   43422  -95807   43933  -95969
 57013   44533  -96095   45202  -96177   45913  -96210   46634  -96189
 57015   47332  -96115   47973  -95993   48526  -95829   48969  -95636
 57017   49286  -95425   49469  -95213   49524  -95013   49463  -94838
 57019   49306  -94699   49080  -94603   48814  -94555   48539  -94555
 57021   48283  -94602   48073  -94690   47930  -94811   47871  -94957
 57023   47905  -95118   48038  -95283   48267  -95442   48585  -95585
 57025   48982  -95705   49441  -95794   49945  -95847   50473  -95862
 57027   51006  -95837   51523  -95773   52007  -95673   52441  -95540
 57029   52812  -95379   53109  -95197   53325  -95000   53457  -94795
 57031   53506  -94589   53473  -94388   53366  -94198   53192  -94026
 57033   52962  -93875   52688  -93750   52385  -93652   52067  -93586
 57035   51750  -93550   51450  -93545   51182  -93569   50963  -93620
 57037   50808  -93695   50731  -93787   50742  -93890   50850  -93998
 57039   51061  -94101   51375  -94190   51786  -94255   52282  -94287
 57041   52845  -94278   53450  -94219   54067  -94109   54661  -93945
 57043   55198  -93731   55645  -93476   55974  -93191   56167  -92889
 57045   56216  -92588   56126  -92303   55911  -92049   55596  -91837
 57047   55212  -91676   54793  -91568   54374  -91514   53984  -91508
 57049   53651  -91544   53394  -91611   53226  -91699   53152  -91796
 57051   53172  -91893   53282  -91980   53469  -92047   53720  -92087
 57053   54019  -92096   54347  -92070   54685  -92007   55016  -91908
 57055   55321  -91772   55583  -91605   55790  -91409   55929  -91190
 57057   55993  -90954   55974  -90707   55871  -90457   55685  -90209
 57059   55420  -89970   55081  -89746   54680  -89542   54225  -89362
 57061   53731  -89211   53213  -89090   52684  -89001   52161  -88944
 57063   51659  -88918   51193  -88920   50779  -88948   50428  -88998
 57065   50152  -89063   49961  -89138   49860  -89216   49852  -89288
 57067   49937  -89347   50109  -89383   50356  -89389   50663  -89357
 57069   51007  -89281   51363  -89158   51699  -88987   51985  -88769
 57071   52188  -88513   52282  -88227   52245  -87926   52068  -87625
 57073   51752  -87342   51310  -87091   50766  -86887   50153  -86738
 57075   49508  -86648   48868  -86616   48269  -86638   47738  -86704
 57077   47295  -86803   46952  -86922   46712  -87049   46571  -87171
 57079   46519  -87279   46541  -87363   46619  -87419   46734  -87440
 57081   46868  -87426   46999  -87376   47112  -87292   47189  -87175
 57083   47217  -87029   47183  -86860   47079  -86673   46898  -86474
 57085   46636  -86269   46294  -86065   45874  -85868   45380  -85684
 57087   44820  -85519   44204  -85376   43544  -85262   42854  -85177
 57089   42148  -85125   41441  -85106   40750  -85120   40090  -85164
 57091   39475  -85237   38919  -85334   38432  -85450   38025  -85579
 57093   37704  -85715   37471  -85850   37328  -85977   37269  -86088
 57095   37287  -86176   37370  -86234   37501  -86255   37660  -86237
 57097   37824  -86175   37966  -86071   38058  -85928   38076  -85750
 57099   37995  -85548   37797  -85333   37474  -85120   37024  -84923
 57101   36459  -84759   35799  -84639   35076  -84574   34325  -84570
 57103   33584  -84626   32891  -84738   32276  -84897   31761  -85091
 57105   31359  -85306   31073  -85527   30896  -85742   30815  -85939
 57107   30813  -86109   30868  -86246   30956  -86346   31057  -86408
 57109   31149  -86432   31213  -86420   31233  -86378   31197  -86309
 57111   31095  -86219   30919  -86115   30666  -86002   30334  -85886
 57113   29925  -85775   29443  -85675   28895  -85590   28289  -85526
 57115   27636  -85488   26948  -85479   26241  -85500   25529  -85555
 57117   24828  -85643   24154  -85763   23522  -85914   22946  -86090
 57119   22439  -86288   22011  -86502   21670  -86726   21420  -86951
 57121   21261  -87171   21191  -87377   21201  -87563   21281  -87722
 57123   21415  -87847   21585  -87935   21770  -87983   21947  -87990
 57125   22091  -87958   22181  -87891   22193  -87796   22111  -87682
 57127   21921  -87560   21619  -87443   21206  -87344   20693  -87276
 57129   20102  -87251   19459  -87277   18797  -87360   18152  -87501
 57131   17559  -87695   17049  -87934   16644  -88208   16359  -88502
 57133   16198  -88802   16156  -89095   16219  -89367   16366  -89609
 57135   16575  -89814   16820  -89979   17075  -90101   17317  -90182
 57137   17527  -90226   17686  -90237   17782  -90221   17806  -90184
 57139   17752  -90134   17617  -90076   17402  -90019   17111  -89968
 57141   16750  -89929   16326  -89907   15850  -89907   15335  -89934
 57143   14792  -89990   14238  -90077   13687  -90196   13156  -90347
 57145   12660  -90529   12215  -90738   11835  -90972   11532  -91224
 57147   11316  -91488   11194  -91757   11167  -92024   11236  -92280
 57149   11393  -92517   11628  -92727   11926  -92904   12270  -93044
 57151   12636  -93141   13003  -93197   13346  -93210   13641  -93187
 57153   13867  -93131   14006  -93052   14045  -92959   13977  -92864
 57155   13802  -92779   13528  -92716   13168  -92686   12743  -92697
 57157   12282  -92757   11815  -92869   11373  -93032   10988  -93243
 57159   10687  -93494   10490  -93775   10413  -94073   10457  -94374
 57161   10620  -94665   10888  -94935   11243  -95173   11660  -95372
 57163   12114  -95528   12578  -95638   13027  -95706   13439  -95733
 57165   13797  -95726   14085  -95690   14296  -95634   14422  -95563
 57167   14462  -95486   14419  -95410   14297  -95341   14104  -95285
 57169   13850  -95248   13545  -95233   13203  -95245   12839  -95286
 57171   12466  -95358   12101  -95460   11760  -95593   11458  -95754
 57173   11211  -95942   11033  -96150   10935  -96375   10927  -96609
 57175   11015  -96845   11202  -97075   11484  -97289   11856  -97481
 57177   12303  -97641   12810  -97763   13353  -97842   13910  -97876
 57179   14452  -97864   14955  -97809   15393  -97716   15744  -97594
 57181   15994  -97452   16133  -97302   16158  -97155   16076  -97025
 57183   15897  -96922   15643  -96856   15338  -96833   15008  -96859
 57185   14685  -96933   14398  -97054   14174  -97216   14035  -97411
 57187   13998  -97628   14073  -97857   14261  -98085   14558  -98300
 57189   14951  -98491   15422  -98649   15949  -98768   16507  -98844
 57191   17071  -98875   17617  -98863   18122  -98811   18568  -98724
 57193   18942  -98609   19232  -98473   19434  -98324   19547  -98169
 57195   19572  -98016   19515  -97871   19385  -97742   19193  -97632
 57197   18950  -97545   18671  -97486   18371  -97456   18064  -97456
 57199   17767  -97487   17494  -97547   17262  -97634   17085  -97744
 57201   16975  -97875   16945  -98020   17003  -98172   17155  -98324
 57203   17404  -98468   17746  -98596   18175  -98699   18678  -98768
 57205   19237  -98797   19829  -98781   20427  -98718   21003  -98606
 57207   21528  -98451   21975  -98257   22321  -98035   22552  -97796
 57209   22659  -97554   22643  -97322   22515  -97113   22291  -96938
 57211   21998  -96806   21662  -96721   21314  -96687   20986  -96700
 57213   20705  -96758   20495  -96852   20373  -96973   20352  -97109
 57215   20436  -97251   20623  -97386   20905  -97504   21268  -97596
 57217   21695  -97654   22163  -97673   22651  -97651   23135  -97587
 57219   23593  -97482   24005  -97340   24355  -97166   24629  -96967
 57221   24818  -96749   24917  -96521   24925  -96289   24845  -96062
 57223   24683  -95845   24448  -95645   24151  -95467   23806  -95314
 57225   23426  -95190   23027  -95096   22623  -95033   22232  -94999
 57227   21866  -94995   21542  -95017   21272  -95061   21068  -95124
 57229   20940  -95199   20896  -95281   20941  -95362   21077  -95434
 57231   21302  -95490   21607  -95521   21982  -95520   22410  -95480
 57233   22868  -95396   23331  -95265   23770  -95087   24155  -94865
 57235   24459  -94605   24656  -94319   24730  -94017   24673  -93716
 57237   24487  -93429   24183  -93170   23783  -92952   23316  -92784
 57239   22815  -92669   22314  -92608   21844  -92598   21435  -92632
 57241   21107  -92699   20875  -92789   20746  -92890   20720  -92990
 57243   20789  -93078   20942  -93144   21162  -93181   21429  -93184
 57245   21722  -93148   22020  -93072   22301  -92958   22547  -92807
 57247   22739  -92624   22865  -92414   22912  -92184   22875  -91940
 57249   22748  -91689   22534  -91439   22234  -91197   21857  -90969
 57251   21411  -90760   20909  -90576   20362  -90420   19787  -90293
 57253   19198  -90199   18611  -90135   18040  -90103   17500  -90099
 57255   17005  -90120   16567  -90163   16195  -90222   15898  -90292
 57257   15682  -90367   15550  -90440   15503  -90504   15536  -90552
 57259   15644  -90575   15813  -90569   16029  -90526   16272  -90442
 57261   16519  -90315   16742  -90145   16915  -89933   17010  -89687
 57263   17004  -89415   16879  -89130   16626  -88846   16243  -88579
 57265   15744  -88343   15150  -88151   14492  -88014   13805  -87935
 57267   13128  -87915   12494  -87949   11934  -88029   11471  -88143
 57269   11115  -88278   10871  -88420   10734  -88556   10691  -88676
 57271   10727  -88769   10820  -88829   10948  -88852   11089  -88837
 57273   11221  -88782   11324  -88692   11381  -88568   11377  -88417
 57275   11301  -88244   11145  -88055   10905  -87858   10580  -87660
 57277   10171  -87467    9683  -87286    9126  -87122    8508  -86981
 57279    7842  -86867    7142  -86782    6423  -86729    5699  -86709
 57281    4986  -86720    4298  -86762    3650  -86832    3054  -86926
 57283    2521  -87040    2059  -87168    1675  -87304    1372  -87443
 57285    1151  -87576    1011  -87698     944  -87803     944  -87883
 57287     997  -87933    1088  -87949    1199  -87926    1309  -87865
 57289    1394  -87764    1430  -87628    1395  -87460    1267  -87271
 57291    1031  -87071     678  -86873     208  -86692    -371  -86542
 57293   -1037  -86436   -1763  -86384   -2512  -86392   -3245  -86461
 57295   -3926  -86588   -4522  -86762   -5008  -86972   -5372  -87203
 57297   -5610  -87439   -5731  -87666   -5750  -87872   -5688  -88047
 57299   -5571  -88184   -5424  -88280   -5274  -88335   -5142  -88349
 57301   -5050  -88327   -5014  -88274   -5047  -88196   -5157  -88099
 57303   -5350  -87991   -5627  -87878   -5987  -87769   -6426  -87668
 57305   -6936  -87583   -7508  -87517   -8131  -87477   -8791  -87465
 57307   -9475  -87483  -10167  -87534  -10853  -87617  -11517  -87731
 57309  -12145  -87875  -12723  -88044  -13239  -88235  -13685  -88443
 57311  -14052  -88662  -14336  -88886  -14535  -89107  -14652  -89319
 57313  -14690  -89516  -14659  -89691  -14569  -89838  -14434  -89953
 57315  -14272  -90034  -14100  -90076  -13940  -90082  -13812  -90051
 57317  -13736  -89989  -13731  -89902  -13814  -89796  -13996  -89684
 57319  -14283  -89576  -14673  -89485  -15157  -89424  -15716  -89404
 57321  -16323  -89435  -16947  -89523  -17550  -89669  -18097  -89871
 57323  -18554  -90120  -18896  -90404  -19107  -90710  -19182  -91021
 57325  -19127  -91321  -18961  -91597  -18705  -91839  -18388  -92038
 57327  -18042  -92192  -17694  -92298  -17371  -92361  -17095  -92385
 57329  -16884  -92377  -16750  -92342  -16701  -92291  -16741  -92229
 57331  -16868  -92165  -17079  -92107  -17367  -92060  -17723  -92030
 57333  -18135  -92022  -18591  -92040  -19077  -92087  -19578  -92164
 57335  -20078  -92272  -20564  -92411  -21019  -92579  -21430  -92775
 57337  -21783  -92994  -22067  -93231  -22273  -93482  -22395  -93739
 57339  -22429  -93997  -22375  -94247  -22237  -94483  -22023  -94698
 57341  -21742  -94886  -21410  -95042  -21043  -95161  -20659  -95242
 57343  -20280  -95284  -19926  -95288  -19617  -95258  -19372  -95199
 57345  -19206  -95118  -19131  -95024  -19154  -94928  -19277  -94839
 57347  -19492  -94771  -19788  -94733  -20145  -94734  -20539  -94783
 57349  -20939  -94883  -21313  -95035  -21628  -95236  -21854  -95480
 57351  -21969  -95756  -21954  -96050  -21805  -96348  -21527  -96634
 57353  -21132  -96896  -20644  -97122  -20090  -97303  -19503  -97435
 57355  -18912  -97518  -18349  -97552  -17836  -97544  -17395  -97500
 57357  -17038  -97429  -16775  -97340  -16609  -97240  -16537  -97139
 57359  -16553  -97044  -16651  -96962  -16817  -96898  -17040  -96858
 57361  -17304  -96844  -17596  -96858  -17900  -96903  -18199  -96978
 57363  -18480  -97082  -18727  -97213  -18926  -97369  -19065  -97546
 57365  -19133  -97738  -19121  -97941  -19024  -98147  -18838  -98349
 57367  -18564  -98541  -18208  -98714  -17777  -98863  -17283  -98979
 57369  -16744  -99059  -16179  -99099  -15609  -99096  -15056  -99052
 57371  -14544  -98968  -14094  -98851  -13724  -98706  -13447  -98543
 57373  -13272  -98372  -13202  -98204  -13233  -98049  -13353  -97920
 57375  -13547  -97824  -13791  -97769  -14060  -97760  -14325  -97800
 57377  -14555  -97886  -14724  -98015  -14805  -98179  -14780  -98367
 57379  -14637  -98569  -14371  -98770  -13987  -98958  -13498  -99121
 57381  -12924  -99248  -12289  -99332  -11624  -99367  -10957  -99353
 57383  -10318  -99291   -9731  -99186   -9218  -99045   -8794  -98876
 57385   -8469  -98687   -8245  -98489   -8123  -98290   -8095  -98098
 57387   -8153  -97920   -8283  -97762   -8473  -97628   -8707  -97523
 57389   -8968  -97447   -9241  -97402   -9510  -97387   -9759  -97401
 57391   -9975  -97442  -10144  -97506  -10254  -97588  -10295  -97685
 57393  -10260  -97790  -10143  -97897   -9941  -97999   -9656  -98090
 57395   -9292  -98160   -8857  -98205   -8364  -98216   -7829  -98190
 57397   -7274  -98121   -6720  -98009   -6193  -97854   -5717  -97659
 57399   -5315  -97431   -5006  -97176   -4804  -96907   -4717  -96634
 57401   -4745  -96369   -4879  -96126   -5104  -95914   -5399  -95742
 57403   -5736  -95617   -6087  -95540   -6422  -95512   -6712  -95529
 57405   -6932  -95584   -7062  -95668   -7089  -95770   -7006  -95878
 57407   -6814  -95981   -6520  -96067   -6138  -96126   -5689  -96150
 57409   -5196  -96132   -4684  -96069   -4179  -95961   -3708  -95810
 57411   -3293  -95619   -2952  -95396   -2700  -95147   -2546  -94883
 57413   -2494  -94610   -2543  -94339   -2688  -94078   -2918  -93833
 57415   -3221  -93610   -3584  -93414   -3989  -93247   -4421  -93113
 57417   -4864  -93011   -5300  -92940   -5716  -92899   -6097  -92884
 57419   -6431  -92893   -6707  -92920   -6916  -92961   -7052  -93009
 57421   -7111  -93059   -7090  -93103   -6991  -93136   -6819  -93151
 57423   -6582  -93140   -6292  -93098   -5963  -93020   -5616  -92903
 57425   -5272  -92743   -4955  -92542   -4691  -92303   -4502  -92031
 57427   -4410  -91735   -4429  -91425   -4569  -91115   -4829  -90818
 57429   -5200  -90548   -5663  -90316   -6193  -90131   -6758  -89998
 57431   -7326  -89921   -7864  -89895   -8343  -89916   -8738  -89973
 57433   -9033  -90056   -9220  -90152   -9297  -90249   -9271  -90334
 57435   -9156  -90398   -8968  -90432   -8730  -90428   -8466  -90385
 57437   -8199  -90299   -7954  -90172   -7751  -90008   -7610  -89810
 57439   -7547  -89586   -7571  -89343   -7690  -89089   -7906  -88832
 57441   -8216  -88581   -8615  -88342   -9093  -88123   -9637  -87928
 57443  -10234  -87763  -10867  -87629  -11520  -87529  -12177  -87462
 57445  -12821  -87428  -13439  -87424  -14017  -87446  -14542  -87492
 57447  -15007  -87555  -15403  -87630  -15725  -87712  -15970  -87795
 57449  -16140  -87872  -16236  -87936  -16264  -87982  -16232  -88005
 57451  -16152  -87998  -16039  -87957  -15909  -87880  -15783  -87764
 57453  -15683  -87611  -15631  -87423  -15648  -87204  -15756  -86964
 57455  -15969  -86712  -16297  -86460  -16741  -86223  -17293  -86013
 57457  -17934  -85845  -18638  -85728  -19372  -85668  -20100  -85667
 57459  -20784  -85723  -21394  -85828  -21903  -85971  -22296  -86139
 57461  -22567  -86316  -22719  -86489  -22765  -86645  -22723  -86774
 57463  -22618  -86867  -22474  -86919  -22317  -86929  -22173  -86898
 57465  -22065  -86827  -22011  -86722  -22027  -86589  -22125  -86436
 57467  -22312  -86268  -22591  -86096  -22961  -85926  -23417  -85765
 57469  -23953  -85621  -24556  -85499  -25215  -85404  -25914  -85339
 57471  -26639  -85307  -27373  -85308  -28101  -85343  -28806  -85410
 57473  -29475  -85506  -30095  -85627  -30655  -85769  -31148  -85927
 57475  -31566  -86094  -31907  -86265  -32171  -86434  -32358  -86595
 57477  -32474  -86740  -32525  -86866  -32523  -86966  -32479  -87036
 57479  -32407  -87073  -32326  -87076  -32252  -87043  -32206  -86975
 57481  -32206  -86876  -32272  -86750  -32421  -86605  -32666  -86450
 57483  -33014  -86297  -33467  -86158  -34017  -86046  -34649  -85974
 57485  -35337  -85951  -36049  -85986  -36749  -86080  -37399  -86233
 57487  -37964  -86436  -38415  -86679  -38735  -86946  -38918  -87222
 57489  -38967  -87490  -38900  -87737  -38739  -87950  -38513  -88121
 57491  -38253  -88246  -37990  -88324  -37751  -88356  -37560  -88349
 57493  -37435  -88308  -37392  -88240  -37439  -88155  -37579  -88060
 57495  -37812  -87964  -38135  -87874  -38539  -87798  -39014  -87740
 57497  -39548  -87707  -40128  -87702  -40738  -87728  -41361  -87786
 57499  -41984  -87877  -42589  -88000  -43162  -88152  -43690  -88330
 57501  -44161  -88532  -44565  -88750  -44895  -88981  -45145  -89218
