Nutation ephemeris from nutIAU200 for Oct 1994 - Mar 1996 IAU2000               
(1x,i5,8i8,8x,i2)                  2449638 2450197  4 -1          1.E-04
 49638  118716  -59790  118756  -59707  118686  -59608  118501  -59505
 49640  118206  -59408  117808  -59326  117319  -59267  116756  -59238
 49642  116137  -59244  115480  -59287  114806  -59369  114134  -59490
 49644  113484  -59647  112872  -59838  112312  -60057  111818  -60299
 49646  111399  -60559  111060  -60828  110805  -61101  110633  -61370
 49648  110541  -61628  110522  -61870  110568  -62091  110669  -62285
 49650  110811  -62450  110980  -62582  111161  -62680  111338  -62745
 49652  111496  -62777  111617  -62779  111689  -62755  111695  -62710
 49654  111626  -62652  111472  -62587  111227  -62525  110892  -62477
 49656  110471  -62453  109976  -62463  109425  -62517  108843  -62623
 49658  108261  -62786  107714  -63007  107238  -63284  106868  -63610
 49660  106633  -63971  106553  -64351  106635  -64734  106873  -65100
 49662  107248  -65432  107730  -65717  108281  -65944  108858  -66110
 49664  109423  -66216  109936  -66265  110369  -66268  110698  -66235
 49666  110911  -66178  111002  -66110  110972  -66041  110830  -65983
 49668  110588  -65944  110262  -65933  109870  -65953  109433  -66009
 49670  108971  -66102  108504  -66232  108050  -66398  107627  -66597
 49672  107252  -66825  106935  -67077  106690  -67348  106522  -67630
 49674  106437  -67918  106437  -68204  106518  -68481  106678  -68744
 49676  106909  -68987  107199  -69203  107538  -69390  107911  -69543
 49678  108302  -69662  108697  -69746  109077  -69795  109428  -69811
 49680  109734  -69799  109981  -69762  110158  -69707  110257  -69641
 49682  110271  -69573  110198  -69510  110041  -69461  109808  -69438
 49684  109510  -69447  109167  -69498  108802  -69596  108443  -69745
 49686  108120  -69947  107869  -70199  107719  -70494  107699  -70822
 49688  107830  -71169  108121  -71517  108570  -71849  109161  -72147
 49690  109866  -72397  110648  -72587  111463  -72712  112265  -72772
 49692  113013  -72771  113672  -72719  114217  -72628  114631  -72512
 49694  114909  -72385  115055  -72259  115080  -72148  114999  -72060
 49696  114833  -72001  114603  -71978  114331  -71992  114041  -72043
 49698  113751  -72131  113482  -72254  113250  -72406  113069  -72584
 49700  112950  -72782  112904  -72994  112935  -73213  113047  -73433
 49702  113239  -73647  113510  -73848  113853  -74031  114260  -74190
 49704  114720  -74319  115220  -74416  115745  -74478  116278  -74503
 49706  116803  -74491  117302  -74444  117760  -74364  118160  -74257
 49708  118490  -74127  118740  -73983  118903  -73830  118975  -73680
 49710  118959  -73539  118860  -73416  118689  -73322  118461  -73261
 49712  118195  -73242  117917  -73268  117651  -73341  117427  -73461
 49714  117274  -73624  117217  -73823  117280  -74049  117480  -74289
 49716  117826  -74528  118316  -74751  118936  -74941  119664  -75086
 49718  120467  -75174  121304  -75200  122134  -75161  122913  -75062
 49720  123606  -74910  124182  -74717  124624  -74498  124922  -74267
 49722  125079  -74039  125105  -73826  125018  -73638  124840  -73484
 49724  124594  -73368  124306  -73293  123999  -73258  123695  -73261
 49726  123415  -73298  123175  -73366  122988  -73458  122865  -73567
 49728  122813  -73689  122836  -73814  122937  -73938  123113  -74054
 49730  123361  -74155  123674  -74235  124043  -74290  124456  -74314
 49732  124901  -74306  125362  -74262  125823  -74181  126266  -74064
 49734  126674  -73913  127030  -73731  127319  -73523  127528  -73296
 49736  127647  -73057  127671  -72815  127598  -72580  127433  -72361
 49738  127184  -72166  126865  -72004  126496  -71881  126098  -71802
 49740  125698  -71770  125321  -71784  124995  -71842  124745  -71938
 49742  124592  -72064  124555  -72210  124644  -72363  124863  -72511
 49744  125205  -72638  125656  -72734  126196  -72786  126794  -72786
 49746  127416  -72729  128025  -72614  128584  -72445  129061  -72228
 49748  129427  -71975  129665  -71697  129765  -71409  129726  -71125
 49750  129557  -70858  129274  -70617  128899  -70412  128456  -70248
 49752  127971  -70128  127468  -70051  126971  -70014  126500  -70014
 49754  126072  -70046  125701  -70102  125396  -70177  125164  -70263
 49756  125007  -70352  124925  -70438  124917  -70516  124975  -70577
 49758  125093  -70618  125261  -70634  125467  -70620  125698  -70574
 49760  125939  -70495  126175  -70381  126387  -70232  126561  -70053
 49762  126679  -69845  126727  -69614  126691  -69368  126563  -69113
 49764  126338  -68860  126014  -68618  125597  -68397  125098  -68206
 49766  124534  -68054  123927  -67947  123302  -67889  122687  -67881
 49768  122110  -67921  121599  -68005  121178  -68124  120864  -68268
 49770  120670  -68426  120600  -68584  120651  -68730  120810  -68850
 49772  121060  -68935  121375  -68975  121727  -68966  122083  -68905
 49774  122412  -68792  122683  -68634  122869  -68436  122949  -68210
 49776  122909  -67966  122742  -67717  122449  -67476  122038  -67253
 49778  121526  -67060  120930  -66903  120274  -66787  119583  -66716
 49780  118882  -66688  118192  -66703  117534  -66755  116926  -66839
 49782  116379  -66948  115904  -67075  115506  -67213  115186  -67354
 49784  114944  -67492  114775  -67619  114671  -67730  114626  -67819
 49786  114626  -67884  114661  -67919  114718  -67924  114780  -67896
 49788  114834  -67837  114864  -67746  114855  -67626  114791  -67482
 49790  114659  -67317  114447  -67140  114147  -66957  113754  -66778
 49792  113268  -66613  112694  -66472  112044  -66364  111335  -66297
 49794  110592  -66280  109841  -66315  109113  -66403  108439  -66542
 49796  107848  -66726  107364  -66943  107003  -67183  106775  -67430
 49798  106678  -67671  106703  -67892  106831  -68081  107036  -68227
 49800  107290  -68325  107560  -68372  107814  -68368  108021  -68317
 49802  108156  -68225  108198  -68103  108131  -67959  107948  -67806
 49804  107647  -67655  107234  -67516  106719  -67400  106118  -67314
 49806  105451  -67266  104739  -67258  104005  -67293  103272  -67370
 49808  102560  -67486  101889  -67639  101275  -67821  100730  -68026
 49810  100261  -68247   99874  -68476   99569  -68706   99344  -68931
 49812   99193  -69143   99108  -69336   99079  -69507   99095  -69651
 49814   99142  -69765   99206  -69849   99273  -69900   99328  -69921
 49816   99357  -69911   99346  -69875   99281  -69817   99150  -69741
 49818   98945  -69654   98658  -69564   98285  -69479   97828  -69408
 49820   97291  -69361   96687  -69347   96033  -69375   95351  -69452
 49822   94669  -69580   94019  -69763   93433  -69997   92942  -70275
 49824   92572  -70588   92340  -70920   92256  -71258   92315  -71583
 49826   92505  -71882   92799  -72141   93168  -72350   93575  -72504
 49828   93982  -72601   94355  -72646   94663  -72643   94880  -72603
 49830   94991  -72536   94984  -72454   94857  -72368   94616  -72291
 49832   94270  -72232   93833  -72199   93325  -72199   92766  -72236
 49834   92177  -72313   91580  -72430   90997  -72586   90446  -72778
 49836   89944  -73000   89506  -73248   89140  -73514   88855  -73792
 49838   88653  -74074   88534  -74353   88495  -74623   88528  -74876
 49840   88626  -75109   88776  -75315   88966  -75492   89183  -75638
 49842   89411  -75751   89635  -75831   89842  -75880   90017  -75900
 49844   90147  -75895   90220  -75869   90227  -75827   90161  -75776
 49846   90015  -75724   89790  -75678   89488  -75647   89114  -75639
 49848   88681  -75663   88206  -75726   87710  -75835   87219  -75993
 49850   86764  -76202   86376  -76459   86085  -76759   85919  -77092
 49852   85897  -77445   86030  -77801   86317  -78143   86742  -78455
 49854   87280  -78722   87895  -78934   88547  -79084   89192  -79172
 49856   89791  -79202   90308  -79182   90719  -79124   91005  -79040
 49858   91161  -78945   91187  -78851   91094  -78770   90896  -78711
 49860   90613  -78684   90265  -78692   89876  -78738   89469  -78824
 49862   89066  -78949   88685  -79109   88345  -79300   88061  -79518
 49864   87843  -79756   87701  -80007   87638  -80264   87658  -80521
 49866   87757  -80771   87932  -81007   88174  -81223   88475  -81414
 49868   88821  -81577   89200  -81708   89597  -81805   89997  -81869
 49870   90385  -81899   90745  -81898   91066  -81868   91333  -81814
 49872   91537  -81741   91669  -81654   91725  -81562   91701  -81470
 49874   91598  -81387   91422  -81321   91180  -81278   90886  -81267
 49876   90557  -81294   90214  -81363   89881  -81477   89586  -81638
 49878   89357  -81842   89222  -82085   89207  -82357   89331  -82647
 49880   89606  -82939   90030  -83217   90595  -83465   91275  -83668
 49882   92036  -83814   92837  -83897   93633  -83914   94380  -83870
 49884   95039  -83772   95579  -83634   95984  -83470   96244  -83296
 49886   96364  -83125   96354  -82972   96234  -82845   96027  -82754
 49888   95758  -82702   95453  -82691   95135  -82720   94828  -82788
 49890   94551  -82890   94320  -83021   94149  -83175   94046  -83345
 49892   94019  -83524   94070  -83705   94198  -83882   94401  -84047
 49894   94672  -84195   95004  -84320   95385  -84419   95803  -84487
 49896   96244  -84522   96694  -84522   97137  -84488   97557  -84422
 49898   97941  -84324   98274  -84200   98545  -84053   98745  -83890
 49900   98865  -83717   98904  -83541   98860  -83370   98737  -83212
 49902   98541  -83074   98285  -82962   97982  -82884   97652  -82843
 49904   97314  -82844   96994  -82888   96716  -82974   96505  -83098
 49906   96386  -83256   96380  -83437   96502  -83632   96762  -83826
 49908   97159  -84006   97684  -84156   98316  -84263   99024  -84317
 49910   99771  -84310  100514  -84239  101211  -84108  101822  -83925
 49912  102316  -83700  102671  -83450  102877  -83189  102935  -82933
 49914  102858  -82696  102666  -82490  102382  -82322  102036  -82198
 49916  101655  -82118  101265  -82082  100890  -82086  100550  -82124
 49918  100262  -82191  100036  -82279   99881  -82382   99802  -82491
 49920   99799  -82599   99870  -82700  100010  -82787  100212  -82855
 49922  100466  -82899  100762  -82915  101085  -82900  101423  -82851
 49924  101761  -82770  102083  -82655  102374  -82508  102620  -82333
 49926  102808  -82134  102927  -81915  102967  -81683  102924  -81445
 49928  102793  -81209  102578  -80983  102284  -80775  101919  -80591
 49930  101499  -80439  101039  -80323  100559  -80248  100084  -80215
 49932   99635  -80224   99237  -80273   98913  -80356   98682  -80467
 49934   98561  -80596   98561  -80733   98685  -80864   98931  -80978
 49936   99285  -81061   99728  -81103  100232  -81095  100764  -81032
 49938  101287  -80911  101762  -80736  102155  -80513  102437  -80254
 49940  102587  -79971  102594  -79680  102459  -79395  102191  -79131
 49942  101809  -78899  101338  -78707  100805  -78562  100239  -78463
 49944   99668  -78411   99117  -78401   98605  -78428   98150  -78484
 49946   97763  -78561   97451  -78652   97216  -78748   97058  -78843
 49948   96973  -78928   96954  -78998   96993  -79048   97079  -79073
 49950   97199  -79070   97341  -79037   97491  -78971   97634  -78874
 49952   97756  -78745   97842  -78587   97878  -78404   97853  -78199
 49954   97755  -77978   97577  -77748   97314  -77516   96963  -77291
 49956   96529  -77079   96018  -76890   95441  -76730   94814  -76607
 49958   94157  -76525   93493  -76486   92844  -76492   92236  -76541
 49960   91692  -76629   91234  -76748   90878  -76890   90635  -77045
 49962   90511  -77200   90504  -77344   90605  -77465   90797  -77553
 49964   91057  -77598   91358  -77595   91669  -77541   91956  -77437
 49966   92188  -77285   92336  -77094   92378  -76874   92296  -76636
 49968   92084  -76395   91742  -76164   91280  -75956   90717  -75780
 49970   90073  -75645   89377  -75557   88654  -75516   87933  -75522
 49972   87237  -75571   86588  -75656   86002  -75772   85489  -75909
 49974   85056  -76059   84705  -76214   84435  -76366   84239  -76508
 49976   84109  -76633   84036  -76737   84007  -76816   84010  -76866
 49978   84030  -76886   84055  -76875   84068  -76833   84058  -76762
 49980   84009  -76665   83910  -76544   83750  -76405   83519  -76253
 49982   83210  -76094   82819  -75937   82345  -75788   81792  -75657
 49984   81167  -75551   80484  -75478   79759  -75444   79014  -75454
 49986   78272  -75511   77559  -75615   76903  -75763   76326  -75949
 49988   75851  -76164   75491  -76399   75256  -76641   75145  -76876
 49990   75150  -77094   75256  -77281   75441  -77429   75677  -77531
 49992   75934  -77583   76179  -77586   76384  -77542   76519  -77457
 49994   76562  -77341   76497  -77203   76314  -77056   76011  -76912
 49996   75593  -76783   75072  -76679   74466  -76609   73796  -76580
 49998   73088  -76596   72366  -76657   71657  -76763   70981  -76909
 50000   70359  -77090   69806  -77298   69333  -77527   68944  -77766
 50002   68642  -78009   68424  -78246   68282  -78471   68209  -78678
 50004   68192  -78862   68218  -79019   68275  -79145   68346  -79241
 50006   68418  -79306   68477  -79341   68509  -79347   68501  -79328
 50008   68443  -79288   68325  -79231   68139  -79163   67879  -79090
 50010   67542  -79020   67130  -78960   66645  -78918   66097  -78902
 50012   65497  -78919   64864  -78975   64218  -79075   63584  -79223
 50014   62989  -79417   62461  -79655   62025  -79932   61704  -80237
 50016   61514  -80558   61461  -80883   61544  -81196   61750  -81483
 50018   62057  -81733   62439  -81936   62860  -82087   63286  -82183
 50020   63681  -82227   64016  -82225   64263  -82185   64405  -82118
 50022   64430  -82037   64335  -81953   64124  -81879   63807  -81824
 50024   63401  -81798   62926  -81808   62404  -81859   61859  -81951
 50026   61314  -82086   60793  -82262   60315  -82472   59898  -82713
 50028   59554  -82977   59293  -83256   59118  -83542   59031  -83828
 50030   59027  -84104   59100  -84366   59240  -84606   59434  -84820
 50032   59669  -85005   59930  -85157   60202  -85278   60471  -85365
 50034   60721  -85422   60940  -85450   61116  -85454   61238  -85436
 50036   61298  -85404   61290  -85361   61211  -85315   61058  -85272
 50038   60834  -85240   60545  -85225   60198  -85235   59806  -85276
 50040   59387  -85354   58960  -85473   58548  -85637   58179  -85844
 50042   57879  -86094   57675  -86380   57589  -86694   57640  -87023
 50044   57836  -87353   58176  -87670   58649  -87957   59232  -88202
 50046   59891  -88394   60588  -88526   61283  -88597   61933  -88611
 50048   62506  -88575   62972  -88501   63315  -88402   63525  -88292
 50050   63606  -88184   63565  -88091   63419  -88023   63189  -87988
 50052   62899  -87992   62573  -88036   62236  -88122   61910  -88247
 50054   61618  -88408   61375  -88600   61197  -88816   61094  -89049
 50056   61073  -89291   61135  -89536   61280  -89775   61504  -90001
 50058   61798  -90208   62153  -90391   62555  -90546   62991  -90668
 50060   63446  -90757   63904  -90812   64350  -90833   64771  -90823
 50062   65152  -90785   65482  -90722   65753  -90639   65955  -90542
 50064   66086  -90437   66142  -90330   66124  -90228   66036  -90138
 50066   65885  -90066   65680  -90018   65435  -90000   65167  -90017
 50068   64894  -90073   64638  -90168   64423  -90303   64274  -90476
 50070   64214  -90681   64267  -90912   64449  -91156   64770  -91402
 50072   65233  -91634   65829  -91838   66538  -92000   67330  -92108
 50074   68165  -92154   69000  -92136   69790  -92056   70496  -91923
 50076   71084  -91748   71535  -91546   71837  -91334   71994  -91127
 50078   72018  -90939   71929  -90782   71753  -90662   71517  -90585
 50080   71250  -90553   70978  -90563   70725  -90612   70510  -90696
 50082   70351  -90807   70259  -90938   70241  -91082   70301  -91231
 50084   70441  -91377   70655  -91513   70939  -91634   71284  -91733
 50086   71679  -91806   72110  -91848   72565  -91859   73029  -91835
 50088   73485  -91778   73921  -91688   74321  -91568   74673  -91421
 50090   74965  -91251   75190  -91064   75340  -90866   75412  -90662
 50092   75404  -90461   75321  -90267   75166  -90089   74949  -89932
 50094   74681  -89802   74378  -89703   74055  -89638   73732  -89611
 50096   73430  -89622   73170  -89669   72973  -89750   72861  -89859
 50098   72852  -89988   72959  -90128   73191  -90268   73550  -90395
 50100   74030  -90496   74612  -90559   75273  -90572   75978  -90527
 50102   76687  -90422   77359  -90257   77951  -90038   78431  -89777
 50104   78772  -89488   78961  -89188   78997  -88893   78892  -88619
 50106   78665  -88379   78345  -88182   77963  -88032   77549  -87931
 50108   77133  -87878   76741  -87866   76394  -87890   76106  -87942
 50110   75890  -88013   75750  -88095   75688  -88179   75702  -88258
 50112   75786  -88325   75931  -88374   76129  -88400   76367  -88399
 50114   76632  -88368   76910  -88306   77187  -88211   77449  -88085
 50116   77681  -87928   77870  -87744   78005  -87537   78075  -87310
 50118   78073  -87070   77991  -86822   77829  -86574   77586  -86332
 50120   77266  -86104   76876  -85895   76428  -85712   75933  -85559
 50122   75410  -85442   74875  -85362   74350  -85320   73853  -85316
 50124   73407  -85347   73029  -85408   72737  -85494   72545  -85595
 50126   72463  -85703   72494  -85807   72636  -85896   72880  -85958
 50128   73210  -85984   73603  -85965   74028  -85895   74453  -85770
 50130   74840  -85594   75156  -85370   75368  -85108   75454  -84822
 50132   75398  -84525   75198  -84235   74862  -83966   74407  -83731
 50134   73860  -83540   73251  -83400   72612  -83312   71975  -83274
 50136   71367  -83283   70810  -83329   70320  -83405   69908  -83501
 50138   69579  -83608   69333  -83717   69164  -83819   69066  -83908
 50140   69028  -83977   69038  -84022   69084  -84040   69150  -84028
 50142   69224  -83985   69290  -83912   69335  -83808   69346  -83678
 50144   69311  -83523   69219  -83348   69061  -83157   68830  -82957
 50146   68521  -82753   68133  -82552   67667  -82362   67129  -82189
 50148   66527  -82040   65872  -81920   65179  -81836   64468  -81789
 50150   63756  -81783   63067  -81818   62420  -81890   61837  -81997
 50152   61335  -82132   60928  -82287   60628  -82453   60438  -82621
 50154   60357  -82778   60379  -82915   60488  -83022   60666  -83091
 50156   60888  -83115   61125  -83092   61346  -83020   61522  -82903
 50158   61623  -82747   61625  -82561   61511  -82357   61269  -82148
 50160   60899  -81948   60410  -81771   59817  -81628   59144  -81528
 50162   58419  -81477   57673  -81478   56934  -81529   56231  -81626
 50164   55586  -81761   55016  -81927   54531  -82113   54136  -82309
 50166   53831  -82507   53609  -82696   53462  -82870   53377  -83023
 50168   53342  -83150   53341  -83248   53359  -83316   53380  -83351
 50170   53391  -83357   53378  -83333   53328  -83284   53231  -83211
 50172   53076  -83121   52855  -83018   52564  -82907   52199  -82795
 50174   51759  -82689   51248  -82595   50670  -82521   50034  -82472
 50176   49355  -82454   48647  -82474   47929  -82533   47223  -82633
 50178   46552  -82775   45936  -82955   45399  -83169   44957  -83408
 50180   44625  -83665   44409  -83927   44312  -84184   44327  -84425
 50182   44442  -84638   44635  -84814   44884  -84946   45159  -85031
 50184   45430  -85067   45667  -85058   45842  -85007   45931  -84923
 50186   45916  -84817   45786  -84700   45537  -84584   45173  -84483
 50188   44706  -84407   44154  -84366   43539  -84368   42888  -84416
 50190   42228  -84511   41587  -84654   40989  -84838   40455  -85057
 50192   40000  -85304   39635  -85568   39364  -85840   39185  -86110
 50194   39094  -86371   39080  -86614   39130  -86833   39230  -87024
 50196   39364  -87184   39515  -87311   39667  -87405   39806  -87467
