Nutation ephemeris from nutIAU200 for Oct 2010 - Mar 2012 IAU2000               
(1x,i5,8i8,8x,i2)                  2455482 2456041  4 -1          1.E-04
 55482  160580   14953  160955   14799  161325   14698  161663   14649
 55484  161948   14643  162161   14676  162288   14739  162320   14822
 55486  162251   14918  162080   15017  161809   15111  161445   15191
 55488  160994   15252  160469   15285  159884   15285  159254   15248
 55490  158597   15170  157932   15049  157280   14886  156661   14681
 55492  156094   14437  155599   14158  155192   13852  154888   13526
 55494  154695   13188  154620   12849  154664   12519  154823   12207
 55496  155085   11925  155437   11681  155856   11481  156320   11332
 55498  156801   11236  157269   11193  157694   11200  158048   11250
 55500  158305   11335  158444   11442  158452   11558  158322   11667
 55502  158058   11753  157672   11802  157187   11798  156634   11732
 55504  156051   11596  155480   11390  154961   11117  154535   10785
 55506  154233   10407  154077   10000  154077    9582  154231    9172
 55508  154528    8785  154945    8437  155454    8137  156020    7893
 55510  156612    7707  157197    7578  157746    7502  158235    7472
 55512  158645    7482  158961    7521  159175    7580  159284    7649
 55514  159288    7720  159191    7783  159002    7831  158731    7856
 55516  158391    7853  157998    7817  157567    7743  157119    7629
 55518  156671    7474  156245    7278  155859    7043  155535    6772
 55520  155290    6470  155140    6144  155099    5803  155176    5454
 55522  155377    5109  155700    4779  156139    4475  156681    4206
 55524  157305    3982  157989    3809  158703    3692  159415    3632
 55526  160093    3627  160706    3671  161227    3755  161632    3868
 55528  161907    3996  162043    4123  162043    4236  161917    4319
 55530  161685    4358  161373    4344  161013    4269  160644    4131
 55532  160301    3929  160023    3670  159840    3362  159780    3018
 55534  159859    2653  160086    2283  160458    1924  160964    1592
 55536  161582    1299  162286    1056  163046     869  163827     740
 55538  164599     669  165331     652  165999     683  166582     753
 55540  167066     852  167442     972  167707    1100  167862    1229
 55542  167913    1348  167869    1451  167743    1529  167550    1578
 55544  167305    1592  167028    1570  166736    1508  166449    1407
 55546  166187    1267  165969    1091  165813     882  165738     646
 55548  165758     389  165887     119  166133    -154  166502    -421
 55550  166992    -670  167596    -890  168301   -1071  169086   -1203
 55552  169925   -1280  170786   -1296  171634   -1253  172432   -1152
 55554  173147   -1001  173749    -811  174214    -596  174531    -372
 55556  174696    -156  174716      36  174611     188  174406     290
 55558  174134     332  173832     312  173538     229  173287      89
 55560  173113    -102  173041    -332  173091    -587  173273    -854
 55562  173590   -1117  174036   -1362  174596   -1577  175250   -1750
 55564  175973   -1873  176737   -1943  177511   -1956  178266   -1914
 55566  178976   -1822  179616   -1684  180167   -1510  180615   -1309
 55568  180952   -1090  181175    -864  181285    -641  181288    -429
 55570  181196    -237  181021     -72  180778      62  180487     160
 55572  180164     220  179829     241  179502     222  179201     166
 55574  178945      75  178752     -45  178636    -191  178612    -355
 55576  178691    -530  178881    -707  179185    -875  179604   -1026
 55578  180130   -1147  180752   -1231  181451   -1267  182200   -1248
 55580  182969   -1169  183723   -1030  184425    -834  185036    -587
 55582  185525    -301  185867       7  186047     321  186062     622
 55584  185923     890  185652    1111  185282    1271  184853    1364
 55586  184406    1388  183984    1346  183622    1247  183352    1100
 55588  183196     920  183167     723  183268     524  183495     336
 55590  183836     174  184272      47  184781     -35  185338     -68
 55592  185914     -48  186483      24  187018     147  187497     314
 55594  187900     520  188209     757  188414    1015  188509    1285
 55596  188490    1557  188362    1822  188130    2072  187806    2299
 55598  187404    2495  186940    2658  186431    2782  185897    2866
 55600  185357    2909  184830    2913  184334    2880  183887    2813
 55602  183505    2717  183202    2599  182988    2464  182873    2321
 55604  182862    2178  182958    2045  183158    1929  183455    1841
 55606  183837    1790  184288    1782  184784    1825  185299    1922
 55608  185799    2076  186250    2283  186618    2537  186870    2828
 55610  186979    3141  186928    3458  186712    3760  186340    4027
 55612  185835    4241  185230    4389  184568    4462  183898    4458
 55614  183265    4383  182709    4246  182264    4060  181950    3844
 55616  181775    3614  181739    3389  181830    3182  182028    3008
 55618  182311    2876  182650    2792  183018    2759  183387    2779
 55620  183730    2848  184025    2963  184250    3117  184391    3304
 55622  184434    3513  184373    3738  184203    3967  183926    4193
 55624  183546    4407  183072    4601  182516    4767  181892    4901
 55626  181216    4997  180506    5054  179782    5069  179063    5044
 55628  178368    4978  177714    4876  177117    4742  176593    4582
 55630  176152    4401  175805    4208  175557    4010  175411    3815
 55632  175366    3633  175416    3470  175553    3337  175765    3239
 55634  176032    3183  176334    3174  176647    3215  176941    3305
 55636  177188    3443  177356    3622  177419    3832  177353    4061
 55638  177143    4292  176781    4508  176275    4689  175645    4819
 55640  174921    4882  174145    4870  173366    4778  172632    4611
 55642  171988    4378  171468    4094  171097    3778  170882    3449
 55644  170820    3128  170895    2832  171083    2574  171354    2363
 55646  171675    2207  172014    2107  172340    2060  172625    2064
 55648  172847    2112  172989    2196  173036    2307  172980    2436
 55650  172818    2575  172550    2712  172179    2841  171714    2953
 55652  171165    3041  170545    3099  169870    3122  169156    3107
 55654  168423    3052  167689    2955  166972    2819  166291    2645
 55656  165664    2436  165105    2199  164628    1938  164243    1662
 55658  163957    1377  163774    1093  163694     818  163712     560
 55660  163819     327  164005     126  164252     -36  164542    -155
 55662  164852    -228  165159    -253  165436    -234  165657    -173
 55664  165798     -78  165837      42  165756     175  165545     306
 55666  165201     419  164732     498  164155     528  163501     496
 55668  162807     392  162117     214  161477     -37  160931    -353
 55670  160515    -718  160255   -1117  160162   -1527  160233   -1929
 55672  160452   -2304  160794   -2637  161224   -2917  161706   -3137
 55674  162202   -3297  162677   -3399  163103   -3448  163454   -3452
 55676  163713   -3420  163868   -3362  163912   -3289  163846   -3211
 55678  163671   -3137  163396   -3076  163031   -3035  162589   -3021
 55680  162086   -3038  161537   -3091  160962   -3183  160378   -3314
 55682  159804   -3484  159259   -3692  158761   -3935  158326   -4209
 55684  157968   -4508  157700   -4825  157531   -5153  157467   -5484
 55686  157508   -5808  157652   -6118  157892   -6404  158217   -6659
 55688  158612   -6877  159056   -7051  159529   -7179  160005   -7259
 55690  160460   -7293  160869   -7283  161207   -7236  161453   -7161
 55692  161591   -7068  161610   -6969  161505   -6878  161279   -6810
 55694  160945   -6778  160523   -6795  160042   -6871  159537   -7012
 55696  159049   -7221  158617   -7494  158282   -7825  158076   -8200
 55698  158022   -8603  158133   -9015  158406   -9417  158830   -9792
 55700  159377  -10123  160016  -10400  160709  -10615  161416  -10766
 55702  162100  -10856  162730  -10890  163278  -10877  163726  -10828
 55704  164061  -10753  164277  -10664  164375  -10571  164361  -10485
 55706  164244  -10415  164037  -10367  163756  -10348  163417  -10362
 55708  163040  -10412  162642  -10501  162243  -10629  161862  -10793
 55710  161517  -10994  161224  -11226  161001  -11485  160860  -11766
 55712  160812  -12061  160865  -12362  161025  -12661  161291  -12949
 55714  161659  -13217  162120  -13457  162661  -13660  163263  -13821
 55716  163905  -13934  164562  -13997  165206  -14009  165811  -13975
 55718  166350  -13898  166801  -13788  167144  -13654  167367  -13508
 55720  167463  -13365  167434  -13238  167290  -13140  167049  -13083
 55722  166737  -13078  166383  -13131  166024  -13246  165695  -13422
 55724  165434  -13654  165273  -13934  165238  -14249  165349  -14584
 55726  165613  -14921  166027  -15245  166578  -15538  167243  -15788
 55728  167991  -15983  168788  -16118  169595  -16190  170377  -16202
 55730  171102  -16158  171741  -16067  172276  -15940  172693  -15788
 55732  172987  -15623  173157  -15456  173210  -15298  173158  -15157
 55734  173014  -15041  172796  -14956  172522  -14906  172211  -14894
 55736  171884  -14921  171560  -14985  171258  -15087  170995  -15222
 55738  170788  -15387  170651  -15576  170598  -15783  170638  -16002
 55740  170779  -16224  171023  -16441  171370  -16643  171817  -16824
 55742  172352  -16972  172961  -17082  173626  -17147  174323  -17161
 55744  175024  -17124  175702  -17035  176327  -16898  176871  -16719
 55746  177310  -16510  177625  -16281  177807  -16047  177853  -15823
 55748  177768  -15622  177570  -15460  177282  -15346  176935  -15289
 55750  176563  -15293  176203  -15358  175890  -15481  175658  -15654
 55752  175533  -15865  175536  -16102  175677  -16348  175959  -16590
 55754  176374  -16811  176906  -16998  177533  -17139  178224  -17228
 55756  178948  -17258  179672  -17230  180362  -17145  180989  -17009
 55758  181529  -16830  181962  -16618  182277  -16385  182469  -16141
 55760  182537  -15899  182488  -15667  182334  -15455  182089  -15271
 55762  181772  -15120  181401  -15006  180996  -14932  180578  -14897
 55764  180167  -14901  179781  -14941  179437  -15014  179151  -15116
 55766  178936  -15240  178804  -15380  178763  -15530  178819  -15680
 55768  178974  -15825  179227  -15953  179573  -16059  180001  -16132
 55770  180498  -16167  181045  -16157  181619  -16098  182193  -15987
 55772  182738  -15826  183224  -15618  183622  -15370  183908  -15093
 55774  184061  -14800  184072  -14506  183939  -14228  183672  -13981
 55776  183291  -13780  182825  -13636  182309  -13556  181782  -13542
 55778  181286  -13592  180855  -13698  180520  -13850  180305  -14035
 55780  180223  -14237  180278  -14440  180465  -14629  180771  -14791
 55782  181173  -14913  181648  -14988  182166  -15010  182695  -14976
 55784  183206  -14888  183670  -14749  184063  -14566  184364  -14347
 55786  184558  -14101  184635  -13840  184592  -13573  184432  -13312
 55788  184160  -13066  183790  -12843  183335  -12650  182813  -12492
 55790  182245  -12374  181649  -12296  181046  -12259  180456  -12261
 55792  179897  -12300  179385  -12370  178934  -12468  178558  -12587
 55794  178264  -12720  178061  -12861  177951  -13001  177936  -13132
 55796  178012  -13248  178173  -13340  178409  -13401  178706  -13425
 55798  179046  -13406  179408  -13341  179768  -13228  180097  -13068
 55800  180369  -12865  180555  -12625  180630  -12358  180576  -12078
 55802  180381  -11800  180043  -11541  179571  -11317  178987  -11144
 55804  178322  -11034  177616  -10993  176911  -11025  176251  -11124
 55806  175675  -11283  175214  -11487  174889  -11719  174709  -11963
 55808  174672  -12201  174765  -12417  174969  -12597  175256  -12733
 55810  175596  -12817  175959  -12847  176312  -12822  176629  -12747
 55812  176884  -12626  177055  -12468  177129  -12281  177094  -12076
 55814  176944  -11861  176681  -11648  176308  -11446  175835  -11263
 55816  175273  -11107  174639  -10983  173950  -10897  173225  -10851
 55818  172484  -10846  171747  -10882  171032  -10957  170356  -11067
 55820  169736  -11208  169184  -11374  168712  -11558  168326  -11755
 55822  168031  -11955  167829  -12152  167718  -12338  167693  -12506
 55824  167746  -12650  167865  -12762  168037  -12837  168242  -12873
 55826  168462  -12865  168674  -12814  168854  -12720  168977  -12589
 55828  169020  -12425  168960  -12239  168782  -12043  168473  -11850
 55830  168033  -11677  167469  -11541  166801  -11455  166059  -11433
 55832  165282  -11482  164515  -11606  163804  -11801  163190  -12057
 55834  162708  -12360  162379  -12692  162210  -13032  162198  -13361
 55836  162325  -13662  162563  -13921  162879  -14128  163238  -14278
 55838  163605  -14369  163946  -14406  164233  -14392  164442  -14336
 55840  164557  -14247  164566  -14135  164461  -14011  164244  -13885
 55842  163918  -13766  163490  -13662  162972  -13582  162380  -13532
 55844  161728  -13517  161035  -13540  160321  -13603  159604  -13706
 55846  158903  -13848  158236  -14027  157620  -14239  157069  -14478
 55848  156595  -14739  156207  -15015  155911  -15298  155709  -15581
 55850  155600  -15857  155581  -16117  155644  -16355  155778  -16565
 55852  155970  -16741  156204  -16880  156461  -16978  156721  -17035
 55854  156964  -17051  157168  -17029  157310  -16974  157373  -16893
 55856  157339  -16794  157196  -16689  156936  -16591  156561  -16514
 55858  156078  -16472  155506  -16478  154873  -16544  154215  -16677
 55860  153573  -16882  152991  -17155  152511  -17489  152170  -17870
 55862  151990  -18279  151983  -18697  152146  -19103  152459  -19477
 55864  152892  -19804  153409  -20073  153969  -20280  154530  -20422
 55866  155055  -20506  155514  -20536  155881  -20524  156141  -20481
 55868  156284  -20417  156307  -20345  156214  -20274  156012  -20216
 55870  155713  -20177  155331  -20165  154883  -20184  154388  -20240
 55872  153863  -20333  153329  -20466  152805  -20637  152308  -20844
 55874  151855  -21084  151462  -21354  151142  -21646  150905  -21955
 55876  150760  -22274  150710  -22596  150757  -22912  150898  -23214
 55878  151126  -23496  151432  -23751  151803  -23973  152223  -24157
 55880  152672  -24300  153132  -24401  153582  -24459  153999  -24478
 55882  154364  -24461  154658  -24415  154865  -24347  154972  -24268
 55884  154972  -24188  154864  -24118  154651  -24073  154347  -24063
 55886  153971  -24099  153549  -24191  153113  -24344  152703  -24561
 55888  152355  -24839  152109  -25171  151997  -25544  152042  -25944
 55890  152258  -26351  152643  -26745  153181  -27107  153847  -27422
 55892  154602  -27678  155404  -27867  156210  -27989  156979  -28047
 55894  157675  -28049  158272  -28005  158750  -27928  159100  -27831
 55896  159320  -27726  159415  -27626  159396  -27540  159278  -27477
 55898  159078  -27443  158815  -27443  158509  -27480  158181  -27555
 55900  157850  -27668  157536  -27817  157256  -28000  157026  -28213
 55902  156860  -28450  156771  -28707  156767  -28976  156856  -29250
 55904  157039  -29521  157318  -29783  157689  -30026  158142  -30245
 55906  158668  -30431  159252  -30581  159875  -30688  160517  -30751
 55908  161155  -30769  161768  -30744  162333  -30679  162829  -30580
 55910  163238  -30454  163547  -30311  163746  -30162  163833  -30019
 55912  163811  -29893  163691  -29795  163488  -29737  163226  -29727
 55914  162932  -29770  162640  -29871  162383  -30028  162194  -30238
 55916  162107  -30492  162146  -30780  162332  -31086  162673  -31394
 55918  163168  -31687  163804  -31948  164557  -32164  165393  -32321
 55920  166275  -32415  167161  -32443  168011  -32407  168789  -32314
 55922  169465  -32175  170019  -32002  170439  -31809  170723  -31608
 55924  170874  -31413  170904  -31234  170829  -31080  170668  -30958
 55926  170443  -30872  170176  -30825  169887  -30818  169599  -30849
 55928  169330  -30916  169097  -31016  168917  -31144  168802  -31294
 55930  168763  -31460  168808  -31636  168942  -31814  169167  -31987
 55932  169482  -32147  169883  -32288  170362  -32400  170906  -32480
 55934  171500  -32520  172126  -32517  172763  -32469  173387  -32374
 55936  173974  -32237  174500  -32059  174944  -31849  175287  -31616
 55938  175517  -31370  175625  -31123  175612  -30889  175486  -30679
 55940  175261  -30506  174959  -30378  174609  -30303  174241  -30285
 55942  173888  -30324  173585  -30416  173361  -30555  173243  -30730
 55944  173251  -30930  173395  -31139  173680  -31342  174098  -31525
 55946  174633  -31674  175263  -31777  175958  -31825  176683  -31814
 55948  177402  -31742  178079  -31613  178683  -31433  179187  -31210
 55950  179571  -30957  179824  -30687  179942  -30411  179929  -30143
 55952  179794  -29893  179555  -29671  179229  -29483  178839  -29333
 55954  178408  -29226  177957  -29159  177509  -29134  177083  -29145
 55956  176696  -29190  176363  -29262  176097  -29356  175906  -29465
 55958  175798  -29582  175775  -29700  175840  -29812  175988  -29911
 55960  176216  -29989  176515  -30040  176872  -30058  177274  -30039
 55962  177702  -29978  178136  -29874  178553  -29726  178929  -29537
 55964  179241  -29310  179467  -29053  179588  -28774  179589  -28487
 55966  179463  -28203  179212  -27937  178844  -27703  178378  -27512
 55968  177840  -27374  177261  -27296  176679  -27281  176128  -27325
 55970  175645  -27424  175257  -27567  174989  -27741  174852  -27932
 55972  174853  -28124  174986  -28302  175237  -28453  175586  -28565
 55974  176005  -28628  176465  -28638  176932  -28592  177376  -28492
 55976  177765  -28342  178073  -28148  178281  -27921  178372  -27671
 55978  178338  -27410  178178  -27149  177897  -26900  177504  -26672
 55980  177015  -26474  176450  -26312  175827  -26191  175171  -26112
 55982  174502  -26077  173842  -26082  173211  -26125  172624  -26202
 55984  172097  -26306  171640  -26431  171262  -26570  170968  -26717
 55986  170759  -26863  170635  -27001  170591  -27125  170622  -27229
 55988  170718  -27306  170866  -27351  171053  -27361  171261  -27332
 55990  171472  -27263  171664  -27154  171816  -27007  171907  -26827
 55992  171916  -26620  171825  -26394  171620  -26162  171293  -25935
 55994  170845  -25729  170285  -25557  169631  -25432  168910  -25365
 55996  168157  -25362  167411  -25427  166712  -25556  166097  -25742
 55998  165599  -25973  165237  -26232  165024  -26504  164957  -26770
 56000  165025  -27014  165207  -27222  165475  -27384  165796  -27493
 56002  166137  -27547  166464  -27545  166746  -27492  166958  -27395
 56004  167078  -27261  167090  -27103  166987  -26929  166764  -26752
 56006  166424  -26582  165976  -26428  165431  -26299  164805  -26203
 56008  164116  -26144  163386  -26125  162634  -26149  161883  -26214
 56010  161151  -26320  160458  -26461  159818  -26634  159244  -26832
 56012  158748  -27048  158335  -27276  158010  -27509  157771  -27738
 56014  157617  -27957  157542  -28159  157538  -28339  157593  -28491
 56016  157694  -28611  157828  -28696  157976  -28743  158121  -28753
 56018  158244  -28726  158326  -28665  158348  -28574  158293  -28460
 56020  158145  -28332  157894  -28199  157532  -28074  157061  -27969
 56022  156489  -27897  155833  -27872  155119  -27904  154380  -28000
 56024  153655  -28164  152986  -28394  152413  -28682  151970  -29015
 56026  151681  -29378  151555  -29750  151592  -30113  151775  -30448
 56028  152077  -30739  152464  -30977  152895  -31155  153333  -31272
 56030  153739  -31330  154083  -31337  154339  -31302  154488  -31235
 56032  154520  -31147  154431  -31051  154223  -30958  153904  -30877
 56034  153484  -30818  152980  -30787  152409  -30790  151791  -30831
 56036  151145  -30912  150494  -31034  149855  -31194  149247  -31391
 56038  148688  -31620  148191  -31877  147767  -32154  147426  -32445
 56040  147173  -32743  147009  -33041  146933  -33332  146940  -33608
