Nutation ephemeris from nutIAU200 for Oct 1992 - Mar 1994 IAU2000               
(1x,i5,8i8,8x,i2)                  2448908 2449467  4 -1          1.E-04
 48908  160148   -2478  159671   -2758  159296   -3059  159034   -3373
 48910  158891   -3690  158868   -3998  158961   -4288  159159   -4549
 48912  159445   -4772  159799   -4950  160195   -5077  160603   -5151
 48914  160994   -5172  161336   -5144  161599   -5074  161759   -4972
 48916  161795   -4850  161694   -4724  161454   -4608  161080   -4520
 48918  160588   -4473  160005   -4482  159363   -4553  158702   -4693
 48920  158063   -4901  157484   -5170  157000   -5492  156638   -5853
 48922  156413   -6236  156331   -6625  156388   -7004  156569   -7359
 48924  156853   -7678  157215   -7952  157625   -8177  158056   -8351
 48926  158480   -8474  158873   -8551  159214   -8586  159487   -8587
 48928  159679   -8560  159781   -8514  159789   -8457  159702   -8397
 48930  159523   -8342  159256   -8301  158911   -8279  158497   -8283
 48932  158029   -8319  157521   -8391  156992   -8502  156460   -8654
 48934  155946   -8848  155471   -9083  155055   -9355  154718   -9661
 48936  154477   -9992  154348  -10342  154340  -10700  154459  -11054
 48938  154704  -11395  155066  -11710  155531  -11988  156079  -12222
 48940  156683  -12403  157313  -12529  157935  -12598  158518  -12614
 48942  159030  -12582  159443  -12514  159738  -12420  159900  -12315
 48944  159925  -12213  159817  -12131  159588  -12081  159261  -12076
 48946  158864  -12126  158430  -12235  157994  -12406  157594  -12637
 48948  157262  -12921  157029  -13249  156915  -13607  156935  -13982
 48950  157093  -14358  157384  -14721  157795  -15057  158306  -15355
 48952  158892  -15608  159525  -15810  160175  -15959  160817  -16056
 48954  161423  -16105  161973  -16112  162449  -16083  162838  -16026
 48956  163132  -15951  163328  -15865  163425  -15778  163427  -15698
 48958  163342  -15632  163180  -15587  162952  -15569  162673  -15582
 48960  162360  -15631  162031  -15717  161704  -15843  161399  -16008
 48962  161136  -16211  160935  -16448  160816  -16715  160796  -17005
 48964  160888  -17310  161104  -17620  161449  -17924  161921  -18210
 48966  162512  -18466  163206  -18681  163981  -18845  164805  -18952
 48968  165646  -18999  166465  -18984  167226  -18914  167894  -18796
 48970  168443  -18642  168852  -18468  169113  -18290  169226  -18124
 48972  169203  -17985  169064  -17887  168838  -17840  168556  -17850
 48974  168256  -17919  167972  -18047  167737  -18227  167580  -18452
 48976  167525  -18711  167587  -18991  167775  -19278  168088  -19560
 48978  168520  -19823  169057  -20056  169679  -20250  170364  -20398
 48980  171084  -20495  171814  -20541  172526  -20536  173198  -20484
 48982  173807  -20391  174337  -20264  174776  -20111  175115  -19941
 48984  175350  -19763  175484  -19585  175520  -19416  175467  -19263
 48986  175335  -19133  175140  -19031  174894  -18961  174617  -18927
 48988  174326  -18931  174038  -18972  173775  -19051  173554  -19165
 48990  173395  -19310  173314  -19483  173327  -19675  173447  -19880
 48992  173685  -20089  174045  -20290  174527  -20472  175123  -20625
 48994  175820  -20737  176596  -20798  177420  -20802  178259  -20743
 48996  179073  -20621  179822  -20442  180469  -20214  180981  -19951
 48998  181339  -19670  181532  -19389  181564  -19126  181450  -18899
 49000  181218  -18722  180901  -18603  180538  -18549  180170  -18557
 49002  179834  -18625  179562  -18743  179380  -18901  179305  -19085
 49004  179349  -19283  179512  -19479  179790  -19663  180171  -19821
 49006  180638  -19946  181170  -20029  181746  -20067  182340  -20055
 49008  182927  -19995  183486  -19889  183993  -19741  184432  -19555
 49010  184786  -19341  185046  -19105  185204  -18856  185258  -18603
 49012  185209  -18354  185064  -18118  184830  -17901  184521  -17710
 49014  184150  -17550  183734  -17424  183289  -17336  182834  -17286
 49016  182389  -17275  181970  -17299  181597  -17358  181285  -17447
 49018  181051  -17559  180906  -17690  180863  -17830  180928  -17972
 49020  181105  -18106  181393  -18221  181784  -18309  182267  -18358
 49022  182822  -18361  183422  -18310  184037  -18201  184631  -18033
 49024  185164  -17810  185599  -17539  185904  -17235  186054  -16912
 49026  186036  -16591  185852  -16291  185516  -16031  185056  -15827
 49028  184512  -15689  183926  -15623  183345  -15627  182809  -15695
 49030  182352  -15816  182001  -15976  181771  -16159  181666  -16350
 49032  181683  -16534  181811  -16698  182032  -16832  182326  -16927
 49034  182670  -16979  183038  -16983  183406  -16940  183753  -16852
 49036  184056  -16722  184298  -16555  184463  -16358  184540  -16138
 49038  184521  -15902  184401  -15659  184181  -15418  183863  -15187
 49040  183454  -14972  182965  -14781  182407  -14619  181795  -14491
 49042  181147  -14400  180480  -14349  179813  -14337  179163  -14363
 49044  178550  -14426  177989  -14521  177495  -14644  177083  -14789
 49046  176763  -14948  176542  -15114  176425  -15278  176412  -15432
 49048  176499  -15566  176677  -15672  176934  -15741  177250  -15767
 49050  177602  -15744  177963  -15669  178301  -15542  178583  -15367
 49052  178777  -15149  178852  -14901  178787  -14638  178567  -14377
 49054  178190  -14137  177669  -13936  177030  -13792  176308  -13717
 49056  175549  -13716  174799  -13790  174104  -13933  173502  -14133
 49058  173021  -14373  172676  -14638  172471  -14908  172399  -15168
 49060  172444  -15402  172583  -15601  172790  -15756  173037  -15863
 49062  173298  -15921  173546  -15931  173758  -15896  173915  -15822
 49064  174000  -15715  174002  -15583  173911  -15433  173724  -15273
 49066  173438  -15112  173057  -14957  172586  -14816  172032  -14697
 49068  171408  -14604  170728  -14543  170005  -14518  169259  -14532
 49070  168506  -14585  167765  -14678  167054  -14809  166392  -14974
 49072  165794  -15170  165273  -15391  164842  -15629  164509  -15878
 49074  164279  -16129  164152  -16372  164125  -16601  164191  -16805
 49076  164338  -16978  164549  -17113  164806  -17205  165084  -17249
 49078  165357  -17246  165598  -17197  165779  -17105  165873  -16980
 49080  165856  -16830  165712  -16670  165431  -16516  165012  -16384
 49082  164468  -16290  163821  -16249  163104  -16274  162358  -16370
 49084  161627  -16539  160957  -16775  160385  -17070  159943  -17406
 49086  159648  -17766  159505  -18132  159507  -18486  159635  -18812
 49088  159866  -19097  160168  -19335  160509  -19519  160858  -19651
 49090  161187  -19731  161471  -19765  161690  -19760  161828  -19723
 49092  161875  -19663  161824  -19588  161674  -19507  161426  -19428
 49094  161085  -19359  160660  -19308  160161  -19280  159600  -19281
 49096  158993  -19316  158355  -19386  157705  -19495  157060  -19643
 49098  156440  -19829  155861  -20051  155341  -20305  154896  -20586
 49100  154539  -20887  154280  -21202  154125  -21521  154077  -21837
 49102  154134  -22140  154290  -22421  154534  -22672  154849  -22887
 49104  155217  -23058  155613  -23184  156015  -23261  156393  -23292
 49106  156724  -23280  156981  -23232  157143  -23155  157192  -23063
 49108  157119  -22967  156919  -22882  156599  -22822  156172  -22802
 49110  155662  -22833  155101  -22925  154525  -23082  153974  -23305
 49112  153489  -23590  153105  -23926  152851  -24300  152743  -24696
 49114  152789  -25096  152983  -25482  153307  -25839  153738  -26153
 49116  154243  -26417  154789  -26625  155343  -26776  155874  -26874
 49118  156353  -26922  156761  -26930  157080  -26905  157300  -26857
 49120  157416  -26795  157428  -26730  157339  -26668  157157  -26620
 49122  156891  -26590  156556  -26586  156164  -26612  155732  -26672
 49124  155278  -26768  154819  -26901  154373  -27071  153960  -27277
 49126  153595  -27516  153297  -27785  153079  -28076  152955  -28384
 49128  152934  -28702  153021  -29019  153217  -29327  153520  -29617
 49130  153920  -29880  154403  -30107  154950  -30291  155538  -30427
 49132  156142  -30513  156732  -30549  157281  -30538  157762  -30485
 49134  158151  -30400  158431  -30292  158588  -30175  158619  -30063
 49136  158526  -29968  158322  -29905  158026  -29885  157665  -29917
 49138  157271  -30008  156880  -30159  156527  -30368  156247  -30630
 49140  156069  -30935  156018  -31269  156107  -31619  156341  -31967
 49142  156713  -32298  157208  -32599  157802  -32857  158466  -33063
 49144  159168  -33214  159875  -33308  160556  -33347  161183  -33337
 49146  161733  -33285  162189  -33201  162541  -33094  162784  -32974
 49148  162917  -32851  162946  -32735  162878  -32633  162727  -32552
 49150  162506  -32497  162231  -32475  161919  -32486  161588  -32534
 49152  161256  -32618  160942  -32738  160664  -32892  160438  -33076
 49154  160281  -33287  160206  -33518  160225  -33763  160347  -34014
 49156  160577  -34262  160915  -34497  161357  -34711  161894  -34894
 49158  162511  -35037  163186  -35134  163894  -35181  164607  -35174
 49160  165293  -35114  165922  -35007  166467  -34858  166901  -34680
 49162  167210  -34484  167383  -34286  167420  -34099  167332  -33939
 49164  167136  -33818  166858  -33746  166528  -33730  166183  -33773
 49166  165857  -33874  165584  -34028  165394  -34227  165311  -34459
 49168  165352  -34712  165525  -34972  165829  -35223  166255  -35453
 49170  166787  -35649  167403  -35801  168074  -35902  168771  -35950
 49172  169464  -35944  170123  -35885  170724  -35781  171245  -35637
 49174  171670  -35463  171988  -35268  172194  -35063  172289  -34858
 49176  172279  -34661  172171  -34480  171979  -34323  171718  -34194
 49178  171405  -34099  171057  -34039  170694  -34015  170332  -34029
 49180  169992  -34077  169688  -34159  169439  -34269  169258  -34403
 49182  169159  -34556  169151  -34720  169242  -34887  169437  -35050
 49184  169735  -35200  170132  -35326  170618  -35422  171179  -35477
 49186  171794  -35487  172438  -35444  173082  -35349  173693  -35201
 49188  174240  -35005  174692  -34769  175024  -34505  175218  -34227
 49190  175266  -33951  175170  -33694  174943  -33471  174609  -33295
 49192  174199  -33176  173750  -33119  173299  -33124  172884  -33188
 49194  172538  -33302  172289  -33457  172153  -33638  172143  -33831
 49196  172260  -34023  172496  -34198  172839  -34346  173268  -34456
 49198  173760  -34521  174288  -34537  174825  -34501  175343  -34415
 49200  175816  -34283  176224  -34109  176547  -33902  176772  -33670
 49202  176891  -33422  176900  -33168  176800  -32918  176597  -32679
 49204  176302  -32460  175926  -32266  175485  -32104  174997  -31977
 49206  174480  -31887  173951  -31835  173430  -31820  172934  -31840
 49208  172479  -31892  172081  -31971  171753  -32073  171505  -32191
 49210  171346  -32318  171282  -32448  171316  -32571  171445  -32680
 49212  171666  -32766  171968  -32822  172337  -32840  172754  -32814
 49214  173196  -32739  173635  -32615  174042  -32440  174385  -32221
 49216  174634  -31963  174764  -31680  174755  -31385  174598  -31095
 49218  174295  -30828  173860  -30599  173319  -30424  172705  -30312
 49220  172061  -30268  171428  -30292  170846  -30378  170351  -30515
 49222  169967  -30691  169711  -30888  169587  -31092  169590  -31286
 49224  169708  -31457  169922  -31595  170206  -31690  170534  -31738
 49226  170880  -31736  171215  -31686  171515  -31589  171759  -31450
 49228  171927  -31277  172005  -31077  171984  -30858  171858  -30631
 49230  171627  -30402  171293  -30183  170864  -29979  170351  -29798
 49232  169767  -29646  169127  -29528  168449  -29447  167751  -29404
 49234  167050  -29399  166366  -29431  165715  -29498  165113  -29596
 49236  164573  -29720  164107  -29864  163724  -30021  163431  -30186
 49238  163230  -30349  163122  -30505  163103  -30644  163167  -30760
 49240  163302  -30845  163495  -30894  163726  -30903  163976  -30866
 49242  164219  -30784  164428  -30658  164577  -30492  164638  -30292
 49244  164588  -30070  164410  -29839  164093  -29615  163639  -29414
 49246  163060  -29253  162380  -29146  161634  -29105  160863  -29136
 49248  160112  -29238  159425  -29406  158839  -29628  158380  -29888
 49250  158065  -30169  157895  -30453  157861  -30722  157946  -30962
 49252  158123  -31162  158363  -31315  158635  -31416  158910  -31466
 49254  159158  -31467  159357  -31423  159486  -31342  159530  -31231
 49256  159479  -31099  159326  -30954  159069  -30807  158713  -30664
 49258  158261  -30534  157724  -30425  157114  -30342  156445  -30291
 49260  155732  -30275  154995  -30296  154249  -30355  153513  -30453
 49262  152806  -30586  152142  -30752  151536  -30947  151002  -31165
 49264  150549  -31400  150185  -31646  149913  -31893  149734  -32136
 49266  149646  -32367  149643  -32577  149715  -32762  149848  -32914
 49268  150029  -33030  150236  -33105  150451  -33139  150650  -33130
 49270  150810  -33083  150907  -33001  150920  -32892  150831  -32765
 49272  150625  -32634  150296  -32511  149847  -32412  149288  -32352
 49274  148641  -32344  147939  -32398  147219  -32522  146526  -32716
 49276  145902  -32975  145386  -33289  145008  -33642  144785  -34017
 49278  144721  -34393  144806  -34752  145019  -35078  145331  -35359
 49280  145707  -35587  146112  -35759  146511  -35875  146873  -35939
 49282  147174  -35958  147394  -35940  147519  -35894  147540  -35830
 49284  147456  -35758  147268  -35687  146981  -35626  146605  -35581
 49286  146151  -35559  145634  -35566  145069  -35605  144473  -35680
 49288  143863  -35792  143257  -35941  142674  -36126  142128  -36345
 49290  141638  -36593  141215  -36867  140871  -37159  140616  -37465
 49292  140456  -37775  140392  -38083  140422  -38381  140543  -38661
 49294  140745  -38916  141015  -39140  141338  -39327  141696  -39475
 49296  142068  -39581  142433  -39645  142769  -39669  143053  -39657
 49298  143266  -39615  143390  -39551  143413  -39476  143326  -39401
 49300  143127  -39339  142822  -39302  142426  -39304  141959  -39354
 49302  141451  -39463  140938  -39634  140457  -39869  140049  -40163
 49304  139748  -40507  139584  -40887  139576  -41287  139728  -41689
 49306  140035  -42072  140477  -42422  141024  -42725  141642  -42971
 49308  142291  -43158  142934  -43284  143537  -43354  144072  -43376
 49310  144516  -43358  144855  -43313  145082  -43250  145195  -43180
 49312  145199  -43113  145102  -43058  144915  -43022  144654  -43012
 49314  144334  -43031  143972  -43084  143586  -43172  143195  -43295
 49316  142815  -43454  142465  -43647  142160  -43870  141916  -44119
 49318  141745  -44389  141657  -44675  141661  -44968  141762  -45262
 49320  141961  -45549  142254  -45820  142635  -46068  143094  -46287
 49322  143615  -46469  144180  -46610  144768  -46707  145357  -46760
 49324  145923  -46768  146443  -46737  146894  -46671  147260  -46579
 49326  147524  -46470  147679  -46355  147722  -46247  147657  -46156
 49328  147494  -46096  147253  -46076  146956  -46105  146633  -46188
 49330  146318  -46329  146045  -46525  145848  -46771  145756  -47059
 49332  145794  -47375  145977  -47706  146310  -48034  146787  -48343
 49334  147391  -48619  148097  -48848  148871  -49021  149677  -49134
 49336  150478  -49186  151239  -49182  151929  -49127  152524  -49032
 49338  153009  -48907  153375  -48764  153620  -48615  153748  -48470
 49340  153769  -48338  153697  -48227  153547  -48144  153338  -48092
 49342  153088  -48074  152816  -48092  152541  -48146  152281  -48234
 49344  152053  -48354  151873  -48502  151754  -48673  151708  -48863
 49346  151745  -49065  151872  -49271  152093  -49475  152408  -49669
 49348  152814  -49845  153304  -49995  153866  -50113  154485  -50191
 49350  155140  -50226  155811  -50215  156472  -50156  157097  -50053
 49352  157661  -49909  158141  -49733  158519  -49532  158782  -49319
 49354  158923  -49105  158943  -48905  158851  -48731  158665  -48593
 49356  158407  -48502  158105  -48462  157793  -48478  157501  -48548
 49358  157264  -48669  157109  -48832  157062  -49029  157138  -49245
 49360  157347  -49467  157689  -49681  158156  -49872  158731  -50027
 49362  159389  -50137  160100  -50194  160833  -50194  161554  -50138
 49364  162231  -50029  162836  -49873  163346  -49679  163746  -49458
 49366  164026  -49220  164183  -48978  164221  -48741  164150  -48520
 49368  163983  -48321  163737  -48153  163431  -48018  163084  -47919
 49370  162716  -47858  162347  -47833  161994  -47843  161674  -47885
 49372  161403  -47954  161192  -48046  161054  -48155  160995  -48273
 49374  161022  -48396  161137  -48514  161340  -48622  161628  -48711
 49376  161993  -48775  162424  -48807  162907  -48800  163421  -48751
 49378  163947  -48657  164457  -48516  164928  -48332  165332  -48108
 49380  165645  -47853  165848  -47576  165927  -47290  165874  -47009
 49382  165694  -46747  165398  -46517  165007  -46332  164549  -46201
 49384  164057  -46128  163567  -46115  163115  -46158  162732  -46251
 49386  162445  -46383  162272  -46541  162226  -46711  162307  -46879
 49388  162509  -47031  162817  -47155  163212  -47240  163667  -47279
 49390  164155  -47267  164644  -47203  165107  -47089  165517  -46928
 49392  165850  -46728  166087  -46496  166216  -46243  166229  -45980
 49394  166126  -45715  165909  -45460  165590  -45223  165180  -45012
 49396  164697  -44833  164158  -44690  163584  -44585  162994  -44519
 49398  162407  -44490  161842  -44498  161314  -44537  160837  -44604
 49400  160424  -44692  160084  -44796  159824  -44910  159647  -45026
 49402  159554  -45137  159544  -45237  159613  -45319  159752  -45376
 49404  159950  -45403  160193  -45394  160464  -45345  160742  -45255
 49406  161005  -45123  161230  -44950  161390  -44742  161464  -44504
 49408  161432  -44247  161278  -43984  160995  -43727  160586  -43492
 49410  160062  -43294  159444  -43146  158764  -43056  158058  -43032
 49412  157366  -43072  156727  -43173  156175  -43325  155737  -43516
 49414  155430  -43730  155259  -43950  155220  -44161  155300  -44349
 49416  155478  -44502  155726  -44611  156017  -44671  156319  -44680
 49418  156604  -44639  156846  -44553  157020  -44425  157110  -44266
 49420  157100  -44083  156984  -43886  156758  -43685  156423  -43489
 49422  155987  -43307  155459  -43147  154854  -43016  154187  -42918
 49424  153477  -42857  152742  -42835  152003  -42852  151276  -42906
 49426  150579  -42995  149929  -43116  149337  -43262  148815  -43428
 49428  148370  -43608  148007  -43794  147729  -43981  147535  -44161
 49430  147421  -44328  147380  -44475  147404  -44597  147480  -44688
 49432  147593  -44745  147728  -44765  147866  -44747  147986  -44691
 49434  148066  -44598  148087  -44474  148028  -44325  147872  -44160
 49436  147606  -43991  147222  -43829  146723  -43690  146118  -43587
 49438  145427  -43533  144681  -43539  143915  -43611  143171  -43751
 49440  142491  -43954  141911  -44211  141461  -44507  141159  -44825
 49442  141010  -45148  141006  -45456  141127  -45735  141348  -45972
 49444  141635  -46158  141953  -46290  142269  -46367  142551  -46393
 49446  142773  -46375  142914  -46318  142958  -46235  142897  -46133
 49448  142728  -46023  142450  -45915  142071  -45818  141599  -45739
 49450  141048  -45685  140433  -45662  139770  -45673  139078  -45722
 49452  138376  -45807  137680  -45931  137009  -46089  136379  -46280
 49454  135804  -46498  135297  -46739  134865  -46996  134516  -47263
 49456  134254  -47533  134078  -47799  133985  -48054  133971  -48292
 49458  134026  -48507  134139  -48693  134297  -48848  134484  -48966
 49460  134682  -49048  134875  -49093  135042  -49103  135165  -49079
 49462  135226  -49029  135209  -48957  135100  -48873  134891  -48788
 49464  134576  -48713  134160  -48660  133652  -48641  133071  -48670
 49466  132445  -48754  131807  -48901  131196  -49112  130653  -49385
