Nutation ephemeris from nutIAU200 for Oct 1989 - Mar 1991 IAU2000               
(1x,i5,8i8,8x,i2)                  2447812 2448371  4 -1          1.E-04
 47812   93917   78638   93293   78706   92595   78699   91869   78607
 47814   91165   78428   90535   78165   90028   77830   89683   77440
 47816   89526   77018   89565   76588   89792   76175   90184   75801
 47818   90706   75483   91315   75233   91965   75056   92612   74952
 47820   93216   74917   93743   74943   94166   75017   94468   75128
 47822   94637   75263   94670   75408   94570   75550   94345   75679
 47824   94008   75784   93573   75858   93061   75893   92491   75884
 47826   91886   75829   91268   75726   90658   75576   90078   75381
 47828   89547   75144   89084   74873   88704   74572   88418   74250
 47830   88235   73915   88161   73576   88196   73243   88337   72924
 47832   88577   72628   88905   72364   89308   72138   89767   71955
 47834   90263   71820   90775   71735   91278   71700   91749   71712
 47836   92165   71768   92503   71862   92744   71983   92872   72121
 47838   92877   72262   92754   72393   92506   72496   92147   72557
 47840   91699   72561   91193   72496   90670   72354   90175   72131
 47842   89757   71830   89462   71461   89330   71040   89388   70587
 47844   89648   70127   90107   69684   90741   69282   91516   68940
 47846   92386   68670   93299   68480   94207   68370   95064   68333
 47848   95830   68361   96478   68440   96989   68555   97353   68692
 47850   97570   68834   97647   68970   97596   69088   97433   69177
 47852   97179   69231   96854   69243   96482   69210   96086   69131
 47854   95687   69006   95309   68835   94970   68624   94690   68376
 47856   94485   68098   94368   67796   94350   67478   94439   67154
 47858   94637   66832   94943   66522   95353   66232   95858   65972
 47860   96444   65749   97095   65569   97791   65437   98509   65357
 47862   99225   65328   99916   65350  100555   65419  101122   65528
 47864  101595   65669  101960   65831  102205   66003  102325   66171
 47866  102322   66321  102206   66438  101994   66511  101710   66527
 47868  101386   66477  101060   66357  100773   66166  100567   65907
 47870  100481   65590  100551   65230  100799   64844  101238   64454
 47872  101866   64083  102665   63752  103602   63479  104637   63279
 47874  105719   63159  106798   63120  107826   63159  108761   63264
 47876  109571   63422  110233   63619  110738   63836  111084   64058
 47878  111280   64270  111341   64461  111285   64619  111136   64737
 47880  110919   64811  110657   64838  110377   64818  110101   64751
 47882  109851   64641  109648   64492  109507   64310  109445   64101
 47884  109473   63874  109600   63636  109831   63395  110169   63162
 47886  110611   62945  111151   62754  111779   62595  112481   62478
 47888  113238   62408  114029   62388  114830   62423  115614   62511
 47890  116355   62650  117028   62835  117609   63058  118079   63307
 47892  118424   63572  118638   63838  118719   64091  118675   64317
 47894  118523   64502  118285   64635  117990   64707  117674   64714
 47896  117373   64652  117126   64526  116970   64342  116936   64110
 47898  117052   63846  117333   63567  117786   63293  118406   63042
 47900  119173   62832  120060   62679  121029   62596  122037   62587
 47902  123038   62656  123986   62797  124843   63002  125575   63259
 47904  126160   63552  126586   63864  126850   64180  126960   64484
 47906  126930   64763  126779   65006  126534   65206  126220   65358
 47908  125863   65459  125490   65511  125125   65514  124791   65473
 47910  124506   65395  124289   65284  124151   65148  124104   64996
 47912  124155   64837  124307   64678  124561   64529  124913   64398
 47914  125356   64294  125880   64225  126470   64198  127107   64218
 47916  127771   64289  128436   64414  129076   64592  129664   64820
 47918  130174   65091  130580   65398  130864   65728  131012   66067
 47920  131017   66401  130883   66713  130620   66988  130251   67212
 47922  129804   67376  129314   67471  128820   67494  128361   67449
 47924  127977   67340  127700   67179  127557   66980  127566   66759
 47926  127735   66534  128061   66323  128532   66144  129124   66011
 47928  129809   65937  130549   65928  131305   65990  132038   66121
 47930  132709   66317  133285   66568  133738   66863  134049   67187
 47932  134207   67525  134211   67863  134067   68185  133789   68479
 47934  133397   68735  132915   68945  132368   69104  131785   69210
 47936  131190   69264  130610   69268  130066   69227  129579   69147
 47938  129163   69035  128831   68899  128593   68749  128453   68592
 47940  128413   68438  128472   68296  128624   68173  128862   68077
 47942  129174   68017  129545   67997  129957   68023  130390   68097
 47944  130821   68223  131224   68398  131573   68621  131844   68884
 47946  132012   69179  132057   69495  131966   69816  131731   70128
 47948  131356   70413  130853   70655  130246   70839  129568   70954
 47950  128859   70993  128162   70954  127522   70841  126978   70663
 47952  126565   70435  126305   70174  126211   69900  126283   69632
 47954  126507   69389  126864   69187  127322   69039  127847   68954
 47956  128400   68936  128943   68986  129440   69099  129858   69268
 47958  130170   69483  130356   69731  130403   70000  130305   70275
 47960  130065   70542  129691   70788  129198   71003  128605   71177
 47962  127937   71304  127217   71379  126471   71401  125726   71371
 47964  125006   71292  124331   71169  123721   71007  123190   70816
 47966  122750   70603  122408   70377  122168   70147  122029   69923
 47968  121988   69712  122037   69524  122168   69364  122366   69240
 47970  122617   69157  122902   69118  123202   69126  123495   69181
 47972  123758   69282  123968   69426  124103   69607  124140   69816
 47974  124062   70043  123857   70273  123517   70492  123045   70683
 47976  122455   70830  121767   70917  121016   70933  120241   70870
 47978  119491   70725  118812   70502  118249   70212  117837   69871
 47980  117602   69499  117551   69119  117681   68753  117972   68421
 47982  118393   68141  118906   67924  119469   67778  120038   67704
 47984  120573   67698  121037   67753  121402   67859  121645   68004
 47986  121753   68175  121719   68356  121545   68535  121238   68698
 47988  120810   68836  120279   68938  119667   68997  118996   69008
 47990  118290   68969  117575   68878  116875   68738  116212   68553
 47992  115605   68326  115072   68067  114627   67781  114278   67477
 47994  114032   67166  113890   66855  113850   66554  113907   66271
 47996  114052   66014  114272   65789  114553   65602  114878   65457
 47998  115228   65357  115583   65304  115923   65295  116227   65330
 48000  116472   65403  116641   65509  116716   65638  116682   65780
 48002  116530   65923  116256   66053  115864   66155  115367   66214
 48004  114785   66217  114150   66151  113500   66008  112880   65787
 48006  112339   65488  111922   65123  111666   64707  111600   64261
 48008  111734   63808  112064   63373  112568   62979  113210   62643
 48010  113945   62380  114723   62195  115494   62089  116212   62056
 48012  116839   62086  117345   62166  117712   62280  117929   62414
 48014  117996   62552  117919   62681  117713   62787  117394   62862
 48016  116983   62898  116505   62888  115984   62830  115444   62723
 48018  114909   62568  114402   62367  113943   62125  113551   61848
 48020  113240   61543  113021   61218  112903   60882  112888   60544
 48022  112978   60212  113168   59896  113451   59603  113816   59340
 48024  114248   59115  114732   58930  115249   58791  115778   58698
 48026  116300   58652  116793   58650  117237   58688  117613   58762
 48028  117905   58863  118098   58983  118183   59110  118155   59233
 48030  118013   59340  117766   59416  117427   59449  117018   59429
 48032  116570   59344  116117   59188  115702   58960  115368   58662
 48034  115158   58303  115107   57898  115245   57464  115584   57026
 48036  116122   56606  116840   56228  117702   55913  118663   55673
 48038  119668   55517  120663   55444  121597   55450  122426   55522
 48040  123119   55644  123656   55801  124027   55974  124237   56147
 48042  124295   56305  124219   56435  124032   56528  123759   56577
 48044  123427   56578  123062   56530  122689   56433  122332   56289
 48046  122014   56103  121752   55881  121564   55629  121461   55355
 48048  121453   55067  121546   54774  121741   54484  122037   54207
 48050  122428   53950  122905   53722  123456   53528  124064   53376
 48052  124713   53268  125381   53208  126049   53195  126693   53229
 48054  127294   53307  127830   53423  128284   53570  128642   53740
 48056  128892   53922  129028   54106  129050   54278  128963   54428
 48058  128779   54543  128516   54612  128197   54626  127853   54578
 48060  127519   54465  127233   54286  127032   54046  126954   53755
 48062  127030   53424  127283   53073  127726   52721  128355   52390
 48064  129153   52101  130091   51873  131124   51720  132202   51649
 48066  133269   51662  134275   51754  135174   51913  135931   52124
 48068  136522   52368  136940   52628  137185   52884  137270   53122
 48070  137217   53327  137049   53490  136796   53605  136487   53668
 48072  136151   53679  135815   53640  135503   53555  135237   53430
 48074  135034   53270  134908   53084  134872   52881  134930   52668
 48076  135088   52454  135345   52249  135698   52061  136139   51897
 48078  136658   51765  137242   51671  137873   51620  138534   51616
 48080  139202   51660  139857   51753  140476   51891  141036   52072
 48082  141518   52288  141905   52532  142182   52792  142342   53059
 48084  142381   53319  142302   53561  142116   53772  141839   53940
 48086  141493   54058  141106   54117  140711   54113  140342   54046
 48088  140034   53918  139822   53738  139737   53514  139802   53263
 48090  140034   52999  140437   52743  141007   52513  141725   52327
 48092  142561   52200  143477   52145  144425   52167  145358   52268
 48094  146228   52442  146992   52680  147616   52966  148077   53283
 48096  148364   53613  148479   53938  148433   54240  148246   54508
 48098  147945   54729  147560   54899  147121   55013  146660   55072
 48100  146204   55079  145779   55038  145405   54956  145101   54842
 48102  144879   54703  144748   54549  144713   54388  144777   54230
 48104  144937   54083  145188   53955  145521   53855  145924   53788
 48106  146384   53760  146884   53776  147404   53839  147923   53949
 48108  148419   54106  148871   54308  149255   54549  149553   54823
 48110  149746   55120  149822   55429  149773   55739  149599   56035
 48112  149305   56305  148905   56535  148419   56716  147876   56838
 48114  147306   56895  146746   56887  146231   56815  145796   56685
 48116  145473   56508  145287   56297  145254   56067  145382   55836
 48118  145669   55621  146102   55440  146658   55308  147305   55236
 48120  148005   55233  148717   55303  149398   55443  150006   55647
 48122  150505   55907  150868   56207  151075   56531  151117   56863
 48124  150997   57185  150724   57483  150320   57742  149809   57955
 48126  149220   58112  148584   58213  147932   58257  147292   58246
 48128  146690   58187  146146   58087  145678   57955  145298   57799
 48130  145013   57628  144827   57454  144740   57284  144748   57127
 48132  144843   56992  145015   56885  145253   56812  145541   56778
 48134  145861   56788  146196   56842  146524   56943  146825   57087
 48136  147077   57274  147260   57496  147354   57748  147342   58020
 48138  147213   58300  146959   58576  146581   58833  146084   59059
 48140  145486   59240  144809   59364  144084   59423  143347   59412
 48142  142637   59331  141992   59183  141450   58978  141040   58730
 48144  140784   58453  140692   58167  140764   57890  140990   57639
 48146  141346   57432  141804   57281  142327   57194  142875   57176
 48148  143408   57226  143887   57341  144277   57511  144551   57725
 48150  144686   57969  144671   58229  144503   58488  144187   58731
 48152  143735   58946  143168   59120  142509   59245  141788   59316
 48154  141033   59331  140273   59289  139535   59194  138845   59052
 48156  138221   58870  137679   58658  137232   58423  136885   58177
 48158  136641   57929  136497   57687  136448   57462  136485   57260
 48160  136596   57087  136767   56950  136982   56853  137225   56798
 48162  137475   56786  137715   56818  137924   56891  138083   57003
 48164  138173   57147  138177   57317  138080   57503  137872   57695
 48166  137547   57880  137105   58045  136552   58176  135906   58260
 48168  135189   58285  134434   58243  133677   58128  132961   57939
 48170  132328   57682  131817   57367  131458   57009  131273   56627
 48172  131270   56241  131443   55874  131773   55544  132229   55267
 48174  132773   55054  133362   54913  133952   54844  134499   54844
 48176  134967   54904  135326   55013  135554   55158  135636   55323
 48178  135569   55493  135357   55654  135009   55792  134544   55896
 48180  133982   55957  133349   55969  132672   55927  131978   55831
 48182  131295   55683  130648   55486  130057   55246  129542   54970
 48184  129117   54668  128791   54349  128570   54022  128453   53697
 48186  128438   53383  128516   53089  128678   52821  128910   52586
 48188  129196   52388  129520   52232  129864   52118  130208   52047
 48190  130535   52019  130825   52029  131060   52075  131226   52150
 48192  131308   52246  131293   52355  131174   52467  130948   52571
 48194  130616   52653  130187   52703  129675   52706  129103   52654
 48196  128501   52536  127906   52348  127359   52088  126901   51761
 48198  126574   51377  126412   50949  126437   50499  126660   50048
 48200  127075   49620  127658   49235  128373   48913  129176   48664
 48202  130014   48495  130835   48405  131593   48388  132248   48432
 48204  132771   48522  133143   48642  133356   48776  133414   48906
 48206  133325   49019  133108   49103  132784   49147  132380   49145
 48208  131922   49093  131437   48989  130952   48834  130493   48631
 48210  130082   48385  129737   48103  129475   47792  129307   47461
 48212  129240   47119  129278   46776  129419   46440  129659   46121
 48214  129988   45826  130394   45563  130863   45336  131378   45149
 48216  131921   45006  132474   44908  133015   44853  133528   44839
 48218  133994   44863  134397   44920  134723   45002  134961   45102
 48220  135101   45210  135141   45318  135079   45414  134920   45487
 48222  134675   45528  134359   45524  133996   45468  133612   45351
 48224  133241   45171  132921   44925  132690   44618  132587   44258
 48226  132644   43859  132889   43438  133331   43017  133970   42618
 48228  134785   42264  135743   41975  136795   41764  137886   41639
 48230  138958   41599  139958   41637  140839   41741  141569   41893
 48232  142128   42073  142511   42264  142722   42446  142779   42604
 48234  142705   42726  142526   42803  142273   42829  141977   42803
 48236  141666   42724  141368   42597  141106   42425  140901   42215
 48238  140769   41974  140724   41712  140774   41437  140924   41158
 48240  141174   40883  141522   40623  141960   40384  142479   40174
 48242  143065   39999  143703   39864  144376   39772  145064   39726
 48244  145748   39725  146408   39768  147025   39851  147581   39970
 48246  148062   40119  148454   40290  148748   40473  148939   40660
 48248  149026   40841  149012   41005  148905   41142  148720   41243
 48250  148475   41299  148193   41303  147901   41251  147630   41141
 48252  147415   40973  147288   40751  147283   40485  147428   40186
 48254  147744   39870  148243   39557  148925   39266  149774   39017
 48256  150761   38830  151844   38718  152971   38689  154086   38747
 48258  155132   38884  156060   39089  156833   39344  157425   39630
 48260  157828   39926  158047   40210  158099   40467  158010   40681
 48262  157812   40845  157539   40953  157225   41003  156903   40997
 48264  156602   40942  156344   40842  156151   40706  156036   40543
 48266  156011   40362  156081   40174  156248   39986  156510   39808
 48268  156862   39649  157296   39514  157800   39412  158360   39347
 48270  158959   39324  159581   39345  160206   39411  160814   39521
 48272  161386   39674  161902   39866  162346   40090  162702   40340
 48274  162958   40607  163108   40882  163147   41154  163077   41413
 48276  162905   41647  162643   41848  162308   42007  161923   42117
 48278  161512   42172  161105   42171  160733   42113  160425   42003
 48280  160213   41846  160121   41653  160173   41436  160383   41210
 48282  160756   40992  161288   40799  161964   40649  162757   40557
 48284  163630   40534  164539   40588  165434   40719  166265   40925
 48286  166986   41193  167559   41510  167960   41856  168174   42210
 48288  168205   42553  168067   42866  167784   43135  167390   43348
 48290  166919   43501  166408   43591  165893   43622  165404   43598
 48292  164965   43527  164599   43420  164317   43286  164131   43135
 48294  164042   42979  164052   42826  164154   42686  164343   42567
 48296  164606   42476  164932   42418  165304   42398  165707   42420
 48298  166123   42485  166532   42594  166917   42745  167257   42935
 48300  167534   43161  167732   43416  167838   43692  167839   43981
 48302  167729   44272  167506   44554  167173   44816  166739   45048
 48304  166220   45238  165635   45380  165011   45466  164375   45494
 48306  163760   45461  163197   45372  162717   45232  162345   45051
 48308  162105   44840  162012   44613  162071   44388  162282   44179
 48310  162633   44002  163103   43871  163662   43799  164276   43792
 48312  164903   43856  165500   43988  166026   44184  166444   44433
 48314  166721   44722  166839   45032  166786   45347  166564   45647
 48316  166187   45916  165677   46139  165063   46307  164381   46413
 48318  163665   46456  162950   46436  162268   46360  161645   46237
 48320  161101   46074  160651   45885  160303   45680  160059   45470
 48322  159918   45265  159872   45075  159912   44907  160025   44770
 48324  160197   44667  160410   44603  160649   44580  160893   44600
 48326  161126   44661  161329   44763  161484   44901  161574   45071
 48328  161584   45266  161502   45479  161318   45700  161026   45920
 48330  160624   46128  160118   46311  159516   46460  158837   46563
 48332  158101   46613  157337   46602  156577   46529  155854   46393
 48334  155202   46199  154654   45954  154234   45672  153963   45365
 48336  153851   45051  153898   44747  154094   44470  154419   44235
 48338  154844   44053  155334   43934  155852   43882  156355   43898
 48340  156805   43976  157166   44109  157408   44285  157510   44488
 48342  157459   44704  157252   44916  156895   45107  156403   45264
 48344  155799   45375  155111   45431  154371   45427  153613   45363
 48346  152867   45239  152163   45062  151526   44839  150976   44580
 48348  150527   44296  150185   43999  149953   43698  149827   43405
 48350  149799   43130  149859   42880  149991   42661  150179   42480
 48352  150406   42339  150653   42240  150901   42183  151133   42167
 48354  151331   42190  151477   42247  151558   42333  151559   42442
 48356  151471   42566  151284   42695  150996   42820  150607   42931
 48358  150120   43016  149548   43066  148908   43070  148220   43019
 48360  147515   42908  146824   42733  146184   42494  145628   42198
 48362  145192   41852  144903   41469  144780   41067  144831   40663
 48364  145053   40278  145429   39928  145932   39630  146525   39396
 48366  147166   39232  147810   39140  148413   39116  148937   39154
 48368  149348   39240  149623   39360  149748   39500  149719   39641
 48370  149540   39769  149224   39870  148792   39931  148268   39945
