Nutation ephemeris from nutIAU200 for Oct 1985 - Mar 1987 IAU2000               
(1x,i5,8i8,8x,i2)                  2446351 2446910  4 -1          1.E-04
 46351 -117405   75818 -118083   75911 -118805   75928 -119525   75861
 46353 -120192   75711 -120758   75483 -121179   75190 -121425   74852
 46355 -121478   74491 -121338   74130 -121020   73794 -120553   73501
 46357 -119977   73266 -119334   73101 -118671   73008 -118032   72986
 46359 -117454   73030 -116969   73131 -116601   73277 -116365   73454
 46361 -116268   73650 -116312   73850 -116489   74042 -116790   74214
 46363 -117197   74357 -117692   74463 -118253   74525 -118857   74539
 46365 -119481   74503 -120099   74417 -120691   74284 -121235   74106
 46367 -121713   73889 -122110   73640 -122412   73367 -122613   73078
 46369 -122706   72781 -122693   72488 -122575   72206 -122360   71944
 46371 -122058   71710 -121683   71511 -121252   71354 -120782   71242
 46373 -120295   71178 -119810   71163 -119352   71197 -118940   71276
 46375 -118597   71396 -118341   71550 -118188   71727 -118151   71917
 46377 -118237   72106 -118444   72281 -118765   72424 -119184   72522
 46379 -119672   72559 -120196   72526 -120712   72415 -121172   72224
 46381 -121529   71959 -121738   71630 -121766   71256 -121591   70859
 46383 -121209   70463 -120635   70093 -119899   69772 -119044   69517
 46385 -118119   69338 -117178   69241 -116270   69222 -115440   69274
 46387 -114722   69386 -114140   69543 -113708   69729 -113429   69928
 46389 -113299   70127 -113308   70312 -113439   70472 -113672   70597
 46391 -113984   70681 -114351   70719 -114749   70709 -115154   70649
 46393 -115543   70543 -115894   70392 -116189   70201 -116410   69976
 46395 -116543   69724 -116579   69454 -116511   69173 -116335   68892
 46397 -116053   68620 -115670   68365 -115194   68135 -114639   67940
 46399 -114020   67785 -113356   67675 -112666   67614 -111973   67604
 46401 -111300   67643 -110668   67731 -110099   67861 -109611   68028
 46403 -109221   68223 -108940   68436 -108776   68655 -108730   68867
 46405 -108798   69059 -108967   69218 -109219   69332 -109526   69388
 46407 -109856   69378 -110169   69298 -110424   69147 -110577   68930
 46409 -110590   68657 -110429   68343 -110075   68009 -109521   67678
 46411 -108775   67372 -107863   67114 -106826   66923 -105713   66811
 46413 -104579   66784 -103478   66840 -102459   66972 -101561   67168
 46415 -100812   67411 -100228   67684  -99813   67969  -99560   68251
 46417  -99456   68513  -99479   68745  -99607   68937  -99812   69084
 46419 -100067   69182 -100348   69229 -100627   69227 -100882   69178
 46421 -101094   69088 -101242   68960 -101314   68803 -101296   68624
 46423 -101180   68432 -100962   68234 -100640   68042 -100218   67862
 46425  -99700   67705  -99098   67578  -98425   67489  -97699   67444
 46427  -96939   67447  -96167   67502  -95408   67609  -94684   67766
 46429  -94019   67970  -93434   68215  -92948   68492  -92573   68791
 46431  -92319   69100  -92190   69408  -92181   69700  -92282   69964
 46433  -92476   70187  -92740   70360  -93044   70474  -93354   70523
 46435  -93635   70506  -93847   70426  -93955   70289  -93927   70107
 46437  -93737   69893  -93371   69667  -92824   69447  -92106   69256
 46439  -91239   69112  -90258   69031  -89207   69026  -88137   69101
 46441  -87097   69258  -86137   69490  -85297   69785  -84607   70128
 46443  -84086   70500  -83740   70884  -83564   71261  -83544   71617
 46445  -83657   71938  -83879   72215  -84178   72441  -84527   72613
 46447  -84897   72732  -85261   72798  -85595   72817  -85879   72793
 46449  -86097   72734  -86233   72647  -86279   72541  -86228   72425
 46451  -86076   72308  -85826   72198  -85481   72104  -85048   72036
 46453  -84539   72000  -83968   72003  -83352   72052  -82713   72150
 46455  -82073   72300  -81455   72501  -80884   72752  -80384   73047
 46457  -79977   73380  -79680   73741  -79508   74119  -79467   74500
 46459  -79557   74870  -79771   75216  -80094   75522  -80503   75779
 46461  -80969   75976  -81458   76108  -81934   76173  -82361   76171
 46463  -82701   76110  -82925   76000  -83008   75853  -82933   75685
 46465  -82693   75516  -82291   75362  -81744   75242  -81075   75171
 46467  -80318   75163  -79513   75225  -78704   75362  -77936   75572
 46469  -77249   75850  -76680   76183  -76255   76559  -75993   76959
 46471  -75899   77368  -75969   77767  -76191   78142  -76543   78479
 46473  -76999   78768  -77531   79004  -78107   79181  -78698   79302
 46475  -79277   79368  -79818   79383  -80303   79355  -80714   79292
 46477  -81038   79201  -81267   79093  -81397   78977  -81427   78861
 46479  -81360   78755  -81202   78668  -80961   78607  -80650   78579
 46481  -80284   78592  -79881   78649  -79460   78754  -79043   78909
 46483  -78653   79114  -78315   79365  -78051   79659  -77884   79988
 46485  -77830   80341  -77903   80707  -78111   81071  -78452   81418
 46487  -78916   81733  -79487   82001  -80135   82210  -80829   82351
 46489  -81529   82419  -82195   82414  -82787   82341  -83269   82209
 46491  -83614   82031  -83801   81825  -83822   81608  -83680   81400
 46493  -83387   81219  -82967   81080  -82451   80998  -81875   80980
 46495  -81279   81032  -80704   81153  -80189   81341  -79768   81585
 46497  -79468   81876  -79311   82199  -79307   82538  -79460   82879
 46499  -79762   83205  -80201   83502  -80756   83759  -81402   83967
 46501  -82111   84120  -82853   84214  -83599   84251  -84323   84232
 46503  -85001   84164  -85611   84052  -86139   83905  -86573   83733
 46505  -86906   83546  -87135   83352  -87261   83161  -87289   82983
 46507  -87227   82827  -87086   82698  -86879   82605  -86623   82552
 46509  -86334   82543  -86033   82581  -85741   82668  -85479   82801
 46511  -85268   82979  -85131   83196  -85087   83445  -85152   83715
 46513  -85339   83996  -85654   84273  -86097   84530  -86658   84753
 46515  -87318   84926  -88049   85036  -88816   85073  -89576   85033
 46517  -90284   84915  -90898   84725  -91379   84475  -91698   84182
 46519  -91838   83865  -91794   83545  -91577   83245  -91210   82983
 46521  -90724   82775  -90159   82632  -89559   82560  -88966   82561
 46523  -88421   82631  -87960   82762  -87611   82944  -87397   83162
 46525  -87328   83402  -87411   83650  -87640   83890  -88006   84109
 46527  -88491   84295  -89073   84437  -89728   84530  -90429   84568
 46529  -91146   84549  -91855   84475  -92528   84349  -93144   84176
 46531  -93684   83963  -94133   83720  -94482   83454  -94725   83177
 46533  -94860   82898  -94890   82626  -94822   82371  -94666   82141
 46535  -94434   81943  -94142   81782  -93807   81664  -93448   81591
 46537  -93083   81565  -92734   81586  -92420   81652  -92161   81759
 46539  -91976   81902  -91882   82074  -91892   82264  -92016   82462
 46541  -92259   82655  -92620   82828  -93087   82967  -93645   83058
 46543  -94265   83087  -94912   83046  -95546   82927  -96120   82730
 46545  -96589   82461  -96911   82131  -97055   81758  -97001   81363
 46547  -96746   80970  -96303   80604  -95699   80284  -94975   80029
 46549  -94180   79850  -93363   79751  -92576   79730  -91860   79782
 46551  -91254   79894  -90783   80053  -90463   80243  -90302   80447
 46553  -90296   80649  -90434   80836  -90701   80994  -91075   81114
 46555  -91532   81188  -92044   81210  -92584   81178  -93126   81093
 46557  -93645   80955  -94116   80771  -94522   80545  -94844   80286
 46559  -95070   80001  -95193   79701  -95209   79394  -95117   79091
 46561  -94922   78801  -94633   78533  -94261   78294  -93820   78091
 46563  -93328   77930  -92801   77813  -92261   77743  -91728   77722
 46565  -91220   77746  -90758   77814  -90360   77920  -90041   78058
 46567  -89817   78221  -89697   78398  -89686   78579  -89788   78751
 46569  -89996   78903  -90301   79019  -90683   79090  -91117   79102
 46571  -91570   79048  -92004   78921  -92374   78722  -92639   78455
 46573  -92756   78130  -92693   77764  -92428   77378  -91954   76995
 46575  -91282   76640  -90441   76337  -89472   76104  -88429   75953
 46577  -87368   75890  -86346   75913  -85413   76013  -84609   76176
 46579  -83962   76385  -83486   76622  -83184   76868  -83048   77105
 46581  -83062   77319  -83203   77498  -83446   77632  -83762   77715
 46583  -84121   77745  -84496   77720  -84860   77643  -85188   77518
 46585  -85460   77350  -85659   77146  -85769   76915  -85782   76665
 46587  -85692   76406  -85497   76147  -85199   75897  -84804   75666
 46589  -84322   75462  -83766   75291  -83152   75160  -82498   75074
 46591  -81822   75035  -81146   75045  -80490   75102  -79875   75205
 46593  -79319   75349  -78839   75528  -78450   75735  -78162   75961
 46595  -77983   76195  -77915   76427  -77955   76645  -78096   76837
 46597  -78322   76991  -78613   77098  -78944   77149  -79282   77136
 46599  -79591   77057  -79834   76913  -79971   76708  -79965   76453
 46601  -79788   76162  -79417   75855  -78846   75554  -78084   75281
 46603  -77154   75060  -76096   74909  -74961   74841  -73806   74863
 46605  -72691   74973  -71669   75164  -70785   75420  -70069   75724
 46607  -69539   76054  -69196   76390  -69032   76712  -69025   77006
 46609  -69150   77257  -69376   77457  -69670   77601  -70000   77688
 46611  -70336   77718  -70651   77696  -70921   77626  -71127   77516
 46613  -71253   77375  -71288   77211  -71224   77034  -71059   76853
 46615  -70793   76678  -70431   76518  -69980   76380  -69451   76274
 46617  -68859   76204  -68220   76177  -67553   76197  -66879   76264
 46619  -66217   76381  -65590   76545  -65017   76752  -64517   76998
 46621  -64107   77275  -63799   77574  -63602   77885  -63520   78198
 46623  -63552   78501  -63691   78782  -63925   79029  -64235   79234
 46625  -64597   79386  -64984   79480  -65364   79512  -65701   79481
 46627  -65962   79391  -66113   79249  -66123   79065  -65969   78855
 46629  -65636   78635  -65122   78427  -64435   78251  -63599   78125
 46631  -62648   78067  -61629   78089  -60594   78196  -59599   78389
 46633  -58695   78659  -57927   78993  -57328   79373  -56916   79778
 46635  -56695   80187  -56657   80580  -56781   80939  -57039   81251
 46637  -57398   81507  -57822   81701  -58277   81833  -58730   81906
 46639  -59154   81923  -59524   81893  -59822   81823  -60034   81724
 46641  -60150   81606  -60166   81478  -60081   81350  -59898   81232
 46643  -59624   81133  -59269   81060  -58845   81020  -58367   81020
 46645  -57852   81064  -57320   81154  -56792   81292  -56287   81479
 46647  -55827   81711  -55433   81983  -55122   82291  -54910   82626
 46649  -54810   82977  -54827   83334  -54964   83685  -55218   84018
 46651  -55576   84320  -56024   84581  -56537   84790  -57089   84941
 46653  -57648   85030  -58181   85054  -58654   85017  -59033   84926
 46655  -59291   84788  -59403   84619  -59355   84433  -59138   84248
 46657  -58758   84083  -58228   83954  -57575   83879  -56832   83871
 46659  -56043   83938  -55253   84084  -54513   84307  -53865   84600
 46661  -53350   84949  -52997   85339  -52822   85749  -52830   86159
 46663  -53014   86550  -53353   86905  -53821   87210  -54385   87456
 46665  -55008   87637  -55656   87753  -56295   87806  -56895   87802
 46667  -57433   87749  -57889   87656  -58252   87535  -58513   87396
 46669  -58669   87250  -58723   87107  -58679   86977  -58546   86868
 46671  -58337   86788  -58064   86744  -57745   86740  -57398   86780
 46673  -57040   86866  -56694   87000  -56378   87179  -56113   87402
 46675  -55918   87663  -55812   87955  -55808   88270  -55918   88598
 46677  -56148   88926  -56499   89242  -56964   89533  -57530   89787
 46679  -58178   89992  -58881   90138  -59609   90219  -60325   90233
 46681  -60994   90179  -61581   90063  -62053   89895  -62384   89687
 46683  -62558   89455  -62565   89217  -62408   88990  -62099   88794
 46685  -61660   88643  -61124   88551  -60528   88528  -59912   88578
 46687  -59322   88702  -58798   88894  -58378   89145  -58092   89443
 46689  -57962   89770  -58000   90110  -58207   90444  -58572   90754
 46691  -59076   91026  -59694   91246  -60394   91407  -61141   91503
 46693  -61902   91533  -62644   91501  -63338   91412  -63961   91274
 46695  -64493   91098  -64924   90894  -65245   90674  -65457   90449
 46697  -65561   90231  -65567   90027  -65484   89848  -65326   89700
 46699  -65109   89590  -64851   89521  -64569   89497  -64283   89519
 46701  -64013   89587  -63778   89698  -63597   89851  -63487   90038
 46703  -63465   90254  -63543   90490  -63732   90735  -64036   90978
 46705  -64456   91206  -64984   91406  -65606   91566  -66303   91672
 46707  -67045   91716  -67798   91691  -68526   91594  -69187   91426
 46709  -69745   91196  -70166   90914  -70424   90596  -70506   90261
 46711  -70408   89928  -70140   89619  -69723   89350  -69190   89138
 46713  -68579   88994  -67934   88923  -67300   88928  -66718   89003
 46715  -66227   89141  -65858   89330  -65632   89554  -65565   89797
 46717  -65657   90042  -65905   90273  -66293   90474  -66801   90633
 46719  -67401   90740  -68064   90788  -68756   90773  -69447   90697
 46721  -70107   90561  -70708   90372  -71229   90139  -71653   89870
 46723  -71968   89578  -72170   89274  -72258   88969  -72237   88673
 46725  -72116   88396  -71907   88146  -71626   87932  -71289   87757
 46727  -70916   87626  -70525   87541  -70137   87502  -69770   87508
 46729  -69443   87557  -69173   87644  -68976   87764  -68866   87910
 46731  -68853   88072  -68945   88242  -69145   88407  -69452   88557
 46733  -69858   88678  -70349   88759  -70905   88788  -71498   88756
 46735  -72095   88656  -72657   88484  -73143   88242  -73513   87937
 46737  -73732   87581  -73772   87190  -73617   86785  -73265   86389
 46739  -72731   86024  -72042   85709  -71237   85463  -70365   85294
 46741  -69478   85208  -68625   85203  -67853   85270  -67198   85397
 46743  -66689   85570  -66342   85770  -66161   85980  -66143   86181
 46745  -66274   86360  -66533   86502  -66894   86597  -67329   86637
 46747  -67806   86619  -68296   86542  -68767   86408  -69195   86220
 46749  -69554   85986  -69826   85714  -69997   85415  -70059   85098
 46751  -70006   84775  -69842   84456  -69571   84152  -69203   83872
 46753  -68753   83623  -68237   83413  -67673   83246  -67080   83125
 46755  -66478   83051  -65889   83025  -65330   83044  -64820   83104
 46757  -64375   83201  -64008   83327  -63732   83476  -63554   83638
 46759  -63478   83805  -63505   83964  -63632   84106  -63848   84220
 46761  -64140   84294  -64487   84320  -64863   84288  -65237   84192
 46763  -65573   84030  -65832   83804  -65975   83517  -65967   83182
 46765  -65778   82814  -65389   82433  -64797   82063  -64011   81725
 46767  -63060   81444  -61986   81236  -60842   81114  -59687   81083
 46769  -58580   81139  -57572   81274  -56706   81472  -56010   81714
 46771  -55497   81978  -55170   82246  -55016   82496  -55015   82715
 46773  -55139   82889  -55357   83010  -55636   83072  -55943   83075
 46775  -56247   83020  -56520   82911  -56737   82754  -56879   82557
 46777  -56930   82331  -56878   82084  -56720   81828  -56452   81572
 46779  -56080   81327  -55610   81102  -55053   80906  -54424   80746
 46781  -53740   80627  -53020   80554  -52284   80529  -51553   80552
 46783  -50846   80622  -50182   80737  -49580   80891  -49055   81079
 46785  -48618   81293  -48280   81525  -48045   81765  -47916   82004
 46787  -47889   82232  -47957   82437  -48108   82612  -48326   82745
 46789  -48590   82830  -48873   82860  -49147   82831  -49379   82742
 46791  -49534   82595  -49578   82395  -49480   82153  -49212   81883
 46793  -48757   81603  -48108   81333  -47272   81096  -46273   80912
 46795  -45147   80801  -43946   80776  -42728   80844  -41555   81003
 46797  -40483   81244  -39562   81552  -38824   81906  -38287   82282
 46799  -37953   82658  -37807   83011  -37825   83324  -37974   83585
 46801  -38217   83784  -38515   83919  -38832   83990  -39135   84000
 46803  -39396   83956  -39592   83867  -39705   83743  -39723   83594
 46805  -39638   83431  -39449   83264  -39157   83104  -38770   82961
 46807  -38295   82842  -37747   82756  -37140   82709  -36492   82705
 46809  -35822   82747  -35149   82837  -34494   82975  -33878   83159
 46811  -33318   83384  -32832   83646  -32434   83936  -32135   84248
 46813  -31943   84572  -31862   84898  -31889   85215  -32020   85514
 46815  -32244   85783  -32545   86015  -32903   86201  -33296   86335
 46817  -33697   86413  -34076   86434  -34403   86398  -34647   86310
 46819  -34779   86177  -34774   86010  -34612   85822  -34279   85630
 46821  -33772   85452  -33100   85307  -32284   85213  -31355   85188
 46823  -30357   85242  -29343   85383  -28369   85611  -27489   85918
 46825  -26751   86290  -26192   86707  -25833   87147  -25680   87586
 46827  -25721   88000  -25932   88371  -26279   88683  -26722   88927
 46829  -27219   89100  -27729   89202  -28216   89238  -28651   89218
 46831  -29010   89152  -29277   89050  -29441   88926  -29498   88791
 46833  -29450   88657  -29301   88535  -29062   88432  -28743   88359
 46835  -28361   88320  -27931   88322  -27471   88368  -27001   88460
 46837  -26541   88599  -26109   88783  -25725   89010  -25407   89275
 46839  -25170   89572  -25028   89894  -24992   90231  -25067   90574
 46841  -25255   90913  -25552   91235  -25951   91531  -26439   91791
 46843  -26995   92005  -27599   92167  -28222   92272  -28836   92317
 46845  -29412   92303  -29917   92234  -30326   92116  -30612   91959
 46847  -30755   91777  -30744   91583  -30572   91393  -30245   91225
 46849  -29774   91095  -29185   91018  -28509   91007  -27787   91071
 46851  -27063   91213  -26387   91432  -25804   91721  -25355   92066
 46853  -25072   92450  -24975   92853  -25068   93252  -25344   93626
 46855  -25782   93955  -26349   94224  -27006   94424  -27712   94549
 46857  -28426   94599  -29108   94581  -29729   94503  -30263   94377
 46859  -30693   94214  -31010   94030  -31211   93836  -31301   93646
 46861  -31287   93470  -31181   93318  -30998   93198  -30756   93116
 46863  -30472   93075  -30166   93080  -29858   93131  -29566   93228
 46865  -29310   93368  -29108   93549  -28975   93764  -28928   94008
 46867  -28976   94272  -29130   94548  -29393   94824  -29767   95092
 46869  -30247   95338  -30823   95553  -31479   95726  -32196   95847
 46871  -32946   95912  -33701   95914  -34430   95852  -35099   95730
 46873  -35678   95553  -36138   95329  -36458   95073  -36623   94797
 46875  -36625   94520  -36467   94258  -36162   94028  -35731   93844
 46877  -35205   93721  -34620   93666  -34017   93684  -33438   93775
 46879  -32927   93935  -32520   94154  -32250   94419  -32140   94711
 46881  -32201   95014  -32435   95306  -32830   95569  -33365   95787
 46883  -34011   95946  -34731   96037  -35486   96055  -36238   96001
 46885  -36950   95881  -37591   95701  -38137   95474  -38570   95213
 46887  -38882   94931  -39071   94642  -39141   94358  -39102   94092
 46889  -38969   93854  -38758   93650  -38488   93487  -38180   93369
 46891  -37855   93298  -37532   93273  -37232   93295  -36972   93359
 46893  -36771   93462  -36641   93598  -36598   93759  -36649   93938
 46895  -36804   94126  -37064   94312  -37428   94487  -37892   94638
 46897  -38444   94755  -39068   94829  -39742   94850  -40440   94812
 46899  -41130   94709  -41780   94543  -42355   94314  -42821   94031
 46901  -43150   93703  -43319   93347  -43316   92978  -43137   92616
 46903  -42792   92279  -42301   91985  -41694   91749  -41009   91582
 46905  -40289   91490  -39580   91475  -38925   91532  -38364   91653
 46907  -37929   91824  -37643   92030  -37522   92254  -37567   92476
 46909  -37772   92679  -38119   92847  -38585   92965  -39138   93025
