Nutation ephemeris from nutIAU200 for Oct 1993 - Mar 1995 IAU2000               
(1x,i5,8i8,8x,i2)                  2449273 2449832  4 -1          1.E-04
 49273  149847  -32412  149288  -32352  148641  -32344  147939  -32398
 49275  147219  -32522  146526  -32716  145902  -32975  145386  -33289
 49277  145008  -33642  144785  -34017  144721  -34393  144806  -34752
 49279  145019  -35078  145331  -35359  145707  -35587  146112  -35759
 49281  146511  -35875  146873  -35939  147174  -35958  147394  -35940
 49283  147519  -35894  147540  -35830  147456  -35758  147268  -35687
 49285  146981  -35626  146605  -35581  146151  -35559  145634  -35566
 49287  145069  -35605  144473  -35680  143863  -35792  143257  -35941
 49289  142674  -36126  142128  -36345  141638  -36593  141215  -36867
 49291  140871  -37159  140616  -37465  140456  -37775  140392  -38083
 49293  140422  -38381  140543  -38661  140745  -38916  141015  -39140
 49295  141338  -39327  141696  -39475  142068  -39581  142433  -39645
 49297  142769  -39669  143053  -39657  143266  -39615  143390  -39551
 49299  143413  -39476  143326  -39401  143127  -39339  142822  -39302
 49301  142426  -39304  141959  -39354  141451  -39463  140938  -39634
 49303  140457  -39869  140049  -40163  139748  -40507  139584  -40887
 49305  139576  -41287  139728  -41689  140035  -42072  140477  -42422
 49307  141024  -42725  141642  -42971  142291  -43158  142934  -43284
 49309  143537  -43354  144072  -43376  144516  -43358  144855  -43313
 49311  145082  -43250  145195  -43180  145199  -43113  145102  -43058
 49313  144915  -43022  144654  -43012  144334  -43031  143972  -43084
 49315  143586  -43172  143195  -43295  142815  -43454  142465  -43647
 49317  142160  -43870  141916  -44119  141745  -44389  141657  -44675
 49319  141661  -44968  141762  -45262  141961  -45549  142254  -45820
 49321  142635  -46068  143094  -46287  143615  -46469  144180  -46610
 49323  144768  -46707  145357  -46760  145923  -46768  146443  -46737
 49325  146894  -46671  147260  -46579  147524  -46470  147679  -46355
 49327  147722  -46247  147657  -46156  147494  -46096  147253  -46076
 49329  146956  -46105  146633  -46188  146318  -46329  146045  -46525
 49331  145848  -46771  145756  -47059  145794  -47375  145977  -47706
 49333  146310  -48034  146787  -48343  147391  -48619  148097  -48848
 49335  148871  -49021  149677  -49134  150478  -49186  151239  -49182
 49337  151929  -49127  152524  -49032  153009  -48907  153375  -48764
 49339  153620  -48615  153748  -48470  153769  -48338  153697  -48227
 49341  153547  -48144  153338  -48092  153088  -48074  152816  -48092
 49343  152541  -48146  152281  -48234  152053  -48354  151873  -48502
 49345  151754  -48673  151708  -48863  151745  -49065  151872  -49271
 49347  152093  -49475  152408  -49669  152814  -49845  153304  -49995
 49349  153866  -50113  154485  -50191  155140  -50226  155811  -50215
 49351  156472  -50156  157097  -50053  157661  -49909  158141  -49733
 49353  158519  -49532  158782  -49319  158923  -49105  158943  -48905
 49355  158851  -48731  158665  -48593  158407  -48502  158105  -48462
 49357  157793  -48478  157501  -48548  157264  -48669  157109  -48832
 49359  157062  -49029  157138  -49245  157347  -49467  157689  -49681
 49361  158156  -49872  158731  -50027  159389  -50137  160100  -50194
 49363  160833  -50194  161554  -50138  162231  -50029  162836  -49873
 49365  163346  -49679  163746  -49458  164026  -49220  164183  -48978
 49367  164221  -48741  164150  -48520  163983  -48321  163737  -48153
 49369  163431  -48018  163084  -47919  162716  -47858  162347  -47833
 49371  161994  -47843  161674  -47885  161403  -47954  161192  -48046
 49373  161054  -48155  160995  -48273  161022  -48396  161137  -48514
 49375  161340  -48622  161628  -48711  161993  -48775  162424  -48807
 49377  162907  -48800  163421  -48751  163947  -48657  164457  -48516
 49379  164928  -48332  165332  -48108  165645  -47853  165848  -47576
 49381  165927  -47290  165874  -47009  165694  -46747  165398  -46517
 49383  165007  -46332  164549  -46201  164057  -46128  163567  -46115
 49385  163115  -46158  162732  -46251  162445  -46383  162272  -46541
 49387  162226  -46711  162307  -46879  162509  -47031  162817  -47155
 49389  163212  -47240  163667  -47279  164155  -47267  164644  -47203
 49391  165107  -47089  165517  -46928  165850  -46728  166087  -46496
 49393  166216  -46243  166229  -45980  166126  -45715  165909  -45460
 49395  165590  -45223  165180  -45012  164697  -44833  164158  -44690
 49397  163584  -44585  162994  -44519  162407  -44490  161842  -44498
 49399  161314  -44537  160837  -44604  160424  -44692  160084  -44796
 49401  159824  -44910  159647  -45026  159554  -45137  159544  -45237
 49403  159613  -45319  159752  -45376  159950  -45403  160193  -45394
 49405  160464  -45345  160742  -45255  161005  -45123  161230  -44950
 49407  161390  -44742  161464  -44504  161432  -44247  161278  -43984
 49409  160995  -43727  160586  -43492  160062  -43294  159444  -43146
 49411  158764  -43056  158058  -43032  157366  -43072  156727  -43173
 49413  156175  -43325  155737  -43516  155430  -43730  155259  -43950
 49415  155220  -44161  155300  -44349  155478  -44502  155726  -44611
 49417  156017  -44671  156319  -44680  156604  -44639  156846  -44553
 49419  157020  -44425  157110  -44266  157100  -44083  156984  -43886
 49421  156758  -43685  156423  -43489  155987  -43307  155459  -43147
 49423  154854  -43016  154187  -42918  153477  -42857  152742  -42835
 49425  152003  -42852  151276  -42906  150579  -42995  149929  -43116
 49427  149337  -43262  148815  -43428  148370  -43608  148007  -43794
 49429  147729  -43981  147535  -44161  147421  -44328  147380  -44475
 49431  147404  -44597  147480  -44688  147593  -44745  147728  -44765
 49433  147866  -44747  147986  -44691  148066  -44598  148087  -44474
 49435  148028  -44325  147872  -44160  147606  -43991  147222  -43829
 49437  146723  -43690  146118  -43587  145427  -43533  144681  -43539
 49439  143915  -43611  143171  -43751  142491  -43954  141911  -44211
 49441  141461  -44507  141159  -44825  141010  -45148  141006  -45456
 49443  141127  -45735  141348  -45972  141635  -46158  141953  -46290
 49445  142269  -46367  142551  -46393  142773  -46375  142914  -46318
 49447  142958  -46235  142897  -46133  142728  -46023  142450  -45915
 49449  142071  -45818  141599  -45739  141048  -45685  140433  -45662
 49451  139770  -45673  139078  -45722  138376  -45807  137680  -45931
 49453  137009  -46089  136379  -46280  135804  -46498  135297  -46739
 49455  134865  -46996  134516  -47263  134254  -47533  134078  -47799
 49457  133985  -48054  133971  -48292  134026  -48507  134139  -48693
 49459  134297  -48848  134484  -48966  134682  -49048  134875  -49093
 49461  135042  -49103  135165  -49079  135226  -49029  135209  -48957
 49463  135100  -48873  134891  -48788  134576  -48713  134160  -48660
 49465  133652  -48641  133071  -48670  132445  -48754  131807  -48901
 49467  131196  -49112  130653  -49385  130214  -49710  129912  -50075
 49469  129766  -50462  129784  -50852  129960  -51227  130272  -51568
 49471  130692  -51862  131181  -52100  131699  -52278  132209  -52396
 49473  132674  -52458  133065  -52473  133362  -52451  133550  -52402
 49475  133622  -52338  133578  -52270  133424  -52208  133169  -52161
 49477  132825  -52135  132410  -52137  131940  -52172  131432  -52241
 49479  130907  -52347  130382  -52489  129875  -52666  129402  -52875
 49481  128978  -53112  128617  -53372  128328  -53651  128121  -53942
 49483  127999  -54237  127965  -54531  128018  -54815  128152  -55084
 49485  128362  -55331  128635  -55550  128959  -55737  129319  -55889
 49487  129697  -56003  130076  -56078  130435  -56116  130758  -56120
 49489  131025  -56094  131223  -56043  131336  -55975  131357  -55900
 49491  131279  -55828  131103  -55769  130836  -55734  130490  -55734
 49493  130085  -55779  129647  -55875  129207  -56029  128800  -56241
 49495  128462  -56508  128228  -56822  128127  -57172  128178  -57541
 49497  128392  -57913  128763  -58268  129275  -58590  129898  -58864
 49499  130595  -59079  131326  -59230  132046  -59318  132719  -59348
 49501  133311  -59326  133799  -59266  134167  -59178  134409  -59075
 49503  134525  -58970  134524  -58874  134417  -58795  134222  -58742
 49505  133955  -58719  133637  -58730  133288  -58776  132927  -58859
 49507  132574  -58978  132245  -59129  131956  -59310  131721  -59516
 49509  131553  -59741  131460  -59981  131448  -60228  131523  -60475
 49511  131684  -60717  131929  -60945  132252  -61154  132644  -61336
 49513  133094  -61487  133587  -61603  134105  -61680  134631  -61718
 49515  135144  -61715  135625  -61675  136055  -61601  136417  -61499
 49517  136696  -61376  136881  -61241  136967  -61103  136952  -60973
 49519  136841  -60861  136644  -60778  136377  -60732  136064  -60732
 49521  135730  -60782  135405  -60886  135123  -61041  134913  -61244
 49523  134806  -61486  134826  -61757  134989  -62043  135301  -62326
 49525  135759  -62591  136346  -62823  137037  -63007  137798  -63135
 49527  138591  -63201  139373  -63204  140109  -63148  140762  -63042
 49529  141309  -62895  141731  -62721  142022  -62533  142181  -62344
 49531  142216  -62165  142140  -62006  141973  -61874  141732  -61776
 49533  141441  -61714  141121  -61689  140792  -61702  140473  -61751
 49535  140183  -61832  139937  -61941  139747  -62073  139625  -62223
 49537  139578  -62384  139612  -62549  139729  -62713  139929  -62867
 49539  140209  -63006  140561  -63122  140976  -63211  141442  -63266
 49541  141943  -63284  142462  -63263  142979  -63201  143473  -63099
 49543  143924  -62960  144312  -62788  144620  -62590  144833  -62375
 49545  144943  -62152  144946  -61932  144842  -61726  144642  -61545
 49547  144359  -61399  144015  -61295  143635  -61240  143247  -61236
 49549  142883  -61284  142571  -61380  142342  -61518  142217  -61688
 49551  142216  -61878  142348  -62075  142615  -62264  143009  -62431
 49553  143513  -62563  144103  -62648  144747  -62680  145411  -62654
 49555  146059  -62570  146655  -62432  147171  -62247  147581  -62026
 49557  147869  -61780  148026  -61522  148054  -61265  147957  -61020
 49559  147751  -60797  147452  -60603  147082  -60446  146662  -60326
 49561  146214  -60247  145761  -60206  145322  -60202  144914  -60231
 49563  144552  -60288  144250  -60368  144015  -60464  143857  -60570
 49565  143777  -60678  143778  -60783  143858  -60878  144012  -60956
 49567  144233  -61012  144511  -61039  144834  -61033  145186  -60990
 49569  145549  -60909  145905  -60789  146232  -60630  146511  -60436
 49571  146721  -60211  146845  -59963  146868  -59700  146782  -59434
 49573  146583  -59176  146276  -58938  145872  -58732  145390  -58566
 49575  144852  -58449  144290  -58386  143735  -58377  143218  -58422
 49577  142770  -58512  142416  -58641  142176  -58796  142061  -58963
 49579  142076  -59129  142214  -59281  142462  -59404  142800  -59489
 49581  143201  -59527  143636  -59513  144071  -59446  144477  -59327
 49583  144822  -59162  145083  -58957  145239  -58722  145278  -58469
 49585  145194  -58209  144987  -57953  144666  -57713  144242  -57497
 49587  143733  -57313  143159  -57165  142541  -57058  141902  -56991
 49589  141263  -56965  140642  -56976  140059  -57020  139526  -57092
 49591  139056  -57186  138657  -57295  138335  -57414  138092  -57534
 49593  137928  -57649  137840  -57753  137823  -57840  137867  -57905
 49595  137963  -57941  138098  -57946  138257  -57916  138424  -57850
 49597  138579  -57747  138705  -57608  138781  -57437  138789  -57239
 49599  138713  -57021  138537  -56791  138255  -56560  137861  -56341
 49601  137362  -56145  136769  -55985  136103  -55870  135389  -55810
 49603  134661  -55808  133952  -55864  133299  -55976  132732  -56135
 49605  132276  -56329  131948  -56546  131756  -56769  131695  -56984
 49607  131754  -57176  131913  -57334  132146  -57447  132422  -57512
 49609  132710  -57524  132979  -57486  133200  -57401  133349  -57276
 49611  133406  -57120  133357  -56941  133194  -56752  132916  -56562
 49613  132526  -56382  132034  -56221  131453  -56088  130800  -55987
 49615  130095  -55925  129359  -55903  128611  -55921  127873  -55978
 49617  127163  -56072  126498  -56197  125890  -56350  125350  -56522
 49619  124887  -56709  124503  -56902  124201  -57095  123977  -57281
 49621  123829  -57455  123748  -57609  123725  -57740  123748  -57843
 49623  123806  -57915  123882  -57954  123961  -57958  124026  -57929
 49625  124060  -57867  124046  -57776  123967  -57661  123808  -57529
 49627  123558  -57389  123209  -57250  122758  -57123  122210  -57021
 49629  121577  -56955  120877  -56936  120138  -56971  119393  -57067
 49631  118677  -57224  118029  -57438  117482  -57700  117062  -57998
 49633  116787  -58316  116661  -58637  116679  -58944  116823  -59221
 49635  117065  -59456  117373  -59640  117711  -59770  118045  -59845
 49637  118341  -59869  118572  -59848  118716  -59790  118756  -59707
 49639  118686  -59608  118501  -59505  118206  -59408  117808  -59326
 49641  117319  -59267  116756  -59238  116137  -59244  115480  -59287
 49643  114806  -59369  114134  -59490  113484  -59647  112872  -59838
 49645  112312  -60057  111818  -60299  111399  -60559  111060  -60828
 49647  110805  -61101  110633  -61370  110541  -61628  110522  -61870
 49649  110568  -62091  110669  -62285  110811  -62450  110980  -62582
 49651  111161  -62680  111338  -62745  111496  -62777  111617  -62779
 49653  111689  -62755  111695  -62710  111626  -62652  111472  -62587
 49655  111227  -62525  110892  -62477  110471  -62453  109976  -62463
 49657  109425  -62517  108843  -62623  108261  -62786  107714  -63007
 49659  107238  -63284  106868  -63610  106633  -63971  106553  -64351
 49661  106635  -64734  106873  -65100  107248  -65432  107730  -65717
 49663  108281  -65944  108858  -66110  109423  -66216  109936  -66265
 49665  110369  -66268  110698  -66235  110911  -66178  111002  -66110
 49667  110972  -66041  110830  -65983  110588  -65944  110262  -65933
 49669  109870  -65953  109433  -66009  108971  -66102  108504  -66232
 49671  108050  -66398  107627  -66597  107252  -66825  106935  -67077
 49673  106690  -67348  106522  -67630  106437  -67918  106437  -68204
 49675  106518  -68481  106678  -68744  106909  -68987  107199  -69203
 49677  107538  -69390  107911  -69543  108302  -69662  108697  -69746
 49679  109077  -69795  109428  -69811  109734  -69799  109981  -69762
 49681  110158  -69707  110257  -69641  110271  -69573  110198  -69510
 49683  110041  -69461  109808  -69438  109510  -69447  109167  -69498
 49685  108802  -69596  108443  -69745  108120  -69947  107869  -70199
 49687  107719  -70494  107699  -70822  107830  -71169  108121  -71517
 49689  108570  -71849  109161  -72147  109866  -72397  110648  -72587
 49691  111463  -72712  112265  -72772  113013  -72771  113672  -72719
 49693  114217  -72628  114631  -72512  114909  -72385  115055  -72259
 49695  115080  -72148  114999  -72060  114833  -72001  114603  -71978
 49697  114331  -71992  114041  -72043  113751  -72131  113482  -72254
 49699  113250  -72406  113069  -72584  112950  -72782  112904  -72994
 49701  112935  -73213  113047  -73433  113239  -73647  113510  -73848
 49703  113853  -74031  114260  -74190  114720  -74319  115220  -74416
 49705  115745  -74478  116278  -74503  116803  -74491  117302  -74444
 49707  117760  -74364  118160  -74257  118490  -74127  118740  -73983
 49709  118903  -73830  118975  -73680  118959  -73539  118860  -73416
 49711  118689  -73322  118461  -73261  118195  -73242  117917  -73268
 49713  117651  -73341  117427  -73461  117274  -73624  117217  -73823
 49715  117280  -74049  117480  -74289  117826  -74528  118316  -74751
 49717  118936  -74941  119664  -75086  120467  -75174  121304  -75200
 49719  122134  -75161  122913  -75062  123606  -74910  124182  -74717
 49721  124624  -74498  124922  -74267  125079  -74039  125105  -73826
 49723  125018  -73638  124840  -73484  124594  -73368  124306  -73293
 49725  123999  -73258  123695  -73261  123415  -73298  123175  -73366
 49727  122988  -73458  122865  -73567  122813  -73689  122836  -73814
 49729  122937  -73938  123113  -74054  123361  -74155  123674  -74235
 49731  124043  -74290  124456  -74314  124901  -74306  125362  -74262
 49733  125823  -74181  126266  -74064  126674  -73913  127030  -73731
 49735  127319  -73523  127528  -73296  127647  -73057  127671  -72815
 49737  127598  -72580  127433  -72361  127184  -72166  126865  -72004
 49739  126496  -71881  126098  -71802  125698  -71770  125321  -71784
 49741  124995  -71842  124745  -71938  124592  -72064  124555  -72210
 49743  124644  -72363  124863  -72511  125205  -72638  125656  -72734
 49745  126196  -72786  126794  -72786  127416  -72729  128025  -72614
 49747  128584  -72445  129061  -72228  129427  -71975  129665  -71697
 49749  129765  -71409  129726  -71125  129557  -70858  129274  -70617
 49751  128899  -70412  128456  -70248  127971  -70128  127468  -70051
 49753  126971  -70014  126500  -70014  126072  -70046  125701  -70102
 49755  125396  -70177  125164  -70263  125007  -70352  124925  -70438
 49757  124917  -70516  124975  -70577  125093  -70618  125261  -70634
 49759  125467  -70620  125698  -70574  125939  -70495  126175  -70381
 49761  126387  -70232  126561  -70053  126679  -69845  126727  -69614
 49763  126691  -69368  126563  -69113  126338  -68860  126014  -68618
 49765  125597  -68397  125098  -68206  124534  -68054  123927  -67947
 49767  123302  -67889  122687  -67881  122110  -67921  121599  -68005
 49769  121178  -68124  120864  -68268  120670  -68426  120600  -68584
 49771  120651  -68730  120810  -68850  121060  -68935  121375  -68975
 49773  121727  -68966  122083  -68905  122412  -68792  122683  -68634
 49775  122869  -68436  122949  -68210  122909  -67966  122742  -67717
 49777  122449  -67476  122038  -67253  121526  -67060  120930  -66903
 49779  120274  -66787  119583  -66716  118882  -66688  118192  -66703
 49781  117534  -66755  116926  -66839  116379  -66948  115904  -67075
 49783  115506  -67213  115186  -67354  114944  -67492  114775  -67619
 49785  114671  -67730  114626  -67819  114626  -67884  114661  -67919
 49787  114718  -67924  114780  -67896  114834  -67837  114864  -67746
 49789  114855  -67626  114791  -67482  114659  -67317  114447  -67140
 49791  114147  -66957  113754  -66778  113268  -66613  112694  -66472
 49793  112044  -66364  111335  -66297  110592  -66280  109841  -66315
 49795  109113  -66403  108439  -66542  107848  -66726  107364  -66943
 49797  107003  -67183  106775  -67430  106678  -67671  106703  -67892
 49799  106831  -68081  107036  -68227  107290  -68325  107560  -68372
 49801  107814  -68368  108021  -68317  108156  -68225  108198  -68103
 49803  108131  -67959  107948  -67806  107647  -67655  107234  -67516
 49805  106719  -67400  106118  -67314  105451  -67266  104739  -67258
 49807  104005  -67293  103272  -67370  102560  -67486  101889  -67639
 49809  101275  -67821  100730  -68026  100261  -68247   99874  -68476
 49811   99569  -68706   99344  -68931   99193  -69143   99108  -69336
 49813   99079  -69507   99095  -69651   99142  -69765   99206  -69849
 49815   99273  -69900   99328  -69921   99357  -69911   99346  -69875
 49817   99281  -69817   99150  -69741   98945  -69654   98658  -69564
 49819   98285  -69479   97828  -69408   97291  -69361   96687  -69347
 49821   96033  -69375   95351  -69452   94669  -69580   94019  -69763
 49823   93433  -69997   92942  -70275   92572  -70588   92340  -70920
 49825   92256  -71258   92315  -71583   92505  -71882   92799  -72141
 49827   93168  -72350   93575  -72504   93982  -72601   94355  -72646
 49829   94663  -72643   94880  -72603   94991  -72536   94984  -72454
 49831   94857  -72368   94616  -72291   94270  -72232   93833  -72199
