Nutation ephemeris from nutIAU200 for Oct 2011 - Mar 2013 IAU2000               
(1x,i5,8i8,8x,i2)                  2455847 2456406  4 -1          1.E-04
 55847  157620  -14239  157069  -14478  156595  -14739  156207  -15015
 55849  155911  -15298  155709  -15581  155600  -15857  155581  -16117
 55851  155644  -16355  155778  -16565  155970  -16741  156204  -16880
 55853  156461  -16978  156721  -17035  156964  -17051  157168  -17029
 55855  157310  -16974  157373  -16893  157339  -16794  157196  -16689
 55857  156936  -16591  156561  -16514  156078  -16472  155506  -16478
 55859  154873  -16544  154215  -16677  153573  -16882  152991  -17155
 55861  152511  -17489  152170  -17870  151990  -18279  151983  -18697
 55863  152146  -19103  152459  -19477  152892  -19804  153409  -20073
 55865  153969  -20280  154530  -20422  155055  -20506  155514  -20536
 55867  155881  -20524  156141  -20481  156284  -20417  156307  -20345
 55869  156214  -20274  156012  -20216  155713  -20177  155331  -20165
 55871  154883  -20184  154388  -20240  153863  -20333  153329  -20466
 55873  152805  -20637  152308  -20844  151855  -21084  151462  -21354
 55875  151142  -21646  150905  -21955  150760  -22274  150710  -22596
 55877  150757  -22912  150898  -23214  151126  -23496  151432  -23751
 55879  151803  -23973  152223  -24157  152672  -24300  153132  -24401
 55881  153582  -24459  153999  -24478  154364  -24461  154658  -24415
 55883  154865  -24347  154972  -24268  154972  -24188  154864  -24118
 55885  154651  -24073  154347  -24063  153971  -24099  153549  -24191
 55887  153113  -24344  152703  -24561  152355  -24839  152109  -25171
 55889  151997  -25544  152042  -25944  152258  -26351  152643  -26745
 55891  153181  -27107  153847  -27422  154602  -27678  155404  -27867
 55893  156210  -27989  156979  -28047  157675  -28049  158272  -28005
 55895  158750  -27928  159100  -27831  159320  -27726  159415  -27626
 55897  159396  -27540  159278  -27477  159078  -27443  158815  -27443
 55899  158509  -27480  158181  -27555  157850  -27668  157536  -27817
 55901  157256  -28000  157026  -28213  156860  -28450  156771  -28707
 55903  156767  -28976  156856  -29250  157039  -29521  157318  -29783
 55905  157689  -30026  158142  -30245  158668  -30431  159252  -30581
 55907  159875  -30688  160517  -30751  161155  -30769  161768  -30744
 55909  162333  -30679  162829  -30580  163238  -30454  163547  -30311
 55911  163746  -30162  163833  -30019  163811  -29893  163691  -29795
 55913  163488  -29737  163226  -29727  162932  -29770  162640  -29871
 55915  162383  -30028  162194  -30238  162107  -30492  162146  -30780
 55917  162332  -31086  162673  -31394  163168  -31687  163804  -31948
 55919  164557  -32164  165393  -32321  166275  -32415  167161  -32443
 55921  168011  -32407  168789  -32314  169465  -32175  170019  -32002
 55923  170439  -31809  170723  -31608  170874  -31413  170904  -31234
 55925  170829  -31080  170668  -30958  170443  -30872  170176  -30825
 55927  169887  -30818  169599  -30849  169330  -30916  169097  -31016
 55929  168917  -31144  168802  -31294  168763  -31460  168808  -31636
 55931  168942  -31814  169167  -31987  169482  -32147  169883  -32288
 55933  170362  -32400  170906  -32480  171500  -32520  172126  -32517
 55935  172763  -32469  173387  -32374  173974  -32237  174500  -32059
 55937  174944  -31849  175287  -31616  175517  -31370  175625  -31123
 55939  175612  -30889  175486  -30679  175261  -30506  174959  -30378
 55941  174609  -30303  174241  -30285  173888  -30324  173585  -30416
 55943  173361  -30555  173243  -30730  173251  -30930  173395  -31139
 55945  173680  -31342  174098  -31525  174633  -31674  175263  -31777
 55947  175958  -31825  176683  -31814  177402  -31742  178079  -31613
 55949  178683  -31433  179187  -31210  179571  -30957  179824  -30687
 55951  179942  -30411  179929  -30143  179794  -29893  179555  -29671
 55953  179229  -29483  178839  -29333  178408  -29226  177957  -29159
 55955  177509  -29134  177083  -29145  176696  -29190  176363  -29262
 55957  176097  -29356  175906  -29465  175798  -29582  175775  -29700
 55959  175840  -29812  175988  -29911  176216  -29989  176515  -30040
 55961  176872  -30058  177274  -30039  177702  -29978  178136  -29874
 55963  178553  -29726  178929  -29537  179241  -29310  179467  -29053
 55965  179588  -28774  179589  -28487  179463  -28203  179212  -27937
 55967  178844  -27703  178378  -27512  177840  -27374  177261  -27296
 55969  176679  -27281  176128  -27325  175645  -27424  175257  -27567
 55971  174989  -27741  174852  -27932  174853  -28124  174986  -28302
 55973  175237  -28453  175586  -28565  176005  -28628  176465  -28638
 55975  176932  -28592  177376  -28492  177765  -28342  178073  -28148
 55977  178281  -27921  178372  -27671  178338  -27410  178178  -27149
 55979  177897  -26900  177504  -26672  177015  -26474  176450  -26312
 55981  175827  -26191  175171  -26112  174502  -26077  173842  -26082
 55983  173211  -26125  172624  -26202  172097  -26306  171640  -26431
 55985  171262  -26570  170968  -26717  170759  -26863  170635  -27001
 55987  170591  -27125  170622  -27229  170718  -27306  170866  -27351
 55989  171053  -27361  171261  -27332  171472  -27263  171664  -27154
 55991  171816  -27007  171907  -26827  171916  -26620  171825  -26394
 55993  171620  -26162  171293  -25935  170845  -25729  170285  -25557
 55995  169631  -25432  168910  -25365  168157  -25362  167411  -25427
 55997  166712  -25556  166097  -25742  165599  -25973  165237  -26232
 55999  165024  -26504  164957  -26770  165025  -27014  165207  -27222
 56001  165475  -27384  165796  -27493  166137  -27547  166464  -27545
 56003  166746  -27492  166958  -27395  167078  -27261  167090  -27103
 56005  166987  -26929  166764  -26752  166424  -26582  165976  -26428
 56007  165431  -26299  164805  -26203  164116  -26144  163386  -26125
 56009  162634  -26149  161883  -26214  161151  -26320  160458  -26461
 56011  159818  -26634  159244  -26832  158748  -27048  158335  -27276
 56013  158010  -27509  157771  -27738  157617  -27957  157542  -28159
 56015  157538  -28339  157593  -28491  157694  -28611  157828  -28696
 56017  157976  -28743  158121  -28753  158244  -28726  158326  -28665
 56019  158348  -28574  158293  -28460  158145  -28332  157894  -28199
 56021  157532  -28074  157061  -27969  156489  -27897  155833  -27872
 56023  155119  -27904  154380  -28000  153655  -28164  152986  -28394
 56025  152413  -28682  151970  -29015  151681  -29378  151555  -29750
 56027  151592  -30113  151775  -30448  152077  -30739  152464  -30977
 56029  152895  -31155  153333  -31272  153739  -31330  154083  -31337
 56031  154339  -31302  154488  -31235  154520  -31147  154431  -31051
 56033  154223  -30958  153904  -30877  153484  -30818  152980  -30787
 56035  152409  -30790  151791  -30831  151145  -30912  150494  -31034
 56037  149855  -31194  149247  -31391  148688  -31620  148191  -31877
 56039  147767  -32154  147426  -32445  147173  -32743  147009  -33041
 56041  146933  -33332  146940  -33608  147024  -33863  147174  -34092
 56043  147377  -34290  147618  -34454  147883  -34581  148153  -34671
 56045  148411  -34723  148638  -34741  148818  -34727  148934  -34688
 56047  148972  -34629  148921  -34559  148772  -34487  148524  -34426
 56049  148177  -34385  147743  -34378  147238  -34414  146685  -34503
 56051  146117  -34653  145568  -34866  145080  -35141  144689  -35471
 56053  144431  -35846  144332  -36249  144404  -36661  144648  -37062
 56055  145049  -37433  145577  -37757  146196  -38022  146861  -38221
 56057  147527  -38353  148153  -38422  148703  -38435  149150  -38405
 56059  149475  -38344  149670  -38265  149733  -38182  149672  -38105
 56061  149497  -38046  149226  -38012  148876  -38010  148467  -38044
 56063  148022  -38116  147562  -38228  147105  -38379  146672  -38565
 56065  146280  -38785  145943  -39032  145674  -39301  145483  -39586
 56067  145377  -39880  145359  -40176  145430  -40466  145588  -40744
 56069  145825  -41003  146133  -41237  146501  -41440  146913  -41609
 56071  147355  -41741  147809  -41834  148256  -41888  148678  -41905
 56073  149059  -41888  149380  -41842  149629  -41773  149792  -41689
 56075  149863  -41598  149837  -41510  149715  -41436  149504  -41385
 56077  149215  -41368  148868  -41394  148485  -41470  148097  -41601
 56079  147736  -41790  147437  -42034  147236  -42327  147163  -42659
 56081  147241  -43015  147486  -43379  147898  -43730  148465  -44052
 56083  149162  -44326  149952  -44541  150791  -44689  151634  -44766
 56085  152435  -44778  153155  -44731  153764  -44638  154241  -44514
 56087  154575  -44371  154768  -44226  154827  -44091  154767  -43977
 56089  154606  -43891  154368  -43841  154074  -43829  153748  -43858
 56091  153414  -43927  153090  -44033  152796  -44174  152549  -44345
 56093  152362  -44540  152246  -44754  152210  -44979  152258  -45208
 56095  152392  -45435  152612  -45653  152913  -45854  153288  -46032
 56097  153727  -46182  154218  -46298  154745  -46378  155290  -46418
 56099  155836  -46418  156363  -46378  156853  -46302  157288  -46193
 56101  157651  -46057  157929  -45902  158113  -45735  158197  -45567
 56103  158181  -45408  158069  -45267  157871  -45155  157605  -45080
 56105  157290  -45050  156952  -45070  156620  -45142  156325  -45266
 56107  156099  -45440  155971  -45654  155966  -45900  156104  -46163
 56109  156394  -46428  156835  -46679  157417  -46899  158117  -47073
 56111  158901  -47190  159731  -47243  160562  -47228  161353  -47149
 56113  162064  -47013  162663  -46831  163128  -46618  163448  -46387
 56115  163620  -46155  163654  -45934  163563  -45737  163369  -45572
 56117  163095  -45445  162765  -45360  162407  -45318  162042  -45317
 56119  161692  -45355  161377  -45427  161113  -45529  160911  -45653
 56121  160783  -45792  160734  -45941  160767  -46092  160885  -46237
 56123  161083  -46371  161357  -46485  161698  -46575  162097  -46634
 56125  162538  -46659  163008  -46647  163487  -46594  163959  -46502
 56127  164402  -46371  164797  -46205  165127  -46007  165376  -45786
 56129  165530  -45549  165581  -45305  165525  -45066  165365  -44841
 56131  165108  -44641  164770  -44477  164369  -44355  163930  -44282
 56133  163482  -44260  163053  -44292  162675  -44373  162375  -44497
 56135  162180  -44656  162108  -44839  162171  -45030  162373  -45217
 56137  162709  -45384  163165  -45518  163717  -45606  164334  -45639
 56139  164981  -45612  165620  -45524  166213  -45378  166725  -45181
 56141  167128  -44943  167403  -44678  167536  -44398  167527  -44119
 56143  167382  -43854  167116  -43614  166747  -43409  166301  -43244
 56145  165803  -43123  165278  -43047  164750  -43014  164243  -43022
 56147  163773  -43065  163358  -43137  163010  -43231  162737  -43340
 56149  162544  -43457  162433  -43574  162404  -43685  162452  -43781
 56151  162571  -43858  162752  -43910  162983  -43932  163251  -43919
 56153  163541  -43870  163834  -43783  164114  -43657  164360  -43495
 56155  164554  -43300  164679  -43077  164717  -42833  164658  -42577
 56157  164492  -42318  164217  -42068  163836  -41839  163360  -41641
 56159  162807  -41483  162198  -41375  161563  -41320  160932  -41321
 56161  160337  -41377  159809  -41482  159375  -41627  159057  -41802
 56163  158868  -41993  158815  -42185  158893  -42364  159091  -42517
 56165  159388  -42631  159759  -42698  160172  -42711  160592  -42667
 56167  160987  -42569  161324  -42420  161575  -42228  161717  -42004
 56169  161735  -41760  161621  -41508  161376  -41261  161006  -41031
 56171  160526  -40829  159955  -40663  159316  -40538  158632  -40458
 56173  157929  -40424  157231  -40434  156559  -40484  155932  -40570
 56175  155365  -40684  154869  -40820  154452  -40970  154118  -41127
 56177  153867  -41283  153698  -41430  153604  -41563  153577  -41675
 56179  153609  -41762  153685  -41819  153794  -41842  153919  -41831
 56181  154043  -41784  154151  -41701  154223  -41585  154243  -41439
 56183  154194  -41268  154062  -41079  153835  -40882  153506  -40685
 56185  153071  -40499  152536  -40337  151911  -40210  151214  -40127
 56187  150470  -40097  149709  -40126  148966  -40214  148275  -40359
 56189  147668  -40553  147174  -40788  146813  -41048  146593  -41319
 56191  146517  -41584  146573  -41828  146742  -42037  146997  -42201
 56193  147306  -42313  147636  -42369  147951  -42371  148220  -42321
 56195  148415  -42227  148513  -42099  148499  -41946  148362  -41782
 56197  148102  -41617  147722  -41463  147232  -41332  146648  -41230
 56199  145990  -41166  145278  -41143  144537  -41164  143789  -41230
 56201  143056  -41338  142359  -41484  141715  -41663  141137  -41869
 56203  140637  -42094  140221  -42331  139891  -42573  139647  -42810
 56205  139485  -43038  139397  -43248  139375  -43437  139407  -43598
 56207  139480  -43728  139580  -43826  139692  -43889  139799  -43918
 56209  139885  -43914  139934  -43879  139931  -43817  139861  -43734
 56211  139713  -43635  139477  -43531  139147  -43429  138721  -43340
 56213  138204  -43275  137607  -43244  136946  -43258  136247  -43325
 56215  135540  -43450  134859  -43636  134240  -43880  133719  -44174
 56217  133325  -44508  133079  -44867  132991  -45233  133060  -45588
 56219  133271  -45915  133597  -46200  134006  -46432  134459  -46605
 56221  134915  -46717  135339  -46772  135696  -46776  135960  -46740
 56223  136114  -46673  136146  -46589  136052  -46499  135837  -46417
 56225  135510  -46351  135086  -46312  134583  -46305  134021  -46337
 56227  133422  -46410  132809  -46525  132203  -46681  131625  -46875
 56229  131092  -47104  130621  -47361  130223  -47640  129907  -47935
 56231  129678  -48236  129537  -48538  129483  -48832  129510  -49112
 56233  129610  -49372  129772  -49606  129984  -49810  130231  -49982
 56235  130499  -50119  130771  -50221  131031  -50288  131264  -50324
 56237  131455  -50330  131591  -50312  131659  -50275  131649  -50226
 56239  131556  -50172  131376  -50123  131109  -50089  130762  -50077
 56241  130345  -50099  129875  -50162  129375  -50275  128873  -50442
 56243  128401  -50666  127995  -50945  127689  -51272  127513  -51638
 56245  127491  -52029  127636  -52426  127948  -52810  128413  -53164
 56247  129003  -53471  129682  -53719  130405  -53902  131126  -54017
 56249  131803  -54069  132398  -54067  132884  -54023  133241  -53950
 56251  133461  -53863  133546  -53775  133505  -53698  133351  -53644
 56253  133104  -53620  132786  -53632  132420  -53684  132029  -53776
 56255  131636  -53909  131261  -54080  130923  -54284  130639  -54518
 56257  130421  -54775  130280  -55049  130223  -55332  130251  -55617
 56259  130367  -55897  130565  -56165  130840  -56414  131183  -56638
 56261  131582  -56834  132023  -56996  132491  -57123  132969  -57214
 56263  133442  -57268  133894  -57287  134307  -57274  134669  -57233
 56265  134967  -57169  135190  -57089  135332  -57000  135389  -56909
 56267  135360  -56826  135248  -56759  135063  -56717  134816  -56707
 56269  134526  -56736  134213  -56811  133905  -56936  133630  -57111
 56271  133419  -57335  133304  -57601  133312  -57902  133465  -58225
 56273  133778  -58553  134254  -58870  134883  -59157  135640  -59398
 56275  136493  -59579  137396  -59693  138303  -59737  139165  -59714
 56277  139941  -59632  140597  -59504  141113  -59346  141478  -59173
 56279  141693  -59001  141770  -58844  141726  -58714  141585  -58617
 56281  141373  -58561  141116  -58547  140839  -58576  140565  -58645
 56283  140317  -58751  140112  -58888  139965  -59051  139886  -59233
 56285  139884  -59427  139964  -59625  140126  -59821  140370  -60008
 56287  140689  -60178  141078  -60327  141525  -60448  142019  -60538
 56289  142545  -60593  143087  -60611  143630  -60591  144156  -60535
 56291  144649  -60444  145092  -60322  145473  -60174  145778  -60006
 56293  145999  -59825  146131  -59638  146172  -59455  146124  -59284
 56295  145994  -59133  145794  -59010  145538  -58922  145246  -58874
 56297  144940  -58871  144646  -58915  144391  -59005  144202  -59137
 56299  144105  -59305  144123  -59501  144273  -59713  144567  -59927
 56301  145006  -60129  145581  -60301  146273  -60431  147052  -60506
 56303  147880  -60518  148714  -60463  149510  -60343  150224  -60166
 56305  150822  -59942  151280  -59687  151583  -59416  151730  -59147
 56307  151730  -58894  151603  -58670  151371  -58484  151065  -58342
 56309  150711  -58246  150339  -58196  149973  -58190  149637  -58221
 56311  149347  -58285  149119  -58374  148962  -58480  148881  -58596
 56313  148881  -58714  148960  -58828  149114  -58929  149338  -59012
 56315  149622  -59072  149957  -59103  150328  -59103  150723  -59068
 56317  151125  -58997  151519  -58889  151886  -58747  152212  -58572
 56319  152481  -58368  152678  -58142  152793  -57898  152818  -57646
 56321  152746  -57393  152580  -57149  152322  -56923  151983  -56722
 56323  151576  -56555  151121  -56429  150638  -56346  150152  -56311
 56325  149690  -56322  149278  -56378  148940  -56472  148699  -56598
 56327  148571  -56744  148569  -56899  148697  -57051  148952  -57185
 56329  149321  -57289  149785  -57351  150316  -57362  150881  -57316
 56331  151442  -57211  151962  -57049  152403  -56836  152736  -56583
 56333  152938  -56302  152994  -56009  152903  -55719  152671  -55446
 56335  152314  -55203  151856  -55000  151323  -54843  150745  -54735
 56337  150151  -54676  149567  -54663  149017  -54691  148518  -54752
 56339  148086  -54840  147730  -54946  147454  -55061  147259  -55177
 56341  147145  -55287  147104  -55384  147129  -55463  147210  -55517
 56343  147335  -55543  147492  -55538  147665  -55499  147840  -55426
 56345  148001  -55320  148132  -55181  148218  -55012  148244  -54818
 56347  148197  -54605  148067  -54378  147846  -54147  147530  -53919
 56349  147119  -53704  146621  -53511  146044  -53350  145406  -53227
 56351  144727  -53150  144032  -53121  143348  -53143  142703  -53214
 56353  142124  -53329  141634  -53481  141254  -53660  140996  -53853
 56355  140866  -54049  140862  -54234  140974  -54395  141184  -54520
 56357  141467  -54601  141794  -54632  142133  -54608  142450  -54532
 56359  142713  -54407  142892  -54240  142965  -54041  142913  -53823
 56361  142730  -53599  142413  -53382  141972  -53186  141422  -53021
 56363  140784  -52896  140082  -52817  139346  -52787  138601  -52805
 56365  137875  -52870  137188  -52975  136561  -53114  136006  -53279
 56367  135532  -53461  135145  -53652  134844  -53843  134625  -54027
 56369  134482  -54197  134405  -54346  134382  -54470  134402  -54566
 56371  134449  -54630  134509  -54662  134568  -54660  134609  -54627
 56373  134619  -54563  134583  -54472  134488  -54359  134323  -54230
 56375  134078  -54090  133746  -53947  133326  -53811  132818  -53690
 56377  132229  -53593  131569  -53530  130855  -53507  130110  -53532
 56379  129359  -53609  128632  -53738  127958  -53918  127366  -54142
 56381  126881  -54402  126521  -54686  126299  -54980  126215  -55270
 56383  126261  -55541  126421  -55780  126669  -55976  126976  -56122
 56385  127308  -56214  127629  -56251  127907  -56237  128113  -56180
 56387  128223  -56087  128219  -55972  128092  -55845  127841  -55720
 56389  127469  -55608  126989  -55521  126419  -55467  125778  -55453
 56391  125092  -55484  124386  -55561  123686  -55683  123013  -55848
 56393  122389  -56049  121831  -56282  121351  -56537  120958  -56807
 56395  120654  -57082  120439  -57355  120308  -57619  120254  -57865
 56397  120266  -58089  120331  -58285  120435  -58451  120565  -58584
 56399  120703  -58684  120835  -58751  120947  -58786  121024  -58793
 56401  121053  -58774  121023  -58734  120924  -58680  120749  -58617
 56403  120493  -58554  120155  -58498  119737  -58457  119245  -58441
 56405  118691  -58458  118093  -58515  117470  -58618  116849  -58772
