Nutation ephemeris from nutIAU200 for Oct 2018 - Mar 2020 IAU2000               
(1x,i5,8i8,8x,i2)                  2458404 2458963  4 -1          1.E-04
 58404 -159832  -43703 -159926  -43922 -159932  -44124 -159866  -44299
 58406 -159744  -44444 -159586  -44554 -159411  -44627 -159237  -44663
 58408 -159080  -44664 -158956  -44632 -158880  -44569 -158862  -44482
 58410 -158912  -44374 -159038  -44252 -159243  -44122 -159530  -43992
 58412 -159898  -43868 -160343  -43759 -160856  -43670 -161426  -43609
 58414 -162040  -43581 -162678  -43593 -163322  -43647 -163947  -43745
 58416 -164530  -43887 -165048  -44070 -165476  -44288 -165798  -44534
 58418 -165997  -44798 -166066  -45069 -166002  -45333 -165814  -45578
 58420 -165514  -45792 -165124  -45965 -164671  -46089 -164188  -46158
 58422 -163707  -46171 -163262  -46131 -162884  -46041 -162601  -45912
 58424 -162433  -45754 -162392  -45581 -162484  -45407 -162705  -45246
 58426 -163042  -45111 -163475  -45015 -163979  -44965 -164523  -44969
 58428 -165075  -45028 -165605  -45141 -166083  -45304 -166485  -45509
 58430 -166791  -45747 -166990  -46008 -167076  -46278 -167052  -46547
 58432 -166925  -46804 -166708  -47040 -166417  -47248 -166071  -47421
 58434 -165690  -47556 -165294  -47652 -164903  -47709 -164534  -47727
 58436 -164204  -47711 -163926  -47665 -163711  -47593 -163568  -47501
 58438 -163504  -47396 -163520  -47284 -163617  -47172 -163793  -47068
 58440 -164043  -46978 -164356  -46909 -164722  -46868 -165127  -46859
 58442 -165551  -46888 -165974  -46959 -166374  -47072 -166727  -47226
 58444 -167007  -47421 -167192  -47649 -167261  -47903 -167199  -48172
 58446 -166996  -48444 -166653  -48705 -166176  -48941 -165585  -49139
 58448 -164905  -49288 -164170  -49379 -163417  -49408 -162685  -49376
 58450 -162012  -49286 -161430  -49148 -160965  -48973 -160634  -48775
 58452 -160443  -48569 -160390  -48370 -160464  -48192 -160646  -48046
 58454 -160912  -47942 -161232  -47888 -161578  -47884 -161918  -47933
 58456 -162223  -48031 -162470  -48172 -162637  -48348 -162708  -48551
 58458 -162676  -48769 -162536  -48993 -162291  -49210 -161949  -49412
 58460 -161524  -49590 -161030  -49736 -160488  -49847 -159917  -49917
 58462 -159336  -49946 -158767  -49935 -158227  -49885 -157733  -49799
 58464 -157297  -49683 -156932  -49541 -156645  -49381 -156441  -49209
 58466 -156321  -49031 -156285  -48855 -156329  -48688 -156445  -48536
 58468 -156623  -48405 -156852  -48302 -157116  -48231 -157397  -48195
 58470 -157675  -48199 -157930  -48242 -158138  -48325 -158275  -48444
 58472 -158319  -48594 -158251  -48768 -158053  -48956 -157715  -49146
 58474 -157235  -49323 -156619  -49474 -155885  -49584 -155058  -49642
 58476 -154176  -49637 -153279  -49564 -152412  -49425 -151618  -49224
 58478 -150933  -48972 -150387  -48684 -149994  -48374 -149761  -48063
 58480 -149679  -47765 -149730  -47497 -149890  -47269 -150129  -47090
 58482 -150412  -46965 -150708  -46894 -150987  -46874 -151220  -46900
 58484 -151387  -46965 -151471  -47060 -151460  -47174 -151350  -47298
 58486 -151142  -47420 -150839  -47533 -150452  -47626 -149995  -47692
 58488 -149482  -47726 -148933  -47722 -148366  -47679 -147801  -47596
 58490 -147256  -47473 -146750  -47313 -146297  -47119 -145911  -46897
 58492 -145603  -46652 -145378  -46391 -145242  -46121 -145194  -45849
 58494 -145232  -45582 -145351  -45327 -145543  -45091 -145795  -44879
 58496 -146094  -44695 -146425  -44545 -146769  -44431 -147109  -44355
 58498 -147422  -44317 -147689  -44315 -147889  -44347 -148000  -44407
 58500 -148007  -44488 -147893  -44581 -147650  -44676 -147274  -44758
 58502 -146770  -44816 -146151  -44835 -145441  -44804 -144672  -44712
 58504 -143885  -44553 -143125  -44326 -142435  -44037 -141858  -43693
 58506 -141426  -43312 -141160  -42910 -141066  -42507 -141136  -42123
 58508 -141351  -41775 -141679  -41475 -142086  -41233 -142532  -41052
 58510 -142981  -40930 -143401  -40863 -143764  -40844 -144050  -40862
 58512 -144246  -40907 -144344  -40968 -144344  -41033 -144250  -41092
 58514 -144071  -41136 -143820  -41158 -143512  -41151 -143162  -41110
 58516 -142790  -41032 -142414  -40917 -142052  -40763 -141721  -40572
 58518 -141437  -40349 -141215  -40095 -141065  -39818 -140997  -39522
 58520 -141016  -39215 -141125  -38904 -141324  -38596 -141609  -38298
 58522 -141972  -38016 -142403  -37758 -142890  -37529 -143418  -37332
 58524 -143969  -37171 -144526  -37049 -145070  -36965 -145580  -36919
 58526 -146038  -36908 -146425  -36928 -146724  -36973 -146921  -37036
 58528 -147005  -37108 -146969  -37178 -146814  -37235 -146543  -37268
 58530 -146171  -37265 -145718  -37215 -145213  -37110 -144689  -36943
 58532 -144188  -36714 -143750  -36425 -143414  -36085 -143215  -35707
 58534 -143176  -35309 -143306  -34909 -143601  -34529 -144042  -34187
 58536 -144601  -33898 -145238  -33671 -145911  -33512 -146580  -33418
 58538 -147208  -33386 -147766  -33404 -148233  -33462 -148596  -33546
 58540 -148851  -33643 -149002  -33742 -149057  -33831 -149028  -33901
 58542 -148932  -33944 -148787  -33956 -148611  -33932 -148425  -33871
 58544 -148245  -33773 -148090  -33638 -147975  -33469 -147915  -33271
 58546 -147922  -33048 -148005  -32804 -148171  -32548 -148425  -32285
 58548 -148767  -32023 -149195  -31769 -149704  -31530 -150285  -31313
 58550 -150927  -31123 -151615  -30966 -152334  -30845 -153064  -30764
 58552 -153787  -30723 -154483  -30722 -155133  -30758 -155717  -30829
 58554 -156220  -30928 -156627  -31048 -156927  -31181 -157114  -31318
 58556 -157186  -31449 -157146  -31562 -157005  -31648 -156777  -31696
 58558 -156484  -31699 -156153  -31649 -155816  -31543 -155506  -31381
 58560 -155259  -31167 -155108  -30907 -155082  -30615 -155201  -30306
 58562 -155474  -29997 -155899  -29707 -156459  -29454 -157128  -29252
 58564 -157870  -29114 -158643  -29044 -159405  -29042 -160117  -29104
 58566 -160749  -29220 -161275  -29376 -161684  -29560 -161972  -29756
 58568 -162143  -29951 -162209  -30133 -162186  -30291 -162095  -30419
 58570 -161957  -30510 -161793  -30563 -161624  -30576 -161471  -30550
 58572 -161350  -30488 -161278  -30392 -161267  -30269 -161328  -30123
 58574 -161468  -29960 -161692  -29787 -162003  -29612 -162399  -29441
 58576 -162876  -29282 -163428  -29140 -164044  -29024 -164712  -28937
 58578 -165417  -28886 -166140  -28874 -166863  -28902 -167565  -28972
 58580 -168226  -29081 -168825  -29228 -169344  -29406 -169767  -29610
 58582 -170083  -29831 -170283  -30059 -170364  -30284 -170329  -30495
 58584 -170188  -30682 -169955  -30835 -169649  -30945 -169296  -31007
 58586 -168924  -31015 -168564  -30970 -168248  -30872 -168005  -30728
 58588 -167863  -30547 -167844  -30341 -167959  -30123 -168215  -29911
 58590 -168604  -29721 -169111  -29567 -169710  -29463 -170367  -29419
 58592 -171045  -29439 -171704  -29524 -172306  -29670 -172822  -29868
 58594 -173226  -30105 -173505  -30369 -173654  -30643 -173677  -30914
 58596 -173588  -31168 -173404  -31396 -173147  -31589 -172842  -31742
 58598 -172512  -31852 -172182  -31918 -171872  -31943 -171602  -31928
 58600 -171387  -31880 -171241  -31804 -171172  -31705 -171186  -31592
 58602 -171287  -31470 -171476  -31347 -171748  -31231 -172099  -31128
 58604 -172520  -31044 -173000  -30987 -173525  -30961 -174078  -30971
 58606 -174642  -31020 -175196  -31109 -175720  -31239 -176192  -31408
 58608 -176591  -31612 -176899  -31846 -177100  -32102 -177182  -32370
 58610 -177139  -32640 -176972  -32900 -176686  -33139 -176294  -33346
 58612 -175818  -33511 -175282  -33627 -174715  -33687 -174150  -33691
 58614 -173620  -33641 -173155  -33540 -172783  -33397 -172526  -33224
 58616 -172399  -33034 -172407  -32840 -172547  -32660 -172809  -32506
 58618 -173171  -32391 -173607  -32327 -174084  -32320 -174566  -32372
 58620 -175019  -32484 -175410  -32649 -175709  -32860 -175898  -33106
 58622 -175961  -33373 -175896  -33646 -175707  -33914 -175406  -34163
 58624 -175010  -34382 -174541  -34563 -174026  -34702 -173488  -34795
 58626 -172953  -34841 -172444  -34844 -171980  -34806 -171578  -34733
 58628 -171251  -34631 -171007  -34506 -170853  -34368 -170790  -34222
 58630 -170816  -34077 -170928  -33940 -171118  -33817 -171376  -33716
 58632 -171690  -33641 -172045  -33597 -172424  -33589 -172809  -33619
 58634 -173180  -33688 -173516  -33797 -173794  -33942 -173996  -34121
 58636 -174102  -34327 -174096  -34551 -173966  -34785 -173706  -35018
 58638 -173317  -35236 -172807  -35427 -172193  -35580 -171497  -35685
 58640 -170749  -35733 -169984  -35721 -169239  -35648 -168549  -35518
 58642 -167948  -35338 -167462  -35119 -167109  -34875 -166900  -34622
 58644 -166834  -34374 -166901  -34148 -167081  -33956 -167351  -33810
 58646 -167678  -33716 -168029  -33679 -168371  -33700 -168670  -33774
 58648 -168899  -33895 -169035  -34054 -169060  -34240 -168967  -34441
 58650 -168754  -34643 -168426  -34834 -167995  -35003 -167480  -35140
 58652 -166901  -35239 -166283  -35294 -165649  -35302 -165025  -35265
 58654 -164433  -35183 -163892  -35061 -163418  -34904 -163025  -34720
 58656 -162722  -34514 -162512  -34296 -162398  -34073 -162376  -33852
 58658 -162442  -33641 -162585  -33447 -162797  -33276 -163061  -33132
 58660 -163365  -33021 -163689  -32945 -164016  -32906 -164326  -32906
 58662 -164599  -32943 -164814  -33015 -164952  -33117 -164995  -33244
 58664 -164928  -33389 -164739  -33540 -164421  -33688 -163976  -33820
 58666 -163411  -33923 -162741  -33985 -161992  -33996 -161194  -33947
 58668 -160386  -33834 -159606  -33657 -158896  -33421 -158290  -33134
 58670 -157818  -32810 -157497  -32464 -157335  -32116 -157327  -31781
 58672 -157456  -31477 -157697  -31217 -158019  -31009 -158386  -30860
 58674 -158762  -30770 -159112  -30738 -159406  -30757 -159620  -30818
 58676 -159736  -30910 -159742  -31022 -159634  -31141 -159416  -31256
 58678 -159096  -31354 -158689  -31426 -158212  -31465 -157687  -31465
 58680 -157135  -31421 -156581  -31333 -156045  -31200 -155550  -31026
 58682 -155114  -30814 -154751  -30572 -154473  -30304 -154288  -30019
 58684 -154200  -29724 -154208  -29428 -154311  -29138 -154499  -28861
 58686 -154765  -28605 -155095  -28373 -155475  -28173 -155890  -28006
 58688 -156320  -27876 -156748  -27783 -157155  -27728 -157522  -27709
 58690 -157830  -27722 -158061  -27765 -158199  -27829 -158231  -27908
 58692 -158147  -27992 -157942  -28071 -157616  -28134 -157176  -28168
 58694 -156637  -28162 -156022  -28105 -155360  -27990 -154688  -27812
 58696 -154046  -27569 -153476  -27266 -153015  -26913 -152694  -26523
 58698 -152535  -26114 -152544  -25705 -152715  -25316 -153029  -24965
 58700 -153455  -24666 -153958  -24428 -154495  -24256 -155027  -24149
 58702 -155517  -24101 -155936  -24105 -156261  -24149 -156479  -24220
 58704 -156583  -24304 -156575  -24389 -156463  -24463 -156260  -24516
 58706 -155983  -24539 -155652  -24526 -155288  -24473 -154915  -24378
 58708 -154552  -24240 -154221  -24061 -153940  -23845 -153725  -23596
 58710 -153589  -23320 -153541  -23024 -153588  -22716 -153732  -22404
 58712 -153971  -22095 -154300  -21796 -154713  -21516 -155197  -21259
 58714 -155739  -21032 -156324  -20839 -156934  -20682 -157553  -20564
 58716 -158161  -20484 -158739  -20441 -159270  -20434 -159736  -20458
 58718 -160122  -20508 -160414  -20576 -160603  -20657 -160681  -20739
 58720 -160646  -20814 -160499  -20872 -160249  -20900 -159910  -20890
 58722 -159504  -20832 -159057  -20719 -158603  -20546 -158177  -20313
 58724 -157820  -20024 -157566  -19686 -157447  -19313 -157485  -18923
 58726 -157690  -18533 -158056  -18166 -158566  -17840 -159188  -17570
 58728 -159881  -17368 -160602  -17237 -161306  -17178 -161953  -17183
 58730 -162513  -17242 -162962  -17340 -163289  -17463 -163493  -17595
 58732 -163579  -17723 -163560  -17835 -163456  -17920 -163286  -17970
 58734 -163074  -17981 -162844  -17950 -162617  -17877 -162414  -17762
 58736 -162256  -17609 -162156  -17423 -162131  -17208 -162188  -16971
 58738 -162337  -16720 -162579  -16462 -162916  -16205 -163344  -15956
 58740 -163857  -15723 -164445  -15512 -165096  -15329 -165795  -15179
 58742 -166527  -15066 -167273  -14991 -168015  -14957 -168733  -14962
 58744 -169410  -15005 -170027  -15081 -170570  -15187 -171024  -15315
 58746 -171379  -15458 -171628  -15609 -171768  -15757 -171800  -15893
 58748 -171729  -16007 -171566  -16091 -171328  -16136 -171036  -16133
 58750 -170715  -16078 -170396  -15969 -170110  -15804 -169892  -15589
 58752 -169771  -15332 -169776  -15044 -169925  -14740 -170227  -14440
 58754 -170679  -14161 -171264  -13923 -171953  -13742 -172708  -13628
 58756 -173485  -13588 -174236  -13622 -174920  -13723 -175502  -13880
 58758 -175959  -14078 -176279  -14300 -176459  -14530 -176511  -14751
 58760 -176451  -14951 -176302  -15118 -176089  -15246 -175840  -15330
 58762 -175581  -15368 -175336  -15362 -175127  -15313 -174972  -15227
 58764 -174885  -15109 -174879  -14965 -174962  -14804 -175137  -14632
 58766 -175406  -14458 -175767  -14288 -176213  -14131 -176738  -13993
 58768 -177329  -13880 -177974  -13798 -178657  -13752 -179360  -13743
 58770 -180065  -13775 -180752  -13847 -181403  -13959 -181999  -14107
 58772 -182522  -14287 -182958  -14493 -183294  -14717 -183523  -14952
 58774 -183640  -15189 -183645  -15416 -183544  -15625 -183346  -15807
 58776 -183068  -15952 -182728  -16054 -182350  -16107 -181961  -16108
 58778 -181590  -16057 -181264  -15956 -181014  -15810 -180864  -15629
 58780 -180835  -15423 -180939  -15209 -181181  -15001 -181556  -14816
 58782 -182046  -14671 -182625  -14579 -183257  -14551 -183901  -14594
 58784 -184513  -14706 -185054  -14883 -185486  -15115 -185786  -15388
 58786 -185940  -15684 -185944  -15986 -185808  -16278 -185551  -16545
 58788 -185197  -16775 -184777  -16960 -184320  -17096 -183856  -17182
 58790 -183413  -17218 -183013  -17210 -182676  -17163 -182418  -17083
 58792 -182248  -16979 -182172  -16858 -182193  -16729 -182310  -16600
 58794 -182518  -16478 -182809  -16370 -183174  -16284 -183600  -16225
 58796 -184071  -16197 -184572  -16206 -185085  -16252 -185590  -16339
 58798 -186068  -16464 -186500  -16628 -186866  -16826 -187150  -17053
 58800 -187336  -17302 -187414  -17566 -187375  -17835 -187219  -18100
 58802 -186948  -18349 -186570  -18572 -186101  -18761 -185559  -18906
 58804 -184970  -19001 -184360  -19043 -183758  -19031 -183195  -18966
 58806 -182699  -18853 -182294  -18701 -182002  -18520 -181835  -18323
 58808 -181801  -18124 -181896  -17938 -182109  -17780 -182421  -17663
 58810 -182802  -17598 -183221  -17594 -183638  -17653 -184016  -17775
 58812 -184318  -17955 -184512  -18183 -184576  -18446 -184496  -18728
 58814 -184269  -19014 -183903  -19288 -183414  -19534 -182828  -19742
 58816 -182172  -19902 -181479  -20010 -180781  -20065 -180106  -20067
 58818 -179480  -20021 -178924  -19933 -178454  -19812 -178081  -19665
 58820 -177810  -19502 -177642  -19331 -177575  -19162 -177602  -19002
 58822 -177713  -18858 -177898  -18736 -178141  -18643 -178427  -18581
 58824 -178738  -18556 -179057  -18567 -179364  -18617 -179640  -18705
 58826 -179866  -18828 -180023  -18983 -180094  -19164 -180065  -19365
 58828 -179924  -19577 -179664  -19791 -179284  -19995 -178787  -20180
 58830 -178184  -20334 -177492  -20446 -176734  -20509 -175938  -20517
 58832 -175136  -20466 -174360  -20357 -173644  -20194 -173018  -19983
 58834 -172505  -19736 -172123  -19467 -171881  -19188 -171779  -18917
 58836 -171806  -18668 -171945  -18455 -172169  -18288 -172448  -18177
 58838 -172746  -18124 -173028  -18132 -173260  -18196 -173409  -18310
 58840 -173453  -18462 -173371  -18642 -173156  -18834 -172807  -19025
 58842 -172332  -19198 -171747  -19343 -171075  -19449 -170342  -19507
 58844 -169579  -19513 -168815  -19466 -168079  -19366 -167397  -19219
 58846 -166790  -19031 -166275  -18809 -165862  -18562 -165556  -18301
 58848 -165360  -18033 -165270  -17768 -165277  -17515 -165372  -17280
 58850 -165540  -17070 -165767  -16890 -166036  -16743 -166329  -16633
 58852 -166628  -16560 -166913  -16524 -167165  -16525 -167368  -16560
 58854 -167502  -16624 -167553  -16712 -167507  -16818 -167352  -16934
 58856 -167083  -17049 -166697  -17154 -166197  -17237 -165594  -17288
 58858 -164904  -17297 -164151  -17254 -163364  -17153 -162576  -16990
 58860 -161825  -16767 -161146  -16488 -160573  -16161 -160131  -15800
 58862 -159838  -15420 -159702  -15038 -159716  -14672 -159866  -14338
 58864 -160127  -14049 -160465  -13816 -160845  -13646 -161227  -13538
 58866 -161577  -13491 -161861  -13497 -162053  -13547 -162134  -13630
 58868 -162093  -13731 -161927  -13836 -161640  -13933 -161245  -14008
 58870 -160760  -14052 -160207  -14055 -159611  -14011 -159000  -13918
 58872 -158401  -13775 -157839  -13584 -157337  -13350 -156915  -13078
 58874 -156588  -12777 -156365  -12456 -156251  -12123 -156247  -11787
 58876 -156349  -11459 -156548  -11145 -156834  -10853 -157191  -10590
 58878 -157604  -10359 -158055  -10164 -158525  -10008 -158997   -9891
 58880 -159451   -9811 -159869   -9768 -160235   -9758 -160532   -9776
 58882 -160747   -9816 -160868   -9872 -160886   -9936 -160796   -9998
 58884 -160596  -10050 -160291  -10081 -159888  -10081 -159405  -10039
 58886 -158861   -9949 -158284   -9802 -157706   -9596 -157164   -9330
 58888 -156694   -9009 -156330   -8640 -156102   -8237 -156030   -7817
 58890 -156122   -7399 -156373   -7001 -156765   -6643 -157270   -6340
 58892 -157847   -6102 -158455   -5934 -159051   -5837 -159594   -5805
 58894 -160053   -5827 -160403   -5892 -160628   -5984 -160725   -6088
 58896 -160698   -6189 -160557   -6274 -160321   -6332 -160011   -6353
 58898 -159652   -6332 -159270   -6264 -158891   -6148 -158540   -5986
 58900 -158239   -5782 -158007   -5540 -157860   -5266 -157810   -4970
 58902 -157863   -4660 -158024   -4343 -158289   -4030 -158655   -3729
 58904 -159111   -3447 -159646   -3191 -160244   -2966 -160890   -2778
 58906 -161564   -2629 -162249   -2521 -162924   -2452 -163573   -2422
 58908 -164177   -2429 -164721   -2467 -165191   -2531 -165574   -2616
 58910 -165862   -2714 -166049   -2817 -166132   -2916 -166112   -3002
 58912 -165994   -3066 -165789   -3100 -165511   -3094 -165180   -3041
 58914 -164822   -2937 -164464   -2777 -164139   -2562 -163881   -2295
 58916 -163721   -1983 -163687   -1640 -163802   -1279 -164074    -921
 58918 -164501    -584 -165068    -288 -165745     -51 -166492     117
 58920 -167263     207 -168009     221 -168687     165 -169260      50
 58922 -169703    -109 -170003    -292 -170158    -483 -170179    -665
 58924 -170084    -824 -169896    -948 -169644   -1029 -169357   -1063
 58926 -169062   -1048 -168787    -984 -168555    -876 -168387    -728
 58928 -168299    -546 -168303    -340 -168407    -116 -168614     116
 58930 -168924     348 -169334     571 -169835     778 -170416     962
 58932 -171066    1116 -171767    1236 -172503    1317 -173255    1358
 58934 -174004    1358 -174731    1317 -175419    1239 -176050    1125
 58936 -176609     982 -177084     816 -177466     633 -177746     442
 58938 -177923     250 -177997      67 -177972     -99 -177857    -240
 58940 -177664    -346 -177410    -412 -177116    -432 -176804    -402
 58942 -176502    -320 -176238    -187 -176041      -8 -175937     210
 58944 -175950     456 -176098     716 -176389     973 -176822    1209
 58946 -177381    1406 -178041    1547 -178764    1619 -179505    1615
 58948 -180215    1534 -180848    1380 -181365    1165 -181736     906
 58950 -181946     622 -181995     332 -181895      55 -181667    -193
 58952 -181341    -399 -180952    -555 -180532    -657 -180116    -705
 58954 -179732    -700 -179406    -650 -179156    -559 -178999    -438
 58956 -178943    -294 -178993    -136 -179149      25 -179407     182
 58958 -179761     326 -180201     450 -180713     548 -181282     613
 58960 -181893     643 -182526     634 -183163     585 -183786     495
 58962 -184375     366 -184912     201 -185382       5 -185770    -218
