Nutation ephemeris from nutIAU200 for Oct 1998 - Mar 2000 IAU2000               
(1x,i5,8i8,8x,i2)                  2451099 2451658  4 -1          1.E-04
 51099  -99739  -75209  -99557  -75163  -99448  -75084  -99425  -74979
 51101  -99498  -74858  -99668  -74728  -99936  -74598 -100297  -74477
 51103 -100742  -74372 -101259  -74288 -101836  -74232 -102457  -74206
 51105 -103106  -74214 -103766  -74257 -104419  -74334 -105051  -74445
 51107 -105645  -74586 -106189  -74755 -106671  -74945 -107081  -75153
 51109 -107414  -75373 -107665  -75597 -107833  -75819 -107921  -76033
 51111 -107934  -76232 -107878  -76411 -107765  -76564 -107606  -76688
 51113 -107416  -76778 -107210  -76833 -107007  -76851 -106824  -76834
 51115 -106679  -76784 -106590  -76704 -106573  -76601 -106642  -76482
 51117 -106805  -76357 -107067  -76237 -107426  -76134 -107872  -76061
 51119 -108389  -76028 -108949  -76045 -109520  -76120 -110067  -76255
 51121 -110549  -76447 -110931  -76689 -111184  -76971 -111290  -77275
 51123 -111241  -77584 -111045  -77881 -110721  -78149 -110296  -78377
 51125 -109807  -78554 -109290  -78676 -108781  -78745 -108312  -78763
 51127 -107910  -78738 -107594  -78678 -107377  -78593 -107266  -78492
 51129 -107261  -78386 -107358  -78284 -107549  -78194 -107821  -78123
 51131 -108161  -78076 -108553  -78058 -108981  -78071 -109428  -78118
 51133 -109877  -78199 -110310  -78313 -110713  -78457 -111072  -78629
 51135 -111372  -78825 -111605  -79040 -111762  -79268 -111837  -79502
 51137 -111827  -79737 -111734  -79965 -111561  -80180 -111314  -80376
 51139 -111004  -80546 -110641  -80687 -110242  -80793 -109821  -80863
 51141 -109397  -80895 -108987  -80890 -108610  -80850 -108282  -80777
 51143 -108020  -80678 -107836  -80559 -107740  -80428 -107737  -80295
 51145 -107828  -80170 -108008  -80064 -108264  -79986 -108579  -79947
 51147 -108928  -79955 -109282  -80015 -109607  -80128 -109869  -80293
 51149 -110035  -80504 -110077  -80750 -109974  -81018 -109719  -81290
 51151 -109314  -81550 -108775  -81781 -108129  -81970 -107411  -82105
 51153 -106661  -82183 -105916  -82201 -105215  -82164 -104587  -82079
 51155 -104056  -81956 -103636  -81806 -103334  -81640 -103149  -81469
 51157 -103076  -81305 -103103  -81154 -103216  -81025 -103398  -80923
 51159 -103632  -80852 -103898  -80814 -104180  -80810 -104458  -80839
 51161 -104718  -80899 -104943  -80989 -105120  -81104 -105237  -81240
 51163 -105285  -81391 -105257  -81551 -105148  -81715 -104955  -81876
 51165 -104682  -82026 -104332  -82159 -103913  -82269 -103436  -82350
 51167 -102914  -82398 -102364  -82408 -101804  -82379 -101253  -82310
 51169 -100731  -82202 -100255  -82060  -99845  -81886  -99514  -81689
 51171  -99273  -81475  -99129  -81255  -99084  -81038  -99133  -80835
 51173  -99268  -80655  -99472  -80507  -99725  -80399 -100003  -80337
 51175 -100275  -80324 -100513  -80359 -100687  -80440 -100767  -80559
 51177 -100732  -80708 -100565  -80872 -100258  -81038  -99816  -81191
 51179  -99251  -81316  -98586  -81400  -97852  -81433  -97084  -81409
 51181  -96322  -81327  -95601  -81190  -94952  -81003  -94402  -80777
 51183  -93968  -80523  -93658  -80252  -93474  -79977  -93409  -79708
 51185  -93452  -79456  -93586  -79228  -93795  -79030  -94057  -78866
 51187  -94353  -78737  -94663  -78644  -94970  -78586  -95255  -78559
 51189  -95504  -78562  -95705  -78589  -95845  -78636  -95917  -78696
 51191  -95915  -78764  -95836  -78834  -95677  -78898  -95443  -78951
 51193  -95136  -78985  -94767  -78994  -94346  -78974  -93887  -78919
 51195  -93406  -78826  -92924  -78693  -92460  -78520  -92034  -78308
 51197  -91667  -78062  -91376  -77787  -91177  -77492  -91080  -77184
 51199  -91090  -76876  -91205  -76577  -91418  -76299  -91715  -76051
 51201  -92076  -75843  -92477  -75679  -92890  -75565  -93286  -75500
 51203  -93635  -75481  -93911  -75504  -94091  -75560  -94159  -75638
 51205  -94103  -75725  -93923  -75808  -93625  -75875  -93224  -75912
 51207  -92742  -75910  -92207  -75860  -91650  -75758  -91105  -75603
 51209  -90602  -75398  -90173  -75148  -89838  -74863  -89617  -74552
 51211  -89516  -74226  -89540  -73899  -89681  -73580  -89931  -73279
 51213  -90272  -73005  -90688  -72763  -91156  -72558  -91657  -72391
 51215  -92170  -72262  -92675  -72171  -93157  -72113  -93599  -72085
 51217  -93989  -72082  -94318  -72099  -94577  -72129  -94763  -72166
 51219  -94873  -72204  -94907  -72237  -94868  -72257  -94763  -72258
 51221  -94599  -72236  -94389  -72184  -94145  -72099  -93884  -71978
 51223  -93624  -71818  -93385  -71620  -93188  -71385  -93053  -71117
 51225  -92998  -70823  -93039  -70511  -93185  -70190  -93443  -69872
 51227  -93809  -69570  -94275  -69295  -94822  -69057  -95427  -68865
 51229  -96061  -68726  -96693  -68641  -97292  -68608  -97826  -68623
 51231  -98272  -68678  -98609  -68762  -98826  -68862  -98920  -68964
 51233  -98896  -69056  -98767  -69125  -98553  -69160  -98277  -69155
 51235  -97969  -69103  -97657  -69003  -97371  -68855  -97138  -68663
 51237  -96982  -68434  -96920  -68176  -96967  -67899  -97128  -67614
 51239  -97403  -67330  -97787  -67059  -98269  -66808  -98835  -66586
 51241  -99466  -66398 -100142  -66249 -100843  -66139 -101548  -66069
 51243 -102239  -66036 -102899  -66039 -103513  -66071 -104068  -66129
 51245 -104556  -66205 -104971  -66295 -105309  -66390 -105569  -66485
 51247 -105753  -66572 -105866  -66647 -105915  -66703 -105909  -66734
 51249 -105860  -66737 -105781  -66708 -105688  -66643 -105598  -66543
 51251 -105529  -66406 -105500  -66236 -105531  -66035 -105639  -65809
 51253 -105838  -65568 -106139  -65320 -106547  -65077 -107060  -64851
 51255 -107669  -64656 -108354  -64501 -109092  -64397 -109849  -64349
 51257 -110592  -64361 -111284  -64429 -111894  -64547 -112394  -64705
 51259 -112767  -64889 -113005  -65085 -113110  -65276 -113093  -65449
 51261 -112976  -65592 -112783  -65694 -112545  -65751 -112292  -65759
 51263 -112056  -65718 -111862  -65632 -111736  -65507 -111696  -65351
 51265 -111756  -65172 -111923  -64981 -112199  -64788 -112581  -64602
 51267 -113060  -64433 -113624  -64287 -114258  -64173 -114944  -64093
 51269 -115663  -64051 -116394  -64049 -117119  -64085 -117819  -64158
 51271 -118478  -64265 -119082  -64399 -119620  -64557 -120084  -64731
 51273 -120469  -64915 -120773  -65102 -120996  -65286 -121142  -65460
 51275 -121218  -65619 -121231  -65755 -121193  -65866 -121116  -65947
 51277 -121013  -65995 -120902  -66008 -120797  -65986 -120717  -65930
 51279 -120677  -65842 -120696  -65725 -120788  -65587 -120965  -65435
 51281 -121237  -65277 -121607  -65125 -122075  -64990 -122629  -64884
 51283 -123254  -64819 -123924  -64803 -124607  -64845 -125268  -64947
 51285 -125870  -65106 -126376  -65317 -126758  -65569 -126995  -65846
 51287 -127080  -66131 -127016  -66408 -126821  -66659 -126519  -66872
 51289 -126145  -67037 -125734  -67149 -125322  -67205 -124942  -67210
 51291 -124625  -67169 -124391  -67089 -124258  -66982 -124235  -66857
 51293 -124325  -66724 -124524  -66595 -124825  -66479 -125216  -66383
 51295 -125682  -66314 -126206  -66277 -126770  -66276 -127353  -66312
 51297 -127938  -66387 -128505  -66497 -129038  -66641 -129521  -66815
 51299 -129942  -67014 -130291  -67231 -130562  -67462 -130749  -67698
 51301 -130853  -67933 -130875  -68161 -130821  -68374 -130699  -68568
 51303 -130518  -68736 -130292  -68875 -130032  -68981 -129756  -69052
 51305 -129479  -69088 -129217  -69088 -128987  -69055 -128804  -68992
 51307 -128682  -68902 -128636  -68794 -128673  -68673 -128800  -68549
 51309 -129020  -68433 -129327  -68333 -129713  -68262 -130160  -68229
 51311 -130645  -68243 -131139  -68311 -131606  -68435 -132011  -68614
 51313 -132319  -68844 -132498  -69112 -132526  -69405 -132393  -69706
 51315 -132102  -69997 -131668  -70258 -131119  -70477 -130493  -70641
 51317 -129829  -70745 -129172  -70788 -128558  -70773 -128021  -70708
 51319 -127584  -70604 -127263  -70472 -127066  -70325 -126993  -70174
 51321 -127036  -70031 -127183  -69904 -127420  -69802 -127727  -69730
 51323 -128085  -69693 -128475  -69692 -128875  -69729 -129268  -69802
 51325 -129636  -69909 -129962  -70046 -130233  -70210 -130438  -70395
 51327 -130568  -70594 -130618  -70801 -130586  -71010 -130470  -71214
 51329 -130276  -71406 -130010  -71579 -129679  -71728 -129297  -71849
 51331 -128877  -71936 -128434  -71989 -127984  -72004 -127544  -71982
 51333 -127132  -71925 -126762  -71835 -126451  -71716 -126210  -71574
 51335 -126050  -71416 -125978  -71250 -125997  -71085 -126105  -70930
 51337 -126295  -70794 -126555  -70688 -126868  -70620 -127211  -70596
 51339 -127554  -70622 -127868  -70700 -128119  -70827 -128274  -71000
 51341 -128306  -71207 -128193  -71437 -127924  -71673 -127498  -71897
 51343 -126930  -72093 -126244  -72245 -125477  -72341 -124670  -72374
 51345 -123867  -72343 -123112  -72250 -122439  -72105 -121876  -71917
 51347 -121442  -71700 -121144  -71469 -120980  -71236 -120942  -71013
 51349 -121016  -70811 -121182  -70638 -121419  -70498 -121704  -70396
 51351 -122017  -70332 -122336  -70307 -122642  -70318 -122917  -70363
 51353 -123146  -70436 -123318  -70532 -123421  -70647 -123449  -70772
 51355 -123398  -70903 -123267  -71031 -123057  -71151 -122773  -71255
 51357 -122423  -71338 -122016  -71395 -121565  -71420 -121084  -71410
 51359 -120591  -71363 -120101  -71278 -119633  -71155 -119205  -70998
 51361 -118832  -70808 -118529  -70593 -118308  -70358 -118176  -70112
 51363 -118139  -69862 -118196  -69618 -118342  -69391 -118567  -69187
 51365 -118854  -69017 -119185  -68887 -119535  -68802 -119876  -68765
 51367 -120180  -68775 -120416  -68831 -120558  -68925 -120582  -69048
 51369 -120471  -69188 -120216  -69330 -119819  -69459 -119291  -69559
 51371 -118656  -69616 -117946  -69620 -117199  -69563 -116457  -69444
 51373 -115760  -69264 -115145  -69032 -114642  -68758 -114269  -68455
 51375 -114038  -68137 -113946  -67819 -113986  -67513 -114142  -67231
 51377 -114394  -66981 -114718  -66768 -115091  -66596 -115488  -66466
 51379 -115888  -66376 -116271  -66324 -116618  -66306 -116916  -66316
 51381 -117153  -66348 -117320  -66397 -117412  -66455 -117427  -66516
 51383 -117364  -66572 -117226  -66618 -117019  -66646 -116752  -66652
 51385 -116436  -66629 -116082  -66575 -115706  -66485 -115326  -66358
 51387 -114958  -66193 -114621  -65992 -114332  -65756 -114109  -65492
 51389 -113965  -65204 -113911  -64901 -113955  -64590 -114099  -64283
 51391 -114339  -63988 -114669  -63715 -115073  -63473 -115533  -63271
 51393 -116025  -63113 -116523  -63003 -116999  -62941 -117425  -62926
 51395 -117774  -62952 -118022  -63010 -118154  -63091 -118156  -63183
 51397 -118027  -63270 -117771  -63340 -117405  -63379 -116950  -63376
 51399 -116436  -63322 -115898  -63211 -115373  -63044 -114897  -62821
 51401 -114503  -62551 -114216  -62243 -114056  -61910 -114032  -61564
 51403 -114144  -61221 -114385  -60892 -114740  -60589 -115188  -60320
 51405 -115706  -60091 -116270  -59905 -116855  -59764 -117437  -59666
 51407 -117996  -59607 -118515  -59583 -118979  -59588 -119378  -59615
 51409 -119703  -59657 -119952  -59708 -120123  -59760 -120217  -59807
 51411 -120239  -59841 -120196  -59857 -120097  -59850 -119953  -59815
 51413 -119778  -59747 -119587  -59646 -119395  -59507 -119221  -59333
 51415 -119082  -59124 -118996  -58883 -118979  -58616 -119045  -58328
 51417 -119206  -58027 -119466  -57724 -119829  -57429 -120289  -57151
 51419 -120836  -56903 -121452  -56691 -122115  -56526 -122798  -56410
 51421 -123472  -56346 -124106  -56334 -124673  -56368 -125147  -56440
 51423 -125508  -56541 -125744  -56658 -125851  -56777 -125832  -56886
 51425 -125701  -56970 -125476  -57019 -125183  -57024 -124853  -56979
 51427 -124518  -56880 -124211  -56730 -123963  -56532 -123801  -56293
 51429 -123746  -56025 -123811  -55737 -124005  -55442 -124324  -55154
 51431 -124761  -54883 -125301  -54641 -125924  -54434 -126609  -54268
 51433 -127330  -54147 -128064  -54072 -128788  -54039 -129481  -54047
 51435 -130127  -54090 -130710  -54162 -131221  -54255 -131654  -54363
 51437 -132006  -54478 -132277  -54592 -132470  -54700 -132592  -54793
 51439 -132650  -54867 -132654  -54917 -132618  -54938 -132553  -54928
 51441 -132476  -54883 -132403  -54804 -132349  -54690 -132331  -54544
 51443 -132367  -54368 -132470  -54168 -132655  -53949 -132932  -53721
 51445 -133306  -53492 -133779  -53273 -134345  -53075 -134993  -52910
 51447 -135705  -52786 -136454  -52711 -137213  -52692 -137948  -52728
 51449 -138626  -52818 -139217  -52956 -139695  -53131 -140043  -53332
 51451 -140251  -53542 -140321  -53748 -140264  -53935 -140099  -54089
 51453 -139853  -54201 -139558  -54263 -139246  -54272 -138950  -54229
 51455 -138702  -54138 -138529  -54004 -138451  -53836 -138484  -53646
 51457 -138636  -53444 -138909  -53243 -139296  -53053 -139788  -52885
 51459 -140367  -52747 -141016  -52646 -141711  -52587 -142430  -52572
 51461 -143149  -52600 -143848  -52671 -144506  -52780 -145108  -52922
 51463 -145640  -53091 -146093  -53279 -146462  -53479 -146745  -53683
 51465 -146943  -53884 -147062  -54075 -147109  -54250 -147093  -54402
 51467 -147026  -54528 -146922  -54624 -146794  -54687 -146657  -54717
 51469 -146528  -54711 -146421  -54673 -146352  -54603 -146336  -54505
 51471 -146387  -54385 -146515  -54248 -146729  -54104 -147035  -53959
 51473 -147432  -53826 -147915  -53713 -148473  -53633 -149087  -53593
 51475 -149734  -53604 -150381  -53670 -150997  -53793 -151544  -53971
 51477 -151990  -54198 -152307  -54462 -152475  -54750 -152487  -55045
 51479 -152345  -55329 -152067  -55585 -151677  -55801 -151211  -55966
 51481 -150706  -56073 -150201  -56122 -149733  -56114 -149333  -56058
 51483 -149027  -55961 -148832  -55835 -148759  -55692 -148809  -55545
 51485 -148978  -55404 -149256  -55280 -149628  -55183 -150075  -55118
 51487 -150577  -55092 -151111  -55107 -151655  -55164 -152187  -55262
 51489 -152688  -55399 -153139  -55570 -153527  -55770 -153839  -55992
 51491 -154068  -56230 -154210  -56475 -154264  -56720 -154232  -56957
 51493 -154121  -57181 -153940  -57384 -153699  -57561 -153412  -57709
 51495 -153093  -57824 -152757  -57904 -152420  -57949 -152097  -57958
 51497 -151803  -57934 -151553  -57880 -151361  -57799 -151237  -57698
 51499 -151190  -57583 -151226  -57461 -151349  -57340 -151556  -57231
 51501 -151842  -57142 -152195  -57083 -152597  -57062 -153026  -57088
 51503 -153452  -57166 -153844  -57297 -154167  -57482 -154386  -57713
 51505 -154473  -57981 -154405  -58273 -154170  -58570 -153770  -58855
 51507 -153221  -59109 -152550  -59317 -151797  -59466 -151006  -59551
 51509 -150222  -59568 -149488  -59524 -148841  -59426 -148307  -59286
 51511 -147904  -59118 -147638  -58937 -147509  -58755 -147505  -58585
 51513 -147613  -58438 -147812  -58321 -148079  -58241 -148393  -58202
 51515 -148728  -58204 -149063  -58247 -149378  -58328 -149653  -58445
 51517 -149873  -58592 -150026  -58763 -150101  -58950 -150093  -59148
 51519 -149999  -59349 -149820  -59545 -149560  -59729 -149226  -59895
 51521 -148828  -60037 -148377  -60149 -147888  -60229 -147376  -60273
 51523 -146856  -60281 -146347  -60251 -145862  -60185 -145418  -60087
 51525 -145028  -59959 -144705  -59807 -144457  -59637 -144292  -59456
 51527 -144213  -59271 -144220  -59091 -144309  -58924 -144471  -58779
 51529 -144693  -58664 -144958  -58586 -145243  -58551 -145523  -58564
 51531 -145767  -58625 -145946  -58733 -146027  -58884 -145985  -59068
 51533 -145795  -59273 -145446  -59484 -144935  -59683 -144274  -59852
 51535 -143486  -59976 -142609  -60040 -141687  -60037 -140768  -59963
 51537 -139899  -59822 -139124  -59622 -138473  -59377 -137967  -59102
 51539 -137616  -58813 -137416  -58526 -137355  -58256 -137414  -58013
 51541 -137569  -57805 -137794  -57640 -138062  -57518 -138347  -57441
 51543 -138627  -57406 -138879  -57409 -139087  -57446 -139237  -57511
 51545 -139317  -57596 -139320  -57694 -139243  -57798 -139084  -57902
 51547 -138846  -57997 -138534  -58077 -138157  -58136 -137724  -58168
 51549 -137249  -58169 -136746  -58136 -136230  -58067 -135719  -57960
 51551 -135228  -57816 -134774  -57637 -134373  -57427 -134037  -57190
 51553 -133779  -56931 -133606  -56659 -133523  -56380 -133531  -56103
 51555 -133628  -55836 -133806  -55588 -134054  -55366 -134356  -55177
 51557 -134692  -55027 -135041  -54920 -135377  -54859 -135672  -54843
 51559 -135900  -54870 -136035  -54932 -136054  -55023 -135940  -55130
 51561 -135681  -55240 -135278  -55338 -134739  -55407 -134085  -55434
 51563 -133346  -55406 -132562  -55314 -131777  -55155 -131037  -54931
 51565 -130384  -54648 -129852  -54318 -129467  -53958 -129241  -53582
 51567 -129172  -53209 -129252  -52854 -129459  -52530 -129768  -52247
 51569 -130150  -52010 -130575  -51822 -131015  -51683 -131445  -51590
 51571 -131842  -51538 -132189  -51520 -132473  -51530 -132683  -51559
 51573 -132816  -51600 -132868  -51645 -132842  -51687 -132741  -51718
 51575 -132572  -51732 -132346  -51724 -132072  -51689 -131764  -51622
 51577 -131438  -51521 -131107  -51384 -130790  -51212 -130501  -51004
 51579 -130258  -50764 -130076  -50495 -129967  -50202 -129942  -49893
 51581 -130008  -49574 -130170  -49253 -130426  -48941 -130772  -48645
 51583 -131196  -48375 -131685  -48137 -132220  -47939 -132779  -47784
 51585 -133337  -47676 -133869  -47614 -134347  -47596 -134748  -47618
 51587 -135050  -47672 -135236  -47747 -135294  -47832 -135221  -47915
 51589 -135019  -47981 -134701  -48018 -134289  -48013 -133810  -47956
 51591 -133300  -47841 -132796  -47667 -132337  -47433 -131962  -47148
 51593 -131699  -46821 -131574  -46466 -131597  -46098 -131772  -45735
 51595 -132089  -45390 -132530  -45078 -133071  -44808 -133682  -44587
 51597 -134334  -44419 -134996  -44303 -135642  -44236 -136248  -44213
 51599 -136796  -44227 -137272  -44269 -137669  -44330 -137981  -44404
 51601 -138209  -44479 -138356  -44550 -138428  -44609 -138435  -44649
 51603 -138387  -44666 -138297  -44654 -138178  -44611 -138045  -44535
 51605 -137915  -44424 -137802  -44278 -137723  -44100 -137692  -43891
 51607 -137725  -43657 -137833  -43402 -138026  -43134 -138311  -42860
 51609 -138691  -42589 -139164  -42331 -139723  -42094 -140356  -41888
 51611 -141046  -41720 -141772  -41598 -142508  -41524 -143227  -41500
 51613 -143902  -41526 -144505  -41596 -145013  -41703 -145407  -41838
 51615 -145674  -41988 -145810  -42142 -145817  -42285 -145705  -42404
 51617 -145493  -42488 -145207  -42526 -144877  -42513 -144536  -42445
 51619 -144219  -42321 -143960  -42146 -143788  -41927 -143729  -41675
 51621 -143797  -41403 -144003  -41123 -144346  -40852 -144815  -40602
 51623 -145394  -40385 -146060  -40211 -146785  -40087 -147541  -40014
 51625 -148298  -39994 -149030  -40022 -149714  -40095 -150331  -40204
 51627 -150868  -40342 -151316  -40498 -151673  -40664 -151939  -40831
 51629 -152119  -40991 -152221  -41137 -152257  -41261 -152238  -41360
 51631 -152179  -41429 -152094  -41465 -151999  -41467 -151909  -41434
 51633 -151841  -41367 -151809  -41269 -151827  -41142 -151909  -40992
 51635 -152064  -40823 -152303  -40642 -152630  -40458 -153048  -40279
 51637 -153554  -40115 -154139  -39974 -154793  -39867 -155495  -39800
 51639 -156224  -39781 -156952  -39814 -157649  -39899 -158284  -40035
 51641 -158830  -40216 -159262  -40433 -159561  -40674 -159718  -40925
 51643 -159731  -41172 -159610  -41399 -159374  -41594 -159047  -41744
 51645 -158663  -41842 -158254  -41884 -157858  -41869 -157509  -41800
 51647 -157237  -41685 -157066  -41532 -157014  -41354 -157092  -41163
 51649 -157299  -40973 -157632  -40797 -158076  -40646 -158614  -40531
 51651 -159220  -40458 -159870  -40434 -160536  -40459 -161192  -40533
 51653 -161813  -40653 -162376  -40814 -162867  -41008 -163271  -41226
 51655 -163581  -41461 -163795  -41702 -163914  -41941 -163946  -42169
 51657 -163898  -42380 -163783  -42566 -163614  -42724 -163408  -42849
