Nutation ephemeris from nutIAU200 for Oct 2002 - Mar 2004 IAU2000               
(1x,i5,8i8,8x,i2)                  2452560 2453119  4 -1          1.E-04
 52560 -170683   33689 -170241   33688 -169851   33740 -169538   33839
 52562 -169319   33974 -169207   34137 -169209   34318 -169327   34507
 52564 -169558   34693 -169895   34867 -170329   35021 -170845   35148
 52566 -171428   35241 -172060   35295 -172721   35308 -173393   35276
 52568 -174053   35201 -174683   35084 -175264   34926 -175778   34734
 52570 -176210   34512 -176548   34267 -176784   34008 -176912   33744
 52572 -176931   33482 -176843   33233 -176656   33006 -176380   32808
 52574 -176030   32648 -175624   32531 -175184   32463 -174733   32446
 52576 -174296   32482 -173900   32567 -173571   32698 -173332   32867
 52578 -173204   33065 -173201   33278 -173334   33491 -173601   33687
 52580 -173991   33851 -174483   33964 -175046   34013 -175639   33989
 52582 -176214   33886 -176724   33705 -177122   33456 -177372   33151
 52584 -177448   32811 -177341   32456 -177054   32109 -176609   31791
 52586 -176035   31517 -175373   31301 -174664   31149 -173949   31063
 52588 -173267   31041 -172650   31075 -172124   31158 -171705   31279
 52590 -171406   31426 -171231   31589 -171178   31755 -171241   31915
 52592 -171411   32059 -171673   32180 -172011   32270 -172409   32324
 52594 -172846   32339 -173303   32313 -173760   32243 -174195   32131
 52596 -174591   31979 -174927   31790 -175189   31570 -175361   31324
 52598 -175434   31061 -175398   30789 -175250   30516 -174992   30253
 52600 -174628   30009 -174167   29792 -173624   29612 -173017   29476
 52602 -172368   29388 -171700   29353 -171040   29371 -170413   29441
 52604 -169845   29559 -169360   29718 -168977   29910 -168712   30123
 52606 -168575   30343 -168566   30557 -168679   30750 -168901   30906
 52608 -169208   31013 -169568   31060 -169944   31038 -170293   30946
 52610 -170574   30785 -170746   30564 -170775   30293 -170636   29991
 52612 -170319   29678 -169826   29373 -169173   29097 -168389   28868
 52614 -167512   28697 -166584   28593 -165648   28560 -164747   28594
 52616 -163917   28689 -163185   28836 -162571   29022 -162089   29236
 52618 -161741   29464 -161526   29694 -161434   29915 -161452   30117
 52620 -161566   30293 -161755   30435 -162001   30540 -162282   30604
 52622 -162578   30625 -162867   30605 -163130   30543 -163348   30444
 52624 -163504   30311 -163581   30150 -163567   29968 -163451   29772
 52626 -163228   29570 -162893   29373 -162450   29191 -161903   29031
 52628 -161264   28905 -160551   28820 -159782   28784 -158982   28801
 52630 -158179   28873 -157400   29002 -156675   29183 -156029   29411
 52632 -155487   29677 -155065   29970 -154775   30276 -154620   30581
 52634 -154597   30870 -154692   31128 -154885   31343 -155147   31505
 52636 -155445   31605 -155741   31639 -155998   31609 -156178   31518
 52638 -156247   31376 -156179   31195 -155956   30992 -155571   30783
 52640 -155027   30588 -154340   30424 -153535   30305 -152647   30244
 52642 -151714   30248 -150777   30320 -149877   30458 -149048   30657
 52644 -148319   30907 -147714   31197 -147244   31513 -146916   31843
 52646 -146725   32172 -146664   32490 -146719   32787 -146871   33053
 52648 -147101   33283 -147386   33472 -147705   33617 -148035   33719
 52650 -148356   33778 -148648   33796 -148891   33777 -149070   33727
 52652 -149171   33650 -149181   33554 -149093   33447 -148899   33338
 52654 -148599   33235 -148195   33148 -147694   33087 -147106   33061
 52656 -146449   33078 -145744   33145 -145015   33266 -144291   33445
 52658 -143603   33681 -142981   33970 -142454   34304 -142045   34673
 52660 -141772   35064 -141646   35462 -141666   35849 -141823   36211
 52662 -142098   36531 -142463   36797 -142884   37001 -143323   37138
 52664 -143741   37206 -144100   37212 -144366   37162 -144512   37068
 52666 -144520   36946 -144379   36811 -144090   36680 -143662   36570
 52668 -143116   36494 -142476   36466 -141775   36494 -141048   36583
 52670 -140331   36736 -139659   36949 -139063   37216 -138570   37529
 52672 -138198   37877 -137961   38246 -137862   38625 -137898   39001
 52674 -138063   39361 -138340   39696 -138712   39998 -139159   40259
 52676 -139657   40477 -140184   40648 -140717   40773 -141235   40853
 52678 -141718   40892 -142148   40894 -142510   40864 -142791   40809
 52680 -142981   40737 -143074   40656 -143064   40574 -142953   40500
 52682 -142744   40444 -142443   40413 -142063   40417 -141619   40463
 52684 -141132   40557 -140625   40705 -140126   40909 -139664   41167
 52686 -139271   41477 -138975   41831 -138801   42218 -138769   42624
 52688 -138889   43032 -139161   43424 -139573   43783 -140102   44091
 52690 -140716   44336 -141374   44508 -142034   44605 -142650   44629
 52692 -143183   44587 -143601   44490 -143881   44356 -144010   44200
 52694 -143987   44041 -143820   43896 -143529   43780 -143137   43707
 52696 -142677   43685 -142180   43720 -141681   43815 -141212   43968
 52698 -140805   44175 -140483   44429 -140269   44721 -140177   45038
 52700 -140214   45371 -140382   45706 -140677   46032 -141089   46338
 52702 -141603   46615 -142202   46856 -142864   47054 -143568   47205
 52704 -144290   47309 -145007   47365 -145700   47376 -146347   47345
 52706 -146933   47278 -147444   47180 -147867   47060 -148195   46924
 52708 -148423   46782 -148550   46642 -148577   46513 -148510   46402
 52710 -148359   46319 -148135   46271 -147854   46264 -147536   46304
 52712 -147202   46394 -146880   46537 -146594   46732 -146374   46974
 52714 -146245   47257 -146233   47572 -146355   47903 -146623   48236
 52716 -147037   48551 -147588   48830 -148252   49056 -148996   49214
 52718 -149775   49294 -150543   49292 -151251   49211 -151854   49060
 52720 -152319   48854 -152621   48611 -152751   48352 -152716   48098
 52722 -152531   47867 -152223   47675 -151826   47535 -151376   47453
 52724 -150911   47434 -150466   47475 -150074   47574 -149762   47722
 52726 -149550   47911 -149455   48130 -149484   48368 -149641   48613
 52728 -149923   48854 -150322   49079 -150825   49280 -151417   49448
 52730 -152079   49577 -152789   49662 -153526   49700 -154267   49690
 52732 -154991   49634 -155678   49534 -156308   49395 -156866   49222
 52734 -157339   49022 -157718   48802 -157995   48572 -158169   48340
 52736 -158241   48113 -158215   47902 -158099   47714 -157904   47557
 52738 -157644   47437 -157337   47359 -157003   47329 -156662   47347
 52740 -156339   47415 -156057   47531 -155842   47691 -155715   47888
 52742 -155697   48111 -155804   48349 -156044   48586 -156418   48807
 52744 -156916   48993 -157518   49127 -158191   49196 -158893   49188
 52746 -159578   49098 -160194   48927 -160695   48685 -161041   48386
 52748 -161208   48050 -161184   47700 -160975   47359 -160603   47047
 52750 -160101   46784 -159508   46581 -158870   46445 -158230   46379
 52752 -157629   46379 -157099   46438 -156669   46547 -156357   46694
 52754 -156174   46866 -156125   47052 -156207   47238 -156412   47413
 52756 -156729   47568 -157141   47694 -157631   47784 -158177   47832
 52758 -158758   47836 -159352   47794 -159937   47707 -160492   47575
 52760 -160999   47402 -161440   47194 -161800   46957 -162068   46697
 52762 -162236   46423 -162300   46144 -162258   45868 -162114   45604
 52764 -161875   45361 -161551   45147 -161156   44968 -160706   44830
 52766 -160222   44738 -159723   44694 -159232   44700 -158771   44753
 52768 -158364   44852 -158031   44990 -157791   45160 -157659   45351
 52770 -157647   45551 -157759   45748 -157992   45925 -158335   46068
 52772 -158766   46161 -159256   46193 -159767   46154 -160254   46039
 52774 -160670   45848 -160971   45590 -161116   45277 -161078   44928
 52776 -160843   44565 -160414   44213 -159812   43893 -159069   43625
 52778 -158229   43423 -157343   43296 -156458   43244 -155621   43265
 52780 -154870   43349 -154234   43485 -153733   43659 -153376   43857
 52782 -153165   44065 -153094   44268 -153151   44456 -153320   44618
 52784 -153580   44747 -153911   44837 -154291   44883 -154695   44884
 52786 -155103   44839 -155492   44750 -155842   44620 -156136   44453
 52788 -156357   44254 -156492   44031 -156532   43790 -156470   43541
 52790 -156303   43292 -156032   43051 -155662   42829 -155202   42632
 52792 -154664   42470 -154065   42348 -153423   42271 -152760   42243
 52794 -152098   42266 -151461   42338 -150871   42458 -150350   42620
 52796 -149918   42817 -149590   43039 -149377   43276 -149285   43516
 52798 -149314   43744 -149454   43948 -149691   44114 -150002   44230
 52800 -150356   44286 -150717   44276 -151046   44196 -151299   44050
 52802 -151437   43843 -151426   43589 -151240   43305 -150866   43011
 52804 -150306   42728 -149576   42479 -148707   42282 -147740   42152
 52806 -146725   42098 -145710   42122 -144745   42221 -143871   42386
 52808 -143121   42605 -142515   42863 -142065   43145 -141772   43433
 52810 -141628   43715 -141619   43977 -141725   44208 -141923   44403
 52812 -142190   44554 -142501   44658 -142831   44716 -143156   44727
 52814 -143457   44694 -143712   44622 -143905   44516 -144022   44381
 52816 -144051   44225 -143983   44057 -143814   43884 -143543   43715
 52818 -143172   43560 -142707   43427 -142159   43324 -141541   43259
 52820 -140871   43238 -140170   43265 -139461   43343 -138767   43474
 52822 -138114   43654 -137526   43880 -137023   44145 -136624   44440
 52824 -136343   44755 -136187   45076 -136158   45392 -136248   45687
 52826 -136445   45949 -136728   46167 -137070   46329 -137437   46430
 52828 -137795   46466 -138104   46438 -138329   46349 -138435   46210
 52830 -138396   46034 -138192   45836 -137815   45635 -137271   45452
 52832 -136575   45303 -135756   45207 -134853   45175 -133908   45217
 52834 -132969   45333 -132082   45522 -131286   45776 -130615   46081
 52836 -130090   46424 -129724   46789 -129518   47159 -129465   47518
 52838 -129550   47855 -129752   48158 -130047   48419 -130409   48633
 52840 -130810   48798 -131226   48913 -131632   48979 -132006   49002
 52842 -132330   48984 -132587   48934 -132764   48858 -132851   48763
 52844 -132842   48658 -132733   48552 -132525   48454 -132222   48372
 52846 -131831   48314 -131363   48289 -130834   48304 -130261   48364
 52848 -129665   48473 -129071   48634 -128503   48847 -127986   49109
 52850 -127546   49414 -127204   49756 -126979   50124 -126882   50505
 52852 -126919   50886 -127088   51251 -127377   51587 -127769   51880
 52854 -128235   52119 -128746   52296 -129263   52406 -129749   52450
 52856 -130168   52431 -130485   52357 -130674   52241 -130714   52097
 52858 -130594   51942 -130316   51794 -129890   51671 -129336   51588
 52860 -128685   51559 -127972   51593 -127237   51696 -126523   51868
 52862 -125868   52106 -125309   52401 -124873   52743 -124581   53116
 52864 -124442   53506 -124459   53898 -124624   54276 -124921   54627
 52866 -125331   54942 -125828   55211 -126387   55431 -126979   55598
 52868 -127579   55713 -128162   55778 -128706   55798 -129193   55778
 52870 -129607   55726 -129936   55648 -130172   55555 -130310   55453
 52872 -130350   55353 -130293   55263 -130144   55191 -129913   55145
 52874 -129612   55132 -129255   55160 -128861   55232 -128450   55353
 52876 -128047   55525 -127674   55747 -127358   56016 -127123   56327
 52878 -126990   56671 -126979   57037 -127100   57413 -127358   57782
 52880 -127750   58129 -128262   58439 -128870   58698 -129544   58893
 52882 -130247   59019 -130937   59072 -131574   59054 -132119   58973
 52884 -132541   58840 -132817   58671 -132933   58484 -132888   58295
 52886 -132690   58125 -132360   57988 -131924   57899 -131415   57868
 52888 -130873   57901 -130334   58001 -129836   58164 -129413   58385
 52890 -129095   58655 -128902   58961 -128850   59292 -128944   59631
 52892 -129183   59966 -129558   60282 -130053   60568 -130647   60814
 52894 -131318   61013 -132038   61161 -132781   61255 -133522   61296
 52896 -134235   61287 -134900   61233 -135498   61140 -136016   61015
 52898 -136443   60868 -136772   60707 -137000   60541 -137128   60378
 52900 -137161   60228 -137105   60098 -136970   59997 -136771   59930
 52902 -136523   59903 -136243   59920 -135953   59985 -135673   60098
 52904 -135427   60259 -135238   60463 -135128   60707 -135118   60981
 52906 -135224   61274 -135459   61575 -135827   61867 -136323   62134
 52908 -136934   62360 -137636   62531 -138396   62634 -139172   62661
 52910 -139920   62611 -140596   62485 -141157   62294 -141571   62052
 52912 -141816   61778 -141883   61491 -141778   61213 -141517   60963
 52914 -141130   60758 -140651   60610 -140121   60527 -139582   60511
 52916 -139072   60562 -138627   60675 -138276   60839 -138044   61044
 52918 -137945   61278 -137986   61525 -138168   61774 -138484   62010
 52920 -138923   62223 -139466   62401 -140092   62536 -140778   62624
 52922 -141497   62660 -142225   62644 -142937   62576 -143610   62461
 52924 -144223   62303 -144761   62109 -145210   61887 -145561   61646
 52926 -145809   61394 -145952   61141 -145995   60896 -145942   60667
 52928 -145803   60463 -145591   60289 -145320   60153 -145007   60058
 52930 -144671   60008 -144332   60004 -144009   60047 -143725   60134
 52932 -143499   60262 -143351   60426 -143299   60616 -143356   60824
 52934 -143533   61036 -143831   61238 -144247   61416 -144767   61555
 52936 -145369   61639 -146021   61657 -146683   61600 -147310   61464
 52938 -147853   61252 -148270   60974 -148522   60643 -148587   60280
 52940 -148454   59909 -148130   59551 -147639   59230 -147016   58964
 52942 -146305   58764 -145553   58639 -144810   58589 -144118   58609
 52944 -143515   58692 -143028   58824 -142678   58993 -142473   59184
 52946 -142415   59381 -142499   59571 -142712   59742 -143037   59884
 52948 -143454   59987 -143938   60046 -144466   60056 -145013   60015
 52950 -145553   59925 -146064   59786 -146525   59605 -146917   59385
 52952 -147226   59134 -147440   58861 -147552   58573 -147559   58281
 52954 -147460   57993 -147261   57718 -146970   57465 -146598   57241
 52956 -146158   57052 -145669   56904 -145148   56800 -144614   56743
 52958 -144089   56732 -143592   56768 -143143   56845 -142760   56961
 52960 -142460   57107 -142256   57277 -142159   57459 -142174   57642
 52962 -142301   57813 -142534   57960 -142858   58068 -143252   58126
 52964 -143686   58123 -144124   58050 -144523   57904 -144839   57687
 52966 -145029   57406 -145055   57075 -144888   56712 -144517   56341
 52968 -143944   55985 -143192   55668 -142295   55410 -141302   55226
 52970 -140268   55124 -139247   55105 -138290   55164 -137439   55289
 52972 -136724   55467 -136166   55680 -135771   55911 -135538   56144
 52974 -135454   56364 -135502   56559 -135660   56718 -135903   56834
 52976 -136206   56903 -136540   56922 -136882   56890 -137206   56811
 52978 -137492   56687 -137719   56525 -137871   56330 -137937   56109
 52980 -137906   55872 -137773   55627 -137537   55383 -137199   55149
 52982 -136766   54933 -136247   54745 -135655   54590 -135006   54475
 52984 -134319   54404 -133612   54380 -132908   54405 -132226   54478
 52986 -131588   54595 -131013   54753 -130518   54946 -130116   55165
 52988 -129820   55401 -129634   55643 -129560   55881 -129593   56102
 52990 -129723   56294 -129933   56446 -130200   56548 -130495   56592
 52992 -130784   56572 -131030   56487 -131193   56339 -131236   56135
 52994 -131124   55888 -130833   55614 -130348   55333 -129670   55067
 52996 -128816   54839 -127816   54669 -126715   54573 -125567   54560
 52998 -124427   54633 -123351   54787 -122385   55012 -121565   55293
 53000 -120915   55611 -120443   55947 -120147   56283 -120013   56600
 53002 -120020   56887 -120142   57133 -120350   57330 -120614   57475
 53004 -120904   57567 -121194   57607 -121460   57599 -121680   57548
 53006 -121836   57460 -121913   57344 -121903   57207 -121796   57058
 53008 -121591   56905 -121287   56759 -120888   56627 -120402   56518
 53010 -119840   56439 -119215   56397 -118544   56397 -117846   56444
 53012 -117143   56539 -116455   56683 -115804   56874 -115212   57109
 53014 -114699   57382 -114279   57686 -113968   58010 -113771   58345
 53016 -113694   58678 -113731   58998 -113875   59293 -114109   59552
 53018 -114414   59765 -114762   59923 -115124   60022 -115465   60059
 53020 -115752   60036 -115949   59956 -116025   59830 -115954   59670
 53022 -115717   59491 -115307   59312 -114725   59152 -113988   59030
 53024 -113124   58963 -112170   58966 -111175   59047 -110188   59209
 53026 -109262   59449 -108442   59758 -107764   60121 -107255   60521
 53028 -106926   60938 -106777   61353 -106795   61749 -106960   62109
 53030 -107244   62424 -107615   62685 -108041   62888 -108490   63034
 53032 -108933   63124 -109345   63163 -109704   63159 -109993   63118
 53034 -110199   63049 -110313   62962 -110331   62866 -110251   62770
 53036 -110077   62683 -109814   62612 -109470   62567 -109059   62555
 53038 -108593   62580 -108092   62648 -107573   62762 -107057   62924
 53040 -106567   63134 -106123   63390 -105748   63686 -105460   64017
 53042 -105276   64375 -105207   64748 -105262   65125 -105441   65493
 53044 -105737   65839 -106138   66151 -106624   66417 -107169   66629
 53046 -107743   66779 -108312   66865 -108840   66887 -109294   66850
 53048 -109642   66762 -109858   66634 -109925   66481 -109831   66320
 53050 -109576   66168 -109172   66042 -108638   65959 -108003   65933
 53052 -107305   65973 -106586   66085 -105891   66272 -105261   66527
 53054 -104738   66842 -104351   67204 -104123   67597 -104066   68002
 53056 -104178   68403 -104450   68781 -104860   69122 -105384   69414
 53058 -105989   69650 -106642   69826 -107313   69940 -107970   69997
 53060 -108587   70000 -109143   69958 -109621   69879 -110007   69772
 53062 -110296   69649 -110484   69517 -110572   69388 -110565   69271
 53064 -110471   69172 -110301   69101 -110068   69063 -109787   69064
 53066 -109476   69108 -109154   69197 -108841   69332 -108557   69513
 53068 -108324   69737 -108161   69999 -108088   70292 -108120   70609
 53070 -108268   70937 -108539   71265 -108932   71580 -109441   71867
 53072 -110051   72112 -110738   72306 -111474   72437 -112223   72499
 53074 -112948   72492 -113609   72418 -114173   72283 -114607   72100
 53076 -114891   71882 -115010   71648 -114963   71416 -114759   71204
 53078 -114418   71030 -113967   70906 -113442   70844 -112882   70850
 53080 -112329   70926 -111822   71070 -111399   71274 -111090   71529
 53082 -110920   71819 -110902   72131 -111043   72448 -111337   72753
 53084 -111774   73032 -112332   73271 -112987   73460 -113708   73594
 53086 -114465   73667 -115227   73679 -115965   73635 -116653   73538
 53088 -117270   73396 -117800   73219 -118230   73016 -118556   72799
 53090 -118775   72576 -118890   72358 -118909   72155 -118840   71974
 53092 -118697   71823 -118494   71707 -118248   71632 -117977   71599
 53094 -117700   71612 -117437   71670 -117207   71772 -117028   71915
 53096 -116921   72093 -116900   72300 -116981   72527 -117173   72764
 53098 -117481   72998 -117905   73218 -118438   73407 -119064   73555
 53100 -119760   73647 -120495   73674 -121232   73630 -121931   73513
 53102 -122550   73326 -123049   73078 -123398   72781 -123573   72454
 53104 -123565   72117 -123377   71790 -123025   71495 -122538   71248
 53106 -121954   71062 -121315   70948 -120667   70907 -120052   70938
 53108 -119512   71034 -119078   71186 -118776   71380 -118622   71601
 53110 -118622   71833 -118774   72060 -119068   72268 -119488   72445
 53112 -120011   72578 -120610   72661 -121258   72688 -121924   72658
 53114 -122581   72571 -123201   72430 -123761   72242 -124241   72013
 53116 -124628   71754 -124910   71473 -125084   71182 -125148   70890
 53118 -125107   70608 -124970   70343 -124748   70106 -124454   69901
