Nutation ephemeris from nutIAU200 for Oct 2005 - Mar 2007 IAU2000               
(1x,i5,8i8,8x,i2)                  2453656 2454215  4 -1          1.E-04
 53656  -46070   92771  -45906   93021  -45907   93285  -46078   93542
 53658  -46413   93772  -46894   93956  -47489   94078  -48161   94125
 53660  -48865   94093  -49555   93979  -50188   93789  -50725   93535
 53662  -51138   93230  -51409   92892  -51530   92538  -51505   92186
 53664  -51345   91852  -51070   91549  -50704   91288  -50273   91075
 53666  -49805   90916  -49328   90811  -48866   90760  -48442   90757
 53668  -48075   90799  -47783   90879  -47577   90990  -47467   91123
 53670  -47459   91269  -47554   91419  -47751   91564  -48047   91695
 53672  -48431   91803  -48893   91880  -49417   91918  -49984   91911
 53674  -50573   91853  -51159   91743  -51717   91578  -52219   91361
 53676  -52639   91095  -52952   90788  -53137   90449  -53177   90090
 53678  -53064   89725  -52795   89370  -52377   89040  -51826   88750
 53680  -51166   88513  -50430   88339  -49652   88235  -48874   88202
 53682  -48136   88239  -47475   88340  -46927   88493  -46517   88684
 53684  -46263   88896  -46172   89110  -46241   89309  -46456   89473
 53686  -46794   89587  -47222   89640  -47704   89622  -48199   89529
 53688  -48664   89364  -49063   89132  -49363   88843  -49537   88511
 53690  -49569   88151  -49454   87781  -49193   87416  -48799   87073
 53692  -48291   86763  -47692   86498  -47029   86284  -46332   86127
 53694  -45629   86026  -44946   85980  -44307   85986  -43732   86036
 53696  -43238   86125  -42837   86243  -42537   86383  -42342   86533
 53698  -42252   86686  -42265   86831  -42373   86961  -42566   87066
 53700  -42831   87139  -43152   87174  -43509   87164  -43882   87105
 53702  -44245   86996  -44574   86835  -44841   86624  -45020   86368
 53704  -45088   86074  -45021   85751  -44804   85412  -44425   85071
 53706  -43885   84745  -43191   84451  -42363   84204  -41427   84018
 53708  -40422   83903  -39390   83866  -38378   83906  -37431   84020
 53710  -36589   84196  -35887   84422  -35347   84677  -34981   84944
 53712  -34788   85203  -34754   85433  -34858   85619  -35069   85749
 53714  -35351   85813  -35664   85807  -35969   85730  -36228   85589
 53716  -36410   85390  -36487   85145  -36440   84867  -36258   84571
 53718  -35938   84273  -35484   83987  -34910   83727  -34233   83504
 53720  -33477   83328  -32668   83204  -31833   83136  -30999   83126
 53722  -30194   83170  -29441   83265  -28760   83404  -28166   83580
 53724  -27673   83784  -27286   84006  -27010   84237  -26842   84466
 53726  -26779   84686  -26810   84887  -26926   85062  -27110   85202
 53728  -27345   85304  -27612   85361  -27890   85371  -28155   85333
 53730  -28382   85246  -28547   85113  -28626   84939  -28595   84730
 53732  -28433   84497  -28125   84250  -27661   84003  -27037   83774
 53734  -26261   83577  -25350   83429  -24332   83345  -23245   83336
 53736  -22134   83409  -21051   83564  -20045   83795  -19163   84092
 53738  -18442   84436  -17905   84808  -17563   85183  -17410   85540
 53740  -17426   85857  -17580   86119  -17834   86313  -18144   86434
 53742  -18467   86481  -18763   86458  -18997   86373  -19140   86237
 53744  -19170   86063  -19076   85867  -18852   85663  -18501   85466
 53746  -18032   85289  -17461   85143  -16806   85037  -16091   84980
 53748  -15341   84976  -14581   85026  -13837   85131  -13134   85287
 53750  -12491   85490  -11929   85733  -11462   86009  -11100   86308
 53752  -10850   86621  -10713   86938  -10688   87249  -10766   87545
 53754  -10939   87817  -11192   88059  -11510   88264  -11874   88426
 53756  -12263   88543  -12657   88613  -13031   88634  -13364   88610
 53758  -13632   88542  -13814   88437  -13890   88301  -13842   88144
 53760  -13657   87978  -13327   87814  -12849   87668  -12230   87554
 53762  -11485   87487  -10638   87481   -9724   87547   -8785   87691
 53764   -7870   87917   -7029   88218   -6311   88586   -5757   89002
 53766   -5395   89444   -5238   89888   -5282   90308   -5504   90680
 53768   -5870   90988   -6335   91218   -6849   91364   -7362   91428
 53770   -7831   91417   -8219   91342   -8498   91218   -8653   91062
 53772   -8675   90889   -8566   90717   -8334   90560   -7996   90430
 53774   -7570   90337   -7079   90289   -6547   90291   -5999   90346
 53776   -5459   90454   -4952   90612   -4497   90817   -4114   91064
 53778   -3820   91345   -3625   91652   -3538   91976   -3564   92307
 53780   -3702   92636   -3949   92953   -4295   93249   -4731   93517
 53782   -5240   93748   -5805   93938   -6406   94082   -7022   94177
 53784   -7632   94223   -8211   94221   -8739   94174   -9193   94086
 53786   -9556   93965   -9810   93817   -9943   93653   -9943   93484
 53788   -9809   93322   -9540   93180   -9146   93072   -8641   93009
 53790   -8050   93004   -7401   93065   -6734   93198   -6089   93405
 53792   -5513   93683   -5049   94021   -4736   94405   -4604   94814
 53794   -4667   95225   -4926   95611   -5362   95950   -5942   96220
 53796   -6619   96407   -7342   96504   -8057   96512   -8713   96437
 53798   -9272   96294   -9704   96101   -9992   95875  -10133   95636
 53800  -10132   95403  -10005   95191   -9771   95014   -9455   94879
 53802   -9085   94795   -8688   94764   -8289   94788   -7915   94863
 53804   -7586   94988   -7323   95156   -7141   95360   -7054   95593
 53806   -7070   95846   -7195   96109   -7430   96374   -7773   96631
 53808   -8218   96870   -8756   97083   -9372   97263  -10051   97403
 53810  -10774   97497  -11520   97543  -12267   97538  -12992   97483
 53812  -13673   97380  -14287   97233  -14815   97048  -15239   96832
 53814  -15546   96597  -15726   96351  -15775   96107  -15693   95876
 53816  -15487   95672  -15169   95506  -14758   95387  -14279   95326
 53818  -13762   95329  -13242   95398  -12755   95534  -12340   95732
 53820  -12034   95982  -11868   96269  -11866   96577  -12040   96883
 53822  -12390   97165  -12900   97401  -13540   97570  -14268   97660
 53824  -15035   97660  -15788   97570  -16475   97397  -17055   97153
 53826  -17494   96856  -17776   96526  -17894   96184  -17857   95850
 53828  -17681   95542  -17392   95273  -17019   95054  -16594   94891
 53830  -16148   94785  -15711   94738  -15308   94745  -14962   94801
 53832  -14693   94899  -14514   95031  -14436   95188  -14465   95361
 53834  -14605   95540  -14852   95716  -15204   95879  -15650   96021
 53836  -16181   96134  -16780   96210  -17430   96244  -18112   96231
 53838  -18805   96169  -19485   96056  -20128   95893  -20713   95683
 53840  -21216   95432  -21620   95147  -21907   94837  -22066   94511
 53842  -22091   94183  -21980   93864  -21740   93567  -21381   93305
 53844  -20922   93088  -20387   92925  -19804   92822  -19205   92785
 53846  -18625   92812  -18100   92901  -17661   93044  -17340   93229
 53848  -17160   93442  -17135   93666  -17271   93882  -17563   94069
 53850  -17991   94209  -18527   94286  -19132   94287  -19760   94205
 53852  -20365   94041  -20898   93798  -21319   93490  -21598   93131
 53854  -21714   92742  -21662   92343  -21447   91954  -21087   91593
 53856  -20608   91275  -20041   91010  -19421   90805  -18782   90663
 53858  -18155   90583  -17571   90559  -17053   90587  -16620   90657
 53860  -16286   90761  -16060   90888  -15947   91029  -15948   91172
 53862  -16057   91309  -16268   91431  -16570   91529  -16950   91595
 53864  -17391   91624  -17875   91609  -18381   91548  -18888   91438
 53866  -19371   91279  -19809   91072  -20177   90821  -20455   90532
 53868  -20623   90212  -20665   89872  -20571   89523  -20337   89177
 53870  -19963   88848  -19458   88549  -18840   88293  -18130   88090
 53872  -17358   87949  -16557   87874  -15764   87867  -15015   87925
 53874  -14346   88042  -13787   88207  -13362   88406  -13089   88622
 53876  -12974   88839  -13014   89037  -13195   89198  -13492   89307
 53878  -13875   89352  -14303   89324  -14735   89220  -15127   89042
 53880  -15439   88795  -15637   88493  -15693   88149  -15592   87782
 53882  -15329   87411  -14911   87054  -14353   86727  -13680   86446
 53884  -12923   86219  -12117   86055  -11294   85954  -10490   85917
 53886   -9733   85938   -9048   86011   -8455   86126   -7969   86274
 53888   -7598   86444   -7346   86625   -7211   86808   -7187   86980
 53890   -7265   87135   -7433   87263   -7674   87358   -7973   87414
 53892   -8308   87427   -8660   87393   -9005   87312   -9322   87183
 53894   -9586   87010   -9777   86796   -9872   86546   -9855   86271
 53896   -9708   85979   -9424   85681   -8996   85392   -8428   85125
 53898   -7730   84894   -6921   84711   -6026   84588   -5079   84532
 53900   -4118   84547   -3183   84635   -2314   84789   -1549   85000
 53902    -919   85255    -445   85537    -139   85826       0   86104
 53904     -17   86352    -166   86552    -418   86693    -734   86764
 53906   -1074   86762   -1396   86687   -1661   86544   -1833   86343
 53908   -1885   86097   -1798   85822   -1561   85533   -1176   85249
 53910    -650   84986      -1   84758     747   84577    1564   84452
 53912    2419   84387    3279   84386    4113   84446    4892   84562
 53914    5593   84727    6196   84933    6688   85169    7059   85424
 53916    7309   85686    7439   85947    7456   86194    7371   86420
 53918    7198   86617    6954   86778    6658   86898    6330   86974
 53920    5991   87003    5663   86985    5369   86922    5130   86817
 53922    4967   86674    4900   86499    4944   86301    5115   86090
 53924    5422   85878    5867   85676    6448   85498    7156   85358
 53926    7972   85269    8868   85242    9813   85284   10764   85400
 53928   11680   85591   12517   85849   13233   86163   13798   86519
 53930   14189   86896   14396   87273   14424   87629   14292   87942
 53932   14029   88197   13675   88381   13273   88489   12867   88519
 53934   12502   88476   12213   88370   12033   88212   11981   88019
 53936   12070   87807   12302   87593   12671   87393   13163   87221
 53938   13757   87090   14429   87009   15149   86984   15888   87019
 53940   16615   87114   17304   87265   17928   87468   18465   87715
 53942   18900   87997   19220   88304   19419   88625   19496   88949
 53944   19453   89265   19300   89564   19049   89838   18714   90078
 53946   18313   90279   17866   90436   17394   90548   16918   90612
 53948   16460   90629   16042   90603   15684   90535   15405   90433
 53950   15221   90303   15148   90153   15197   89994   15374   89835
 53952   15683   89689   16119   89569   16672   89487   17325   89454
 53954   18054   89482   18826   89577   19604   89745   20344   89984
 53956   21004   90290   21543   90652   21925   91053   22127   91473
 53958   22137   91889   21962   92276   21622   92614   21152   92883
 53960   20596   93072   20004   93175   19427   93194   18910   93137
 53962   18491   93015   18199   92847   18049   92649   18048   92441
 53964   18190   92240   18462   92063   18843   91922   19309   91828
 53966   19831   91787   20380   91804   20927   91880   21445   92012
 53968   21907   92196   22293   92425   22585   92692   22769   92986
 53970   22837   93299   22785   93619   22613   93935   22328   94239
 53972   21938   94520   21457   94770   20901   94983   20289   95154
 53974   19641   95278   18978   95354   18323   95382   17695   95363
 53976   17117   95301   16607   95201   16182   95068   15856   94911
 53978   15642   94739   15546   94561   15574   94388   15724   94231
 53980   15990   94101   16361   94010   16819   93967   17343   93981
 53982   17901   94058   18460   94203   18982   94414   19428   94687
 53984   19759   95011   19943   95372   19955   95750   19783   96122
 53986   19430   96464   18915   96754   18272   96972   17548   97104
 53988   16794   97145   16068   97094   15418   96962   14886   96762
 53990   14500   96516   14276   96242   14214   95964   14305   95701
 53992   14527   95469   14853   95281   15253   95147   15695   95071
 53994   16146   95056   16577   95100   16960   95198   17274   95345
 53996   17498   95531   17620   95749   17629   95988   17522   96238
 53998   17296   96489   16957   96730   16511   96952   15971   97147
 54000   15351   97307   14667   97426   13940   97500   13190   97526
 54002   12439   97503   11709   97431   11021   97314   10394   97154
 54004    9847   96960    9395   96736    9050   96493    8820   96240
 54006    8711   95987    8721   95744    8848   95523    9080   95332
 54008    9403   95183    9799   95083   10244   95039   10710   95055
 54010   11165   95133   11577   95270   11911   95461   12137   95696
 54012   12226   95961   12159   96239   11925   96510   11528   96752
 54014   10984   96942   10324   97064    9590   97101    8835   97047
 54016    8112   96901    7474   96672    6966   96373    6619   96024
 54018    6450   95649    6461   95271    6638   94911    6957   94589
 54020    7386   94318    7887   94107    8424   93961    8959   93880
 54022    9460   93861    9900   93898   10256   93982   10510   94103
 54024   10653   94251   10678   94415   10583   94585   10372   94750
 54026   10051   94900    9632   95027    9128   95122    8555   95181
 54028    7932   95196    7278   95165    6615   95086    5965   94958
 54030    5349   94783    4788   94565    4302   94308    3908   94019
 54032    3619   93707    3447   93380    3396   93050    3469   92726
 54034    3662   92420    3965   92142    4366   91902    4846   91709
 54036    5382   91569    5948   91486    6515   91463    7054   91497
 54038    7534   91586    7926   91720    8205   91891    8351   92083
 54040    8352   92280    8203   92465    7911   92618    7494   92722
 54042    6982   92760    6412   92720    5833   92596    5292   92387
 54044    4840   92100    4519   91747    4362   91346    4389   90919
 54046    4602   90491    4992   90082    5533   89712    6192   89398
 54048    6929   89149    7702   88971    8471   88863    9198   88821
 54050    9855   88838   10416   88903   10864   89005   11191   89133
 54052   11391   89275   11466   89418   11423   89553   11272   89670
 54054   11026   89760   10701   89816   10315   89833    9888   89807
 54056    9440   89735    8994   89615    8572   89449    8193   89239
 54058    7880   88989    7650   88704    7519   88392    7502   88061
 54060    7607   87722    7838   87385    8196   87062    8673   86764
 54062    9257   86501    9932   86284   10674   86121   11457   86016
 54064   12250   85972   13023   85989   13744   86063   14384   86188
 54066   14916   86353   15322   86544   15587   86748   15707   86948
 54068   15686   87126   15537   87266   15283   87354   14956   87377
 54070   14592   87327   14236   87201   13930   87000   13717   86732
 54072   13633   86407   13707   86044   13956   85661   14383   85280
 54074   14979   84921   15723   84602   16583   84340   17521   84143
 54076   18495   84019   19465   83967   20391   83983   21240   84060
 54078   21988   84187   22614   84352   23110   84542   23470   84745
 54080   23699   84947   23803   85137   23796   85307   23694   85447
 54082   23514   85551   23277   85614   23004   85633   22716   85606
 54084   22435   85533   22183   85416   21980   85257   21846   85062
 54086   21799   84835   21853   84586   22022   84323   22312   84056
 54088   22729   83795   23270   83553   23929   83341   24691   83170
 54090   25538   83049   26443   82987   27377   82988   28306   83054
 54092   29196   83184   30012   83371   30724   83607   31307   83877
 54094   31742   84167   32022   84460   32149   84737   32133   84982
 54096   31997   85179   31771   85316   31490   85384   31195   85380
 54098   30927   85303   30725   85160   30625   84960   30656   84717
 54100   30838   84446   31180   84167   31683   83896   32335   83654
 54102   33115   83454   33994   83310   34936   83230   35905   83220
 54104   36861   83279   37770   83404   38598   83587   39321   83818
 54106   39919   84085   40382   84376   40707   84675   40895   84972
 54108   40955   85254   40902   85512   40752   85737   40525   85923
 54110   40242   86066   39926   86162   39599   86211   39283   86214
 54112   39000   86174   38768   86094   38607   85979   38531   85837
 54114   38556   85674   38692   85501   38945   85326   39319   85161
 54116   39811   85015   40415   84902   41116   84830   41897   84810
 54118   42731   84849   43588   84952   44433   85122   45231   85355
 54120   45943   85647   46537   85985   46987   86356   47273   86740
 54122   47389   87119   47340   87473   47145   87783   46831   88034
 54124   46436   88214   46002   88317   45574   88342   45195   88295
 54126   44903   88185   44728   88025   44692   87832   44807   87623
 54128   45074   87415   45486   87228   46024   87075   46665   86969
 54130   47379   86921   48134   86935   48894   87015   49626   87158
 54132   50298   87361   50884   87614   51362   87909   51715   88234
 54134   51934   88576   52016   88922   51966   89262   51792   89582
 54136   51507   89874   51130   90129   50681   90342   50181   90508
 54138   49655   90626   49123   90694   48609   90716   48134   90694
 54140   47715   90633   47370   90539   47113   90420   46956   90282
 54142   46907   90137   46971   89992   47148   89858   47436   89745
 54144   47827   89664   48308   89623   48860   89632   49461   89697
 54146   50081   89824   50690   90014   51251   90265   51728   90572
 54148   52089   90923   52305   91305   52355   91699   52232   92084
 54150   51940   92438   51497   92742   50937   92977   50301   93132
 54152   49637   93200   48997   93183   48427   93089   47968   92930
 54154   47647   92724   47484   92491   47481   92251   47632   92023
 54156   47921   91824   48323   91669   48807   91568   49341   91528
 54158   49891   91551   50423   91636   50907   91780   51317   91976
 54160   51629   92216   51828   92488   51903   92782   51847   93085
 54162   51661   93386   51352   93674   50928   93937   50405   94169
 54164   49802   94360   49137   94506   48434   94603   47715   94650
 54166   47002   94648   46317   94599   45681   94506   45111   94376
 54168   44622   94215   44228   94031   43936   93833   43754   93630
 54170   43683   93431   43721   93246   43863   93084   44098   92955
 54172   44413   92867   44790   92827   45207   92840   45637   92911
 54174   46051   93039   46419   93224   46709   93458   46891   93733
 54176   46938   94036   46832   94349   46563   94652   46133   94925
 54178   45560   95146   44874   95297   44116   95365   43339   95341
 54180   42595   95227   41937   95030   41409   94765   41043   94452
 54182   40855   94113   40847   93772   41005   93451   41307   93169
 54184   41719   92939   42203   92772   42721   92671   43236   92638
 54186   43713   92668   44121   92754   44439   92888   44646   93060
 54188   44732   93257   44690   93468   44521   93681   44227   93886
 54190   43819   94070   43308   94226   42713   94347   42051   94424
 54192   41343   94456   40611   94438   39877   94371   39164   94256
 54194   38491   94096   37880   93895   37345   93659   36901   93397
 54196   36559   93117   36327   92827   36206   92537   36196   92257
 54198   36293   91996   36488   91763   36767   91566   37115   91413
 54200   37513   91309   37936   91258   38361   91261   38760   91317
 54202   39107   91424   39373   91575   39535   91761   39571   91968
 54204   39468   92181   39218   92383   38825   92554   38304   92676
 54206   37684   92732   37003   92708   36309   92597   35654   92396
 54208   35091   92113   34667   91761   34416   91359   34358   90932
 54210   34497   90504   34819   90100   35295   89741   35888   89441
 54212   36555   89212   37249   89057   37928   88974   38554   88959
 54214   39095   89003   39528   89093   39836   89217   40012   89363
