Nutation ephemeris from nutIAU200 for Oct 2008 - Mar 2010 IAU2000               
(1x,i5,8i8,8x,i2)                  2454752 2455311  4 -1          1.E-04
 54752  109582   70935  108916   70946  108208   70893  107494   70771
 54754  106811   70578  106199   70317  105697   69994  105340   69624
 54756  105153   69223  105150   68810  105331   68407  105684   68035
 54758  106183   67713  106790   67453  107464   67266  108157   67155
 54760  108822   67118  109418   67149  109909   67235  110268   67364
 54762  110478   67520  110531   67684  110428   67843  110180   67980
 54764  109804   68083  109323   68141  108764   68148  108156   68098
 54766  107530   67990  106914   67826  106335   67610  105818   67349
 54768  105382   67050  105042   66724  104808   66380  104684   66029
 54770  104670   65683  104761   65350  104948   65039  105218   64758
 54772  105557   64513  105946   64308  106369   64147  106805   64030
 54774  107235   63958  107641   63929  108005   63938  108311   63982
 54776  108543   64053  108691   64146  108744   64250  108696   64356
 54778  108546   64455  108296   64534  107953   64583  107533   64590
 54780  107054   64546  106543   64442  106032   64272  105559   64034
 54782  105162   63731  104882   63368  104753   62959  104803   62520
 54784  105050   62071  105494   61636  106123   61237  106907   60894
 54786  107804   60622  108763   60432  109729   60326  110650   60301
 54788  111478   60346  112176   60447  112718   60587  113091   60747
 54790  113295   60908  113338   61054  113238   61170  113018   61245
 54792  112706   61272  112333   61244  111929   61160  111524   61022
 54794  111145   60832  110815   60597  110557   60324  110385   60021
 54796  110312   59698  110345   59365  110486   59033  110733   58710
 54798  111079   58406  111514   58130  112025   57887  112596   57684
 54800  113208   57524  113843   57410  114480   57342  115100   57318
 54802  115685   57336  116216   57393  116680   57480  117063   57593
 54804  117354   57723  117548   57860  117642   57996  117637   58121
 54806  117537   58224  117355   58295  117104   58326  116804   58308
 54808  116483   58234  116168   58100  115894   57904  115696   57650
 54810  115611   57342  115672   56992  115906   56616  116331   56231
 54812  116952   55859  117761   55523  118730   55243  119820   55037
 54814  120979   54917  122147   54886  123267   54940  124283   55071
 54816  125154   55261  125849   55490  126355   55736  126673   55979
 54818  126817   56201  126809   56385  126681   56521  126465   56602
 54820  126196   56624  125907   56589  125629   56499  125388   56361
 54822  125208   56182  125105   55970  125094   55736  125181   55489
 54824  125371   55239  125663   54996  126053   54769  126533   54566
 54826  127090   54395  127711   54261  128378   54169  129074   54122
 54828  129780   54122  130474   54167  131139   54257  131754   54387
 54830  132303   54552  132772   54746  133149   54961  133427   55188
 54832  133600   55417  133668   55639  133636   55844  133514   56022
 54834  133313   56165  133053   56265  132754   56315  132443   56311
 54836  132148   56251  131900   56135  131730   55968  131668   55755
 54838  131744   55507  131979   55239  132388   54966  132976   54708
 54840  133736   54484  134646   54314  135671   54212  136766   54191
 54842  137877   54257  138945   54408  139916   54635  140743   54923
 54844  141391   55252  141842   55600  142093   55943  142158   56260
 54846  142061   56536  141836   56756  141520   56914  141153   57008
 54848  140772   57039  140409   57012  140094   56936  139847   56819
 54850  139685   56673  139619   56507  139653   56334  139789   56162
 54852  140022   56002  140345   55863  140748   55752  141217   55675
 54854  141738   55637  142292   55642  142862   55693  143429   55788
 54856  143972   55928  144474   56110  144915   56330  145280   56580
 54858  145556   56855  145731   57146  145798   57442  145757   57735
 54860  145607   58014  145357   58269  145018   58490  144608   58670
 54862  144146   58801  143658   58879  143171   58901  142713   58867
 54864  142315   58781  142003   58648  141805   58476  141742   58279
 54866  141829   58068  142076   57860  142480   57672  143032   57520
 54868  143710   57420  144483   57384  145311   57421  146146   57537
 54870  146939   57730  147642   57991  148211   58309  148614   58664
 54872  148829   59036  148851   59403  148690   59744  148367   60041
 54874  147915   60280  147372   60453  146779   60557  146175   60592
 54876  145597   60566  145073   60486  144628   60364  144276   60212
 54878  144029   60041  143888   59864  143851   59692  143912   59535
 54880  144061   59402  144285   59299  144568   59232  144893   59205
 54882  145244   59222  145600   59283  145944   59388  146256   59534
 54884  146519   59720  146716   59938  146832   60184  146854   60450
 54886  146774   60726  146585   61004  146286   61272  145881   61520
 54888  145380   61738  144795   61915  144147   62045  143459   62121
 54890  142758   62139  142075   62097  141439   61999  140881   61849
 54892  140426   61656  140099   61430  139914   61185  139882   60937
 54894  140002   60700  140266   60492  140658   60325  141150   60213
 54896  141710   60165  142299   60186  142875   60278  143396   60437
 54898  143821   60653  144117   60915  144257   61206  144226   61508
 54900  144020   61800  143650   62064  143134   62284  142503   62446
 54902  141791   62543  141037   62571  140280   62530  139556   62427
 54904  138895   62268  138320   62067  137849   61834  137490   61584
 54906  137246   61328  137112   61080  137081   60848  137140   60642
 54908  137273   60470  137463   60336  137692   60243  137940   60195
 54910  138188   60190  138418   60228  138611   60306  138751   60421
 54912  138822   60565  138811   60734  138708   60918  138504   61109
 54914  138195   61298  137782   61474  137270   61627  136667   61746
 54916  135990   61822  135260   61846  134501   61813  133743   61719
 54918  133018   61564  132359   61351  131797   61086  131359   60780
 54920  131065   60447  130929   60102  130955   59762  131137   59444
 54922  131458   59164  131892   58935  132406   58768  132963   58668
 54924  133521   58638  134039   58675  134478   58772  134806   58917
 54926  134997   59096  135035   59293  134912   59491  134631   59672
 54928  134207   59821  133661   59923  133021   59970  132321   59953
 54930  131597   59871  130882   59726  130211   59521  129610   59266
 54932  129103   58972  128705   58649  128425   58312  128263   57972
 54934  128216   57641  128274   57331  128424   57049  128647   56803
 54936  128926   56598  129241   56436  129570   56320  129895   56249
 54938  130195   56220  130454   56231  130656   56276  130786   56349
 54940  130834   56443  130790   56551  130648   56663  130407   56770
 54942  130069   56863  129638   56930  129126   56964  128550   56954
 54944  127929   56892  127290   56774  126662   56595  126078   56356
 54946  125572   56059  125176   55712  124918   55326  124821   54917
 54948  124896   54500  125145   54096  125558   53722  126111   53395
 54950  126773   53130  127501   52935  128251   52815  128977   52768
 54952  129635   52788  130189   52864  130608   52982  130874   53125
 54954  130979   53276  130925   53417  130722   53532  130392   53609
 54956  129959   53636  129455   53607  128913   53517  128365   53366
 54958  127844   53158  127378   52899  126991   52597  126702   52263
 54960  126523   51907  126462   51543  126517   51181  126685   50834
 54962  126954   50510  127309   50219  127735   49966  128210   49756
 54964  128714   49592  129226   49474  129726   49402  130195   49373
 54966  130615   49382  130972   49424  131252   49492  131445   49579
 54968  131546   49677  131550   49777  131457   49869  131271   49944
 54970  131001   49994  130657   50010  130257   49983  129821   49907
 54972  129375   49776  128946   49589  128567   49344  128270   49045
 54974  128088   48699  128048   48317  128174   47914  128479   47507
 54976  128965   47115  129621   46759  130423   46456  131334   46221
 54978  132307   46064  133291   45988  134233   45991  135086   46064
 54980  135809   46192  136375   46358  136767   46543  136983   46727
 54982  137033   46893  136935   47023  136717   47108  136411   47137
 54984  136050   47108  135668   47018  135299   46871  134971   46673
 54986  134710   46430  134535   46153  134461   45852  134497   45538
 54988  134645   45223  134904   44917  135265   44631  135718   44373
 54990  136248   44151  136836   43969  137464   43833  138110   43744
 54992  138753   43701  139374   43704  139954   43748  140476   43828
 54994  140925   43940  141290   44075  141563   44225  141739   44382
 54996  141816   44538  141797   44683  141688   44808  141499   44905
 54998  141243   44966  140939   44985  140607   44957  140271   44876
 55000  139960   44743  139701   44557  139525   44322  139462   44045
 55002  139538   43737  139774   43411  140183   43083  140770   42772
 55004  141524   42497  142424   42276  143434   42125  144507   42053
 55006  145590   42066  146626   42161  147564   42328  148357   42552
 55008  148976   42813  149405   43089  149641   43359  149700   43603
 55010  149606   43803  149392   43949  149095   44034  148755   44054
 55012  148408   44013  148088   43915  147822   43768  147634   43582
 55014  147538   43367  147547   43137  147664   42901  147888   42670
 55016  148214   42456  148633   42266  149130   42109  149690   41990
 55018  150294   41914  150924   41884  151559   41901  152179   41963
 55020  152765   42068  153298   42213  153762   42391  154146   42596
 55022  154438   42820  154631   43056  154722   43293  154712   43524
 55024  154606   43738  154413   43929  154143   44087  153814   44207
 55026  153444   44282  153055   44310  152672   44287  152321   44214
 55028  152028   44092  151821   43927  151724   43727  151761   43500
 55030  151947   43261  152295   43025  152806   42806  153471   42624
 55032  154270   42494  155171   42429  156133   42442  157104   42535
 55034  158032   42708  158863   42953  159550   43254  160061   43592
 55036  160376   43944  160491   44286  160421   44598  160191   44861
 55038  159840   45063  159408   45197  158938   45261  158471   45258
 55040  158041   45196  157679   45084  157405   44936  157232   44763
 55042  157168   44578  157214   44394  157364   44220  157610   44068
 55044  157938   43945  158334   43858  158780   43812  159257   43810
 55046  159746   43853  160227   43941  160680   44073  161088   44245
 55048  161434   44453  161703   44690  161884   44949  161967   45222
 55050  161948   45501  161825   45777  161600   46039  161281   46281
 55052  160877   46492  160404   46666  159879   46797  159324   46880
 55054  158762   46914  158218   46896  157717   46830  157285   46718
 55056  156945   46569  156720   46389  156626   46191  156675   45986
 55058  156872   45789  157216   45615  157693   45479  158285   45393
 55060  158961   45370  159683   45418  160407   45540  161086   45734
 55062  161671   45992  162123   46302  162407   46645  162504   47000
 55064  162409   47344  162133   47656  161701   47917  161149   48114
 55066  160519   48238  159855   48288  159201   48267  158595   48184
 55068  158066   48049  157636   47877  157318   47680  157117   47475
 55070  157031   47272  157051   47085  157166   46923  157358   46794
 55072  157611   46703  157905   46656  158219   46652  158534   46694
 55074  158831   46780  159091   46907  159297   47070  159434   47265
 55076  159489   47486  159453   47723  159317   47970  159079   48217
 55078  158738   48456  158299   48676  157770   48870  157163   49028
 55080  156495   49144  155786   49213  155060   49231  154340   49196
 55082  153654   49109  153027   48974  152485   48796  152047   48584
 55084  151734   48348  151556   48101  151521   47855  151626   47624
 55086  151864   47423  152217   47264  152661   47158  153165   47113
 55088  153694   47135  154206   47223  154661   47375  155019   47581
 55090  155248   47828  155321   48101  155223   48380  154952   48644
 55092  154517   48875  153942   49055  153260   49172  152510   49217
 55094  151735   49188  150978   49088  150276   48924  149660   48708
 55096  149152   48454  148767   48176  148507   47890  148369   47609
 55098  148344   47346  148415   47111  148565   46912  148772   46754
 55100  149016   46641  149274   46574  149527   46552  149753   46574
 55102  149936   46634  150060   46730  150111   46853  150078   46998
 55104  149952   47156  149729   47320  149407   47480  148987   47628
 55106  148475   47753  147880   47849  147217   47906  146504   47919
 55108  145760   47882  145012   47791  144286   47646  143608   47448
 55110  143007   47203  142507   46917  142128   46601  141888   46267
 55112  141794   45928  141848   45599  142041   45294  142359   45028
 55114  142778   44811  143268   44653  143793   44559  144316   44529
 55116  144799   44562  145204   44651  145500   44784  145661   44948
 55118  145670   45127  145522   45302  145219   45457  144775   45575
 55120  144215   45642  143570   45648  142876   45586  142173   45455
 55122  141499   45257  140888   45001  140371   44696  139967   44355
 55124  139689   43994  139543   43627  139523   43268  139619   42928
 55126  139815   42620  140091   42350  140424   42124  140791   41945
 55128  141169   41814  141536   41730  141872   41689  142159   41686
 55130  142382   41717  142529   41775  142590   41851  142558   41939
 55132  142432   42029  142210   42113  141896   42182  141497   42228
 55134  141024   42243  140492   42219  139919   42151  139326   42033
 55136  138738   41862  138183   41638  137688   41362  137281   41041
 55138  136988   40681  136831   40294  136825   39893  136977   39493
 55140  137286   39111  137740   38762  138317   38460  138987   38217
 55142  139713   38040  140453   37933  141166   37893  141811   37915
 55144  142354   37988  142766   38099  143030   38231  143137   38367
 55146  143089   38490  142898   38585  142585   38636  142179   38635
 55148  141710   38573  141215   38448  140730   38260  140287   38014
 55150  139918   37718  139647   37381  139491   37017  139460   36639
 55152  139557   36259  139777   35892  140110   35549  140538   35239
 55154  141043   34971  141601   34748  142188   34575  142781   34451
 55156  143358   34374  143897   34342  144381   34348  144794   34386
 55158  145127   34450  145369   34532  145518   34622  145570   34713
 55160  145528   34796  145399   34863  145189   34906  144912   34918
 55162  144583   34892  144219   34822  143842   34706  143477   34540
 55164  143148   34325  142884   34061  142712   33755  142656   33414
 55166  142739   33048  142978   32671  143381   32298  143946   31946
 55168  144662   31632  145504   31372  146440   31176  147426   31055
 55170  148414   31009  149358   31036  150211   31128  150936   31270
 55172  151507   31446  151908   31636  152136   31822  152204   31985
 55174  152130   32110  151942   32185  151676   32202  151366   32157
 55176  151048   32051  150758   31887  150525   31672  150375   31415
 55178  150325   31128  150390   30823  150574   30513  150877   30209
 55180  151292   29923  151807   29666  152406   29445  153069   29268
 55182  153773   29138  154496   29057  155215   29025  155908   29041
 55184  156555   29099  157139   29195  157644   29322  158061   29471
 55186  158383   29636  158605   29806  158728   29975  158757   30132
 55188  158698   30271  158561   30384  158361   30465  158113   30508
 55190  157836   30509  157551   30465  157280   30375  157049   30239
 55192  156881   30060  156801   29842  156834   29593  156998   29324
 55194  157310   29045  157779   28771  158406   28519  159181   28304
 55196  160082   28142  161079   28045  162128   28024  163182   28081
 55198  164187   28215  165094   28416  165860   28670  166454   28958
 55200  166859   29257  167074   29546  167113   29804  167003   30015
 55202  166779   30168  166481   30254  166150   30273  165827   30228
 55204  165546   30126  165335   29977  165216   29792  165204   29584
 55206  165305   29366  165520   29151  165845   28950  166268   28773
 55208  166775   28629  167349   28525  167969   28465  168615   28452
 55210  169264   28487  169896   28569  170489   28695  171026   28861
 55212  171491   29060  171870   29286  172154   29531  172338   29786
 55214  172418   30042  172398   30292  172282   30526  172079   30738
 55216  171802   30920  171465   31066  171086   31172  170684   31236
 55218  170281   31254  169898   31228  169559   31158  169285   31049
 55220  169098   30906  169018   30737  169061   30551  169239   30359
 55222  169560   30174  170024   30011  170621   29882  171335   29803
 55224  172137   29784  172991   29835  173852   29960  174672   30159
 55226  175402   30423  175996   30741  176420   31092  176652   31456
 55228  176687   31808  176537   32126  176230   32392  175803   32590
 55230  175301   32715  174772   32765  174260   32745  173803   32664
 55232  173430   32534  173163   32369  173011   32186  172979   31997
 55234  173061   31817  173249   31656  173526   31525  173875   31432
 55236  174277   31380  174709   31374  175151   31414  175581   31501
 55238  175980   31631  176329   31801  176612   32006  176815   32239
 55240  176929   32493  176944   32760  176857   33032  176668   33299
 55242  176380   33554  175999   33789  175537   33995  175007   34167
 55244  174425   34300  173810   34389  173183   34432  172566   34430
 55246  171980   34382  171448   34293  170990   34168  170624   34012
 55248  170367   33835  170230   33646  170222   33457  170345   33279
 55250  170594   33125  170959   33006  171421   32934  171954   32919
 55252  172528   32967  173102   33080  173635   33259  174085   33496
 55254  174413   33780  174585   34095  174581   34420  174393   34734
 55256  174028   35015  173510   35242  172874   35402  172166   35485
 55258  171433   35488  170723   35415  170077   35277  169529   35086
 55260  169099   34859  168800   34613  168632   34363  168587   34126
 55262  168651   33913  168805   33734  169027   33596  169293   33503
 55264  169580   33458  169865   33460  170127   33508  170348   33597
 55266  170509   33722  170597   33878  170601   34058  170511   34253
 55268  170324   34456  170037   34658  169652   34851  169174   35027
 55270  168611   35178  167975   35297  167281   35378  166547   35416
 55272  165793   35408  165040   35353  164311   35251  163629   35105
 55274  163014   34918  162488   34697  162065   34451  161760   34189
 55276  161581   33921  161529   33660  161603   33417  161792   33204
 55278  162081   33030  162448   32906  162866   32837  163302   32828
 55280  163722   32878  164090   32986  164371   33142  164533   33335
 55282  164552   33551  164411   33772  164108   33978  163650   34151
 55284  163058   34272  162365   34329  161610   34312  160839   34217
 55286  160098   34049  159428   33814  158862   33527  158425   33202
 55288  158128   32858  157972   32512  157951   32180  158046   31875
 55290  158237   31607  158497   31384  158801   31211  159121   31088
 55292  159433   31015  159715   30987  159947   31002  160112   31051
 55294  160199   31129  160196   31227  160099   31338  159904   31452
 55296  159611   31563  159226   31661  158753   31739  158205   31789
 55298  157593   31805  156934   31781  156246   31714  155550   31601
 55300  154868   31440  154224   31233  153640   30982  153138   30694
 55302  152738   30376  152455   30036  152300   29687  152279   29339
 55304  152390   29005  152625   28697  152969   28427  153400   28204
 55306  153893   28036  154415   27926  154931   27876  155409   27883
 55308  155814   27941  156116   28040  156293   28167  156327   28306
 55310  156211   28442  155949   28556  155554   28633  155048   28659
