Nutation ephemeris from nutIAU200 for Oct 1995 - Mar 1997 IAU2000               
(1x,i5,8i8,8x,i2)                  2450003 2450562  4 -1          1.E-04
 50003   68282  -78471   68209  -78678   68192  -78862   68218  -79019
 50005   68275  -79145   68346  -79241   68418  -79306   68477  -79341
 50007   68509  -79347   68501  -79328   68443  -79288   68325  -79231
 50009   68139  -79163   67879  -79090   67542  -79020   67130  -78960
 50011   66645  -78918   66097  -78902   65497  -78919   64864  -78975
 50013   64218  -79075   63584  -79223   62989  -79417   62461  -79655
 50015   62025  -79932   61704  -80237   61514  -80558   61461  -80883
 50017   61544  -81196   61750  -81483   62057  -81733   62439  -81936
 50019   62860  -82087   63286  -82183   63681  -82227   64016  -82225
 50021   64263  -82185   64405  -82118   64430  -82037   64335  -81953
 50023   64124  -81879   63807  -81824   63401  -81798   62926  -81808
 50025   62404  -81859   61859  -81951   61314  -82086   60793  -82262
 50027   60315  -82472   59898  -82713   59554  -82977   59293  -83256
 50029   59118  -83542   59031  -83828   59027  -84104   59100  -84366
 50031   59240  -84606   59434  -84820   59669  -85005   59930  -85157
 50033   60202  -85278   60471  -85365   60721  -85422   60940  -85450
 50035   61116  -85454   61238  -85436   61298  -85404   61290  -85361
 50037   61211  -85315   61058  -85272   60834  -85240   60545  -85225
 50039   60198  -85235   59806  -85276   59387  -85354   58960  -85473
 50041   58548  -85637   58179  -85844   57879  -86094   57675  -86380
 50043   57589  -86694   57640  -87023   57836  -87353   58176  -87670
 50045   58649  -87957   59232  -88202   59891  -88394   60588  -88526
 50047   61283  -88597   61933  -88611   62506  -88575   62972  -88501
 50049   63315  -88402   63525  -88292   63606  -88184   63565  -88091
 50051   63419  -88023   63189  -87988   62899  -87992   62573  -88036
 50053   62236  -88122   61910  -88247   61618  -88408   61375  -88600
 50055   61197  -88816   61094  -89049   61073  -89291   61135  -89536
 50057   61280  -89775   61504  -90001   61798  -90208   62153  -90391
 50059   62555  -90546   62991  -90668   63446  -90757   63904  -90812
 50061   64350  -90833   64771  -90823   65152  -90785   65482  -90722
 50063   65753  -90639   65955  -90542   66086  -90437   66142  -90330
 50065   66124  -90228   66036  -90138   65885  -90066   65680  -90018
 50067   65435  -90000   65167  -90017   64894  -90073   64638  -90168
 50069   64423  -90303   64274  -90476   64214  -90681   64267  -90912
 50071   64449  -91156   64770  -91402   65233  -91634   65829  -91838
 50073   66538  -92000   67330  -92108   68165  -92154   69000  -92136
 50075   69790  -92056   70496  -91923   71084  -91748   71535  -91546
 50077   71837  -91334   71994  -91127   72018  -90939   71929  -90782
 50079   71753  -90662   71517  -90585   71250  -90553   70978  -90563
 50081   70725  -90612   70510  -90696   70351  -90807   70259  -90938
 50083   70241  -91082   70301  -91231   70441  -91377   70655  -91513
 50085   70939  -91634   71284  -91733   71679  -91806   72110  -91848
 50087   72565  -91859   73029  -91835   73485  -91778   73921  -91688
 50089   74321  -91568   74673  -91421   74965  -91251   75190  -91064
 50091   75340  -90866   75412  -90662   75404  -90461   75321  -90267
 50093   75166  -90089   74949  -89932   74681  -89802   74378  -89703
 50095   74055  -89638   73732  -89611   73430  -89622   73170  -89669
 50097   72973  -89750   72861  -89859   72852  -89988   72959  -90128
 50099   73191  -90268   73550  -90395   74030  -90496   74612  -90559
 50101   75273  -90572   75978  -90527   76687  -90422   77359  -90257
 50103   77951  -90038   78431  -89777   78772  -89488   78961  -89188
 50105   78997  -88893   78892  -88619   78665  -88379   78345  -88182
 50107   77963  -88032   77549  -87931   77133  -87878   76741  -87866
 50109   76394  -87890   76106  -87942   75890  -88013   75750  -88095
 50111   75688  -88179   75702  -88258   75786  -88325   75931  -88374
 50113   76129  -88400   76367  -88399   76632  -88368   76910  -88306
 50115   77187  -88211   77449  -88085   77681  -87928   77870  -87744
 50117   78005  -87537   78075  -87310   78073  -87070   77991  -86822
 50119   77829  -86574   77586  -86332   77266  -86104   76876  -85895
 50121   76428  -85712   75933  -85559   75410  -85442   74875  -85362
 50123   74350  -85320   73853  -85316   73407  -85347   73029  -85408
 50125   72737  -85494   72545  -85595   72463  -85703   72494  -85807
 50127   72636  -85896   72880  -85958   73210  -85984   73603  -85965
 50129   74028  -85895   74453  -85770   74840  -85594   75156  -85370
 50131   75368  -85108   75454  -84822   75398  -84525   75198  -84235
 50133   74862  -83966   74407  -83731   73860  -83540   73251  -83400
 50135   72612  -83312   71975  -83274   71367  -83283   70810  -83329
 50137   70320  -83405   69908  -83501   69579  -83608   69333  -83717
 50139   69164  -83819   69066  -83908   69028  -83977   69038  -84022
 50141   69084  -84040   69150  -84028   69224  -83985   69290  -83912
 50143   69335  -83808   69346  -83678   69311  -83523   69219  -83348
 50145   69061  -83157   68830  -82957   68521  -82753   68133  -82552
 50147   67667  -82362   67129  -82189   66527  -82040   65872  -81920
 50149   65179  -81836   64468  -81789   63756  -81783   63067  -81818
 50151   62420  -81890   61837  -81997   61335  -82132   60928  -82287
 50153   60628  -82453   60438  -82621   60357  -82778   60379  -82915
 50155   60488  -83022   60666  -83091   60888  -83115   61125  -83092
 50157   61346  -83020   61522  -82903   61623  -82747   61625  -82561
 50159   61511  -82357   61269  -82148   60899  -81948   60410  -81771
 50161   59817  -81628   59144  -81528   58419  -81477   57673  -81478
 50163   56934  -81529   56231  -81626   55586  -81761   55016  -81927
 50165   54531  -82113   54136  -82309   53831  -82507   53609  -82696
 50167   53462  -82870   53377  -83023   53342  -83150   53341  -83248
 50169   53359  -83316   53380  -83351   53391  -83357   53378  -83333
 50171   53328  -83284   53231  -83211   53076  -83121   52855  -83018
 50173   52564  -82907   52199  -82795   51759  -82689   51248  -82595
 50175   50670  -82521   50034  -82472   49355  -82454   48647  -82474
 50177   47929  -82533   47223  -82633   46552  -82775   45936  -82955
 50179   45399  -83169   44957  -83408   44625  -83665   44409  -83927
 50181   44312  -84184   44327  -84425   44442  -84638   44635  -84814
 50183   44884  -84946   45159  -85031   45430  -85067   45667  -85058
 50185   45842  -85007   45931  -84923   45916  -84817   45786  -84700
 50187   45537  -84584   45173  -84483   44706  -84407   44154  -84366
 50189   43539  -84368   42888  -84416   42228  -84511   41587  -84654
 50191   40989  -84838   40455  -85057   40000  -85304   39635  -85568
 50193   39364  -85840   39185  -86110   39094  -86371   39080  -86614
 50195   39130  -86833   39230  -87024   39364  -87184   39515  -87311
 50197   39667  -87405   39806  -87467   39917  -87500   39988  -87507
 50199   40010  -87491   39972  -87458   39868  -87413   39695  -87361
 50201   39451  -87310   39135  -87265   38752  -87234   38308  -87221
 50203   37814  -87235   37281  -87279   36726  -87360   36169  -87479
 50205   35631  -87639   35134  -87840   34702  -88077   34357  -88347
 50207   34118  -88641   33999  -88949   34007  -89259   34143  -89560
 50209   34398  -89837   34753  -90079   35186  -90277   35664  -90425
 50211   36155  -90520   36625  -90563   37040  -90557   37374  -90513
 50213   37605  -90439   37719  -90348   37712  -90252   37585  -90165
 50215   37350  -90098   37021  -90060   36621  -90059   36174  -90101
 50217   35706  -90187   35242  -90318   34808  -90489   34424  -90697
 50219   34109  -90935   33875  -91194   33731  -91465   33678  -91741
 50221   33716  -92010   33839  -92267   34035  -92503   34292  -92713
 50223   34596  -92892   34929  -93038   35275  -93149   35618  -93227
 50225   35942  -93271   36234  -93285   36480  -93273   36672  -93239
 50227   36802  -93187   36862  -93125   36852  -93057   36769  -92991
 50229   36617  -92931   36399  -92885   36124  -92859   35802  -92858
 50231   35446  -92886   35073  -92949   34700  -93049   34348  -93187
 50233   34041  -93362   33799  -93573   33647  -93814   33601  -94077
 50235   33679  -94353   33887  -94629   34228  -94892   34691  -95130
 50237   35260  -95329   35907  -95479   36598  -95573   37295  -95609
 50239   37959  -95588   38554  -95516   39048  -95404   39422  -95264
 50241   39663  -95110   39770  -94957   39750  -94818   39619  -94705
 50243   39400  -94627   39116  -94590   38796  -94597   38466  -94649
 50245   38152  -94743   37876  -94873   37658  -95036   37511  -95222
 50247   37446  -95423   37467  -95632   37574  -95839   37765  -96036
 50249   38032  -96217   38364  -96374   38748  -96503   39170  -96600
 50251   39613  -96663   40061  -96691   40499  -96685   40910  -96646
 50253   41282  -96578   41603  -96484   41863  -96370   42054  -96240
 50255   42173  -96100   42217  -95957   42187  -95818   42087  -95687
 50257   41922  -95571   41702  -95476   41437  -95406   41143  -95367
 50259   40833  -95360   40527  -95388   40244  -95452   40005  -95551
 50261   39830  -95681   39740  -95839   39752  -96017   39881  -96205
 50263   40136  -96393   40519  -96568   41022  -96718   41631  -96829
 50265   42318  -96891   43050  -96896   43790  -96841   44494  -96727
 50267   45123  -96560   45644  -96351   46032  -96113   46274  -95863
 50269   46369  -95617   46328  -95391   46170  -95196   45921  -95042
 50271   45612  -94934   45271  -94874   44930  -94860   44613  -94889
 50273   44343  -94953   44137  -95046   44005  -95159   43955  -95283
 50275   43988  -95408   44102  -95528   44291  -95635   44546  -95722
 50277   44855  -95783   45206  -95815   45582  -95815   45969  -95781
 50279   46351  -95714   46713  -95613   47041  -95482   47322  -95324
 50281   47545  -95142   47702  -94943   47785  -94732   47792  -94514
 50283   47722  -94296   47577  -94085   47361  -93886   47082  -93705
 50285   46750  -93547   46378  -93417   45980  -93317   45572  -93251
 50287   45173  -93220   44800  -93223   44473  -93258   44211  -93321
 50289   44029  -93409   43945  -93513   43968  -93625   44107  -93735
 50291   44362  -93833   44727  -93905   45187  -93941   45721  -93932
 50293   46298  -93869   46883  -93749   47435  -93572   47917  -93344
 50295   48293  -93074   48537  -92776   48633  -92466   48578  -92161
 50297   48381  -91878   48063  -91630   47651  -91428   47179  -91276
 50299   46680  -91178   46186  -91130   45724  -91126   45318  -91160
 50301   44982  -91221   44727  -91300   44556  -91388   44469  -91475
 50303   44459  -91552   44519  -91614   44638  -91653   44801  -91665
 50305   44995  -91647   45204  -91598   45414  -91516   45610  -91402
 50307   45777  -91257   45903  -91085   45976  -90889   45986  -90674
 50309   45926  -90445   45791  -90208   45578  -89969   45288  -89734
 50311   44923  -89509   44491  -89301   44000  -89115   43461  -88956
 50313   42888  -88827   42298  -88732   41706  -88671   41130  -88646
 50315   40590  -88654   40102  -88693   39682  -88758   39346  -88843
 50317   39105  -88940   38966  -89042   38933  -89139   39004  -89221
 50319   39170  -89277   39418  -89299   39725  -89278   40066  -89209
 50321   40409  -89089   40719  -88917   40963  -88700   41109  -88446
 50323   41133  -88166   41019  -87877   40762  -87593   40369  -87332
 50325   39859  -87107   39257  -86929   38597  -86805   37914  -86736
 50327   37242  -86721   36609  -86754   36040  -86826   35550  -86926
 50329   35150  -87045   34840  -87171   34619  -87294   34478  -87406
 50331   34406  -87499   34389  -87568   34412  -87608   34459  -87618
 50333   34514  -87595   34563  -87541   34590  -87456   34583  -87344
 50335   34529  -87207   34418  -87049   34243  -86876   33997  -86692
 50337   33676  -86504   33279  -86318   32808  -86141   32267  -85977
 50339   31664  -85834   31009  -85716   30314  -85629   29595  -85575
 50341   28867  -85557   28150  -85575   27462  -85629   26820  -85716
 50343   26243  -85833   25744  -85973   25336  -86129   25027  -86294
 50345   24820  -86458   24716  -86611   24706  -86745   24779  -86851
 50347   24918  -86921   25101  -86949   25302  -86932   25492  -86868
 50349   25642  -86760   25724  -86613   25712  -86437   25587  -86241
 50351   25337  -86039   24960  -85846   24463  -85677   23862  -85543
 50353   23181  -85455   22451  -85419   21705  -85439   20975  -85512
 50355   20292  -85633   19680  -85794   19155  -85985   18728  -86193
 50357   18401  -86408   18169  -86619   18024  -86817   17951  -86994
 50359   17935  -87144   17959  -87263   18005  -87350   18056  -87403
 50361   18096  -87424   18110  -87415   18085  -87379   18010  -87319
 50363   17877  -87242   17677  -87150   17408  -87052   17066  -86951
 50365   16652  -86855   16168  -86770   15620  -86701   15018  -86654
 50367   14370  -86635   13692  -86648   12999  -86696   12308  -86780
 50369   11640  -86902   11012  -87059   10444  -87249    9953  -87467
 50371    9554  -87705    9256  -87956    9067  -88210    8985  -88458
 50373    9007  -88688    9119  -88893    9306  -89064    9546  -89194
 50375    9814  -89279   10082  -89319   10322  -89315   10507  -89270
 50377   10614  -89193   10624  -89092   10524  -88979   10307  -88867
 50379    9977  -88768    9543  -88694    9022  -88656    8440  -88662
 50381    7822  -88718    7200  -88825    6603  -88981    6060  -89182
 50383    5591  -89420    5215  -89684    4940  -89965    4770  -90250
 50385    4700  -90530    4721  -90794    4818  -91034    4976  -91246
 50387    5174  -91424    5394  -91566    5618  -91674    5828  -91746
 50389    6009  -91787    6147  -91801    6232  -91791    6255  -91762
 50391    6211  -91721    6096  -91674    5910  -91625    5653  -91582
 50393    5331  -91551    4950  -91537    4518  -91545    4048  -91580
 50395    3554  -91647    3051  -91748    2558  -91885    2094  -92058
 50397    1679  -92266    1331  -92504    1070  -92769     910  -93051
 50399     862  -93343     930  -93634    1114  -93913    1406  -94168
 50401    1789  -94391    2243  -94573    2741  -94708    3253  -94793
 50403    3748  -94828    4196  -94818    4571  -94769    4850  -94691
 50405    5019  -94594    5072  -94492    5009  -94397    4837  -94320
 50407    4573  -94273    4237  -94263    3854  -94297    3451  -94377
 50409    3057  -94504    2697  -94675    2396  -94883    2172  -95122
 50411    2040  -95383    2008  -95655    2077  -95927    2243  -96191
 50413    2497  -96436    2826  -96656    3212  -96845    3637  -96998
 50415    4081  -97114    4525  -97192    4952  -97234    5346  -97243
 50417    5692  -97223    5979  -97179    6201  -97117    6351  -97042
 50419    6427  -96960    6429  -96879    6360  -96803    6226  -96739
 50421    6034  -96693    5794  -96668    5518  -96670    5220  -96701
 50423    4917  -96765    4625  -96862    4364  -96994    4152  -97157
 50425    4008  -97349    3951  -97565    3996  -97797    4154  -98036
 50427    4431  -98273    4828  -98495    5335  -98691    5938  -98850
 50429    6612  -98964    7327  -99025    8049  -99030    8742  -98982
 50431    9373  -98884    9912  -98747   10336  -98580   10633  -98400
 50433   10799  -98218   10840  -98050   10769  -97907   10609  -97798
 50435   10384  -97732   10123  -97710    9853  -97735    9603  -97804
 50437    9395  -97912    9251  -98052    9186  -98217    9209  -98396
 50439    9326  -98581    9535  -98761    9831  -98928   10203  -99075
 50441   10640  -99194   11124  -99281   11638  -99332   12164  -99346
 50443   12682  -99322   13176  -99263   13630  -99171   14031  -99051
 50445   14368  -98908   14633  -98747   14822  -98576   14931  -98399
 50447   14964  -98224   14923  -98056   14815  -97902   14649  -97766
 50449   14434  -97653   14185  -97566   13916  -97509   13641  -97483
 50451   13378  -97489   13145  -97527   12958  -97594   12835  -97688
 50453   12794  -97803   12847  -97932   13006  -98068   13277  -98201
 50455   13662  -98320   14155  -98414   14741  -98472   15399  -98485
 50457   16100  -98445   16810  -98349   17491  -98196   18105  -97992
 50459   18619  -97746   19007  -97471   19254  -97182   19356  -96896
 50461   19321  -96627   19166  -96390   18917  -96194   18604  -96046
 50463   18261  -95949   17918  -95902   17603  -95899   17340  -95934
 50465   17146  -95999   17034  -96084   17010  -96178   17074  -96274
 50467   17222  -96360   17445  -96431   17732  -96477   18069  -96496
 50469   18440  -96482   18828  -96433   19215  -96349   19586  -96230
 50471   19923  -96079   20214  -95898   20445  -95692   20608  -95467
 50473   20695  -95227   20703  -94980   20630  -94732   20479  -94488
 50475   20254  -94256   19962  -94039   19613  -93845   19220  -93675
 50477   18794  -93535   18352  -93425   17909  -93347   17480  -93301
 50479   17084  -93286   16734  -93299   16448  -93336   16238  -93392
 50481   16117  -93460   16092  -93534   16170  -93603   16349  -93660
 50483   16625  -93693   16986  -93694   17412  -93654   17880  -93566
 50485   18359  -93425   18813  -93232   19208  -92990   19509  -92707
 50487   19689  -92394   19728  -92067   19621  -91743   19370  -91438
 50489   18996  -91168   18523  -90945   17985  -90776   17420  -90663
 50491   16861  -90605   16340  -90596   15881  -90627   15501  -90689
 50493   15212  -90769   15015  -90856   14908  -90941   14882  -91014
 50495   14926  -91068   15026  -91095   15165  -91093   15326  -91059
 50497   15492  -90990   15648  -90889   15777  -90756   15865  -90593
 50499   15900  -90406   15872  -90199   15774  -89976   15599  -89744
 50501   15346  -89509   15015  -89277   14608  -89054   14132  -88846
 50503   13594  -88659   13006  -88496   12380  -88362   11730  -88260
 50505   11072  -88190   10421  -88154    9794  -88150    9207  -88177
 50507    8675  -88230    8211  -88305    7826  -88397    7529  -88498
 50509    7326  -88602    7218  -88698    7202  -88780    7271  -88839
 50511    7412  -88866    7607  -88856    7835  -88801    8067  -88701
 50513    8276  -88554    8429  -88363    8499  -88137    8459  -87884
 50515    8293  -87620    7991  -87358    7557  -87116    7004  -86907
 50517    6357  -86746    5648  -86640    4914  -86593    4193  -86605
 50519    3517  -86669    2913  -86777    2401  -86916    1991  -87075
 50521    1685  -87240    1477  -87401    1356  -87547    1306  -87670
 50523    1311  -87764    1351  -87826    1407  -87853    1461  -87846
 50525    1496  -87807    1497  -87737    1452  -87640    1349  -87521
 50527    1180  -87386     940  -87239     624  -87086     233  -86935
 50529    -231  -86789    -765  -86657   -1362  -86543   -2012  -86451
 50531   -2704  -86388   -3423  -86354   -4156  -86354   -4886  -86389
 50533   -5597  -86457   -6271  -86557   -6894  -86687   -7451  -86841
 50535   -7930  -87015   -8321  -87202   -8618  -87394   -8820  -87582
 50537   -8929  -87760   -8950  -87918   -8896  -88049   -8782  -88147
 50539   -8626  -88205   -8452  -88222   -8285  -88195   -8152  -88127
 50541   -8077  -88022   -8085  -87886   -8195  -87731   -8419  -87567
 50543   -8764  -87410   -9225  -87272   -9789  -87167  -10434  -87107
 50545  -11130  -87100  -11843  -87150  -12538  -87257  -13182  -87415
 50547  -13746  -87617  -14212  -87851  -14566  -88104  -14807  -88363
 50549  -14940  -88616  -14978  -88851  -14937  -89061  -14839  -89238
 50551  -14705  -89379  -14557  -89482  -14414  -89549  -14296  -89581
 50553  -14217  -89581  -14190  -89555  -14226  -89508  -14331  -89445
 50555  -14509  -89372  -14763  -89296  -15090  -89223  -15489  -89159
 50557  -15952  -89109  -16471  -89079  -17037  -89073  -17636  -89095
 50559  -18255  -89149  -18878  -89235  -19489  -89356  -20070  -89509
 50561  -20604  -89694  -21076  -89906  -21472  -90141  -21779  -90391
