Nutation ephemeris from nutIAU200 for Oct 2007 - Mar 2009 IAU2000               
(1x,i5,8i8,8x,i2)                  2454386 2454945  4 -1          1.E-04
 54386   60605   87752   60176   87475   59846   87181   59622   86879
 54388   59504   86579   59492   86289   59578   86018   59755   85774
 54390   60009   85564   60326   85395   60687   85270   61074   85193
 54392   61463   85166   61834   85187   62162   85254   62426   85361
 54394   62603   85503   62675   85668   62627   85845   62450   86019
 54396   62143   86174   61712   86293   61175   86360   60559   86361
 54398   59904   86284   59254   86122   58660   85875   58172   85552
 54400   57835   85165   57682   84734   57732   84284   57986   83841
 54402   58428   83429   59026   83068   59737   82776   60513   82560
 54404   61303   82424   62060   82365   62743   82375   63319   82442
 54406   63767   82551   64071   82689   64227   82839   64239   82989
 54408   64114   83124   63868   83235   63519   83312   63087   83347
 54410   62596   83337   62070   83277   61532   83168   61005   83011
 54412   60511   82808   60071   82564   59701   82285   59417   81978
 54414   59229   81651   59145   81313   59170   80974   59302   80641
 54416   59538   80326   59869   80035   60285   79776   60770   79557
 54418   61306   79382   61875   79254   62455   79176   63024   79147
 54420   63559   79164   64040   79225   64445   79321   64758   79446
 54422   64965   79588   65055   79735   65024   79875   64876   79993
 54424   64621   80075   64275   80107   63868   80077   63433   79975
 54426   63011   79796   62649   79541   62392   79215   62283   78831
 54428   62355   78405   62631   77961   63114   77523   63793   77117
 54430   64638   76764   65606   76483   66645   76284   67700   76171
 54432   68718   76141   69651   76184   70465   76288   71132   76436
 54434   71639   76611   71984   76796   72173   76975   72218   77135
 54436   72141   77264   71962   77355   71707   77401   71401   77399
 54438   71070   77348   70737   77248   70427   77102   70159   76914
 54440   69952   76690   69822   76436   69782   76160   69841   75870
 54442   70004   75576   70274   75286   70648   75009   71121   74755
 54444   71684   74531   72323   74345   73021   74202   73758   74107
 54446   74514   74064   75265   74071   75988   74128   76659   74231
 54448   77258   74374   77767   74549   78169   74746   78455   74953
 54450   78621   75159   78667   75349   78601   75511   78440   75633
 54452   78203   75703   77921   75712   77626   75653   77357   75526
 54454   77154   75332   77057   75077   77100   74773   77314   74437
 54456   77715   74088   78309   73748   79086   73440   80021   73183
 54458   81078   72995   82206   72888   83355   72867   84469   72929
 54460   85500   73067   86408   73268   87162   73514   87748   73788
 54462   88159   74071   88403   74346   88495   74597   88456   74814
 54464   88312   74987   88092   75112   87823   75184   87534   75205
 54466   87250   75176   86994   75102   86786   74987   86645   74839
 54468   86583   74665   86613   74473   86740   74272   86969   74071
 54470   87301   73878   87731   73704   88253   73555   88856   73440
 54472   89526   73366   90245   73338   90992   73361   91746   73435
 54474   92481   73561   93173   73736   93798   73956   94335   74213
 54476   94765   74498   95074   74799   95256   75102   95308   75395
 54478   95237   75664   95056   75895   94786   76078   94454   76202
 54480   94092   76263   93736   76256   93422   76184   93188   76052
 54482   93065   75868   93084   75647   93263   75404   93613   75158
 54484   94133   74928   94812   74733   95625   74590   96537   74513
 54486   97508   74510   98489   74588   99433   74742  100295   74967
 54488  101038   75251  101631   75577  102058   75929  102312   76288
 54490  102397   76637  102328   76961  102125   77246  101817   77484
 54492  101431   77668  100999   77797  100549   77871  100109   77892
 54494   99702   77866   99349   77800   99067   77700   98869   77576
 54496   98764   77436   98756   77289   98849   77145   99039   77012
 54498   99324   76899   99693   76814  100135   76763  100636   76754
 54500  101178   76791  101741   76877  102302   77014  102837   77202
 54502  103322   77437  103733   77714  104047   78025  104246   78359
 54504  104316   78705  104251   79047  104051   79371  103725   79662
 54506  103292   79906  102775   80093  102208   80213  101628   80262
 54508  101072   80240  100581   80152  100190   80007   99926   79818
 54510   99813   79600   99862   79371  100073   79150  100439   78954
 54512  100938   78801  101544   78703  102221   78671  102929   78710
 54514  103626   78821  104272   79001  104830   79241  105267   79531
 54516  105561   79855  105697   80197  105671   80542  105487   80872
 54518  105160   81174  104709   81435  104160   81647  103541   81804
 54520  102882   81903  102212   81945  101560   81933  100948   81873
 54522  100397   81771   99924   81636   99541   81476   99256   81303
 54524   99071   81124   98987   80950   99001   80790   99105   80650
 54526   99289   80540   99542   80465   99847   80430  100186   80441
 54528  100541   80499  100890   80606  101211   80759  101479   80957
 54530  101674   81194  101773   81461  101759   81749  101618   82044
 54532  101344   82333  100938   82599  100409   82827   99776   83004
 54534   99067   83116   98319   83154   97571   83116   96868   83001
 54536   96251   82818   95757   82578   95414   82296   95240   81993
 54538   95239   81688   95405   81402   95719   81153   96152   80955
 54540   96670   80820   97231   80754   97795   80760   98323   80834
 54542   98777   80969   99127   81155   99350   81381   99429   81630
 54544   99358   81889   99136   82141   98773   82373   98283   82573
 54546   97687   82731   97010   82838   96279   82890   95522   82885
 54548   94767   82825   94040   82712   93363   82553   92757   82354
 54550   92237   82124   91813   81872   91492   81609   91276   81344
 54552   91163   81086   91148   80844   91222   80627   91373   80440
 54554   91587   80291   91847   80183   92136   80119   92434   80102
 54556   92721   80130   92976   80203   93178   80317   93307   80466
 54558   93345   80641   93276   80834   93089   81032   92778   81221
 54560   92344   81387   91797   81515   91155   81591   90446   81601
 54562   89706   81536   88976   81393   88304   81171   87733   80878
 54564   87304   80528   87047   80137   86980   79728   87104   79324
 54566   87407   78947   87863   78617   88434   78350   89076   78154
 54568   89743   78036   90388   77992   90971   78016   91456   78100
 54570   91817   78228   92036   78386   92105   78560   92023   78733
 54572   91798   78893   91443   79025   90978   79120   90425   79170
 54574   89810   79170   89160   79116   88500   79008   87857   78848
 54576   87254   78641   86713   78391   86251   78107   85881   77798
 54578   85612   77472   85449   77139   85393   76809   85440   76491
 54580   85584   76194   85812   75924   86113   75690   86469   75495
 54582   86864   75344   87279   75238   87693   75178   88088   75164
 54584   88442   75191   88737   75256   88956   75351   89084   75470
 54586   89109   75601   89023   75734   88822   75857   88511   75956
 54588   88099   76017   87605   76027   87054   75975   86481   75853
 54590   85926   75655   85434   75382   85048   75040   84812   74642
 54592   84756   74205   84901   73750   85251   73304   85792   72889
 54594   86497   72527   87322   72235   88216   72025   89125   71898
 54596   89997   71853   90786   71880   91455   71966   91978   72094
 54598   92340   72248   92540   72410   92582   72564   92479   72697
 54600   92253   72796   91926   72852   91524   72861   91076   72818
 54602   90607   72722   90145   72575   89712   72381   89332   72144
 54604   89021   71872   88796   71572   88666   71253   88639   70924
 54606   88718   70594   88901   70273   89183   69970   89556   69693
 54608   90007   69449   90522   69243   91082   69080   91670   68963
 54610   92264   68893   92846   68870   93395   68890   93891   68951
 54612   94318   69046   94659   69167   94904   69307   95043   69454
 54614   95072   69598   94994   69727   94813   69829   94543   69892
 54616   94205   69906   93822   69860   93429   69749   93062   69569
 54618   92761   69320   92568   69010   92520   68648   92649   68252
 54620   92975   67842   93505   67440   94227   67071   95116   66757
 54622   96131   66515   97217   66357   98319   66288   99380   66305
 54624  100346   66398  101179   66552  101849   66749  102343   66969
 54626  102658   67193  102804   67403  102800   67585  102671   67728
 54628  102444   67822  102149   67864  101817   67853  101477   67788
 54630  101153   67673  100871   67514  100649   67316  100503   67089
 54632  100447   66839  100488   66577  100630   66311  100875   66051
 54634  101219   65805  101655   65582  102172   65390  102759   65234
 54636  103397   65120  104070   65052  104757   65031  105438   65058
 54638  106091   65131  106697   65247  107236   65401  107691   65585
 54640  108051   65790  108303   66008  108445   66228  108474   66437
 54642  108397   66625  108224   66781  107972   66893  107664   66954
 54644  107325   66956  106990   66895  106692   66771  106467   66587
 54646  106352   66349  106378   66069  106571   65762  106948   65446
 54648  107514   65143  108258   64874  109158   64658  110176   64513
 54650  111263   64450  112365   64473  113427   64581  114395   64766
 54652  115226   65011  115891   65300  116370   65610  116663   65923
 54654  116778   66218  116736   66480  116565   66696  116296   66860
 54656  115962   66967  115597   67015  115230   67008  114890   66951
 54658  114598   66850  114374   66713  114232   66549  114182   66367
 54660  114231   66177  114380   65989  114627   65810  114967   65651
 54662  115392   65518  115889   65418  116445   65358  117043   65341
 54664  117663   65371  118286   65449  118890   65574  119454   65744
 54666  119958   65955  120384   66200  120714   66471  120937   66759
 54668  121045   67053  121035   67341  120910   67611  120679   67852
 54670  120357   68053  119966   68205  119530   68300  119081   68335
 54672  118650   68307  118272   68219  117981   68076  117805   67887
 54674  117772   67667  117900   67429  118197   67191  118664   66972
 54676  119286   66791  120041   66664  120893   66605  121799   66622
 54678  122709   66720  123575   66896  124348   67143  124989   67445
 54680  125466   67787  125764   68148  125878   68508  125816   68849
 54682  125598   69153  125251   69409  124808   69608  124303   69746
 54684  123771   69823  123244   69841  122751   69806  122313   69727
 54686  121951   69612  121677   69472  121499   69316  121423   69155
 54688  121446   68998  121565   68854  121773   68732  122060   68639
 54690  122412   68581  122814   68563  123249   68590  123699   68662
 54692  124141   68782  124557   68946  124925   69154  125226   69399
 54694  125440   69675  125554   69973  125554   70283  125435   70593
 54696  125194   70891  124838   71164  124378   71401  123833   71589
 54698  123228   71721  122593   71791  121960   71795  121366   71735
 54700  120844   71616  120425   71447  120137   71238  120000   71006
 54702  120023   70767  120208   70538  120546   70337  121017   70180
 54704  121594   70081  122241   70049  122915   70089  123574   70203
 54706  124175   70387  124677   70630  125047   70920  125262   71241
 54708  125307   71575  125182   71903  124893   72208  124461   72475
 54710  123910   72692  123271   72850  122580   72946  121869   72979
 54712  121172   72953  120515   72873  119922   72748  119412   72587
 54714  118997   72401  118685   72202  118477   71999  118371   71802
 54716  118362   71621  118440   71464  118593   71337  118806   71247
 54718  119063   71197  119347   71191  119639   71230  119919   71314
 54720  120167   71441  120364   71608  120491   71809  120531   72037
 54722  120470   72284  120298   72539  120008   72790  119599   73024
 54724  119079   73230  118460   73393  117764   73504  117017   73552
 54726  116253   73533  115508   73444  114820   73288  114227   73072
 54728  113758   72808  113440   72510  113286   72195  113303   71883
 54730  113481   71593  113804   71341  114244   71141  114765   71006
 54732  115328   70940  115891   70946  116412   71020  116853   71156
 54734  117181   71341  117373   71562  117412   71804  117292   72048
 54736  117016   72280  116596   72483  116050   72646  115406   72758
 54738  114691   72812  113939   72805  113181   72737  112447   72612
 54740  111764   72435  111153   72216  110633   71963  110214   71688
 54742  109903   71401  109701   71113  109604   70835  109604   70575
 54744  109691   70341  109850   70140  110065   69977  110320   69855
 54746  110596   69777  110874   69743  111136   69753  111361   69803
 54748  111534   69890  111636   70008  111653   70150  111574   70307
 54750  111389   70469  111093   70625  110688   70763  110180   70871
 54752  109582   70935  108916   70946  108208   70893  107494   70771
 54754  106811   70578  106199   70317  105697   69994  105340   69624
 54756  105153   69223  105150   68810  105331   68407  105684   68035
 54758  106183   67713  106790   67453  107464   67266  108157   67155
 54760  108822   67118  109418   67149  109909   67235  110268   67364
 54762  110478   67520  110531   67684  110428   67843  110180   67980
 54764  109804   68083  109323   68141  108764   68148  108156   68098
 54766  107530   67990  106914   67826  106335   67610  105818   67349
 54768  105382   67050  105042   66724  104808   66380  104684   66029
 54770  104670   65683  104761   65350  104948   65039  105218   64758
 54772  105557   64513  105946   64308  106369   64147  106805   64030
 54774  107235   63958  107641   63929  108005   63938  108311   63982
 54776  108543   64053  108691   64146  108744   64250  108696   64356
 54778  108546   64455  108296   64534  107953   64583  107533   64590
 54780  107054   64546  106543   64442  106032   64272  105559   64034
 54782  105162   63731  104882   63368  104753   62959  104803   62520
 54784  105050   62071  105494   61636  106123   61237  106907   60894
 54786  107804   60622  108763   60432  109729   60326  110650   60301
 54788  111478   60346  112176   60447  112718   60587  113091   60747
 54790  113295   60908  113338   61054  113238   61170  113018   61245
 54792  112706   61272  112333   61244  111929   61160  111524   61022
 54794  111145   60832  110815   60597  110557   60324  110385   60021
 54796  110312   59698  110345   59365  110486   59033  110733   58710
 54798  111079   58406  111514   58130  112025   57887  112596   57684
 54800  113208   57524  113843   57410  114480   57342  115100   57318
 54802  115685   57336  116216   57393  116680   57480  117063   57593
 54804  117354   57723  117548   57860  117642   57996  117637   58121
 54806  117537   58224  117355   58295  117104   58326  116804   58308
 54808  116483   58234  116168   58100  115894   57904  115696   57650
 54810  115611   57342  115672   56992  115906   56616  116331   56231
 54812  116952   55859  117761   55523  118730   55243  119820   55037
 54814  120979   54917  122147   54886  123267   54940  124283   55071
 54816  125154   55261  125849   55490  126355   55736  126673   55979
 54818  126817   56201  126809   56385  126681   56521  126465   56602
 54820  126196   56624  125907   56589  125629   56499  125388   56361
 54822  125208   56182  125105   55970  125094   55736  125181   55489
 54824  125371   55239  125663   54996  126053   54769  126533   54566
 54826  127090   54395  127711   54261  128378   54169  129074   54122
 54828  129780   54122  130474   54167  131139   54257  131754   54387
 54830  132303   54552  132772   54746  133149   54961  133427   55188
 54832  133600   55417  133668   55639  133636   55844  133514   56022
 54834  133313   56165  133053   56265  132754   56315  132443   56311
 54836  132148   56251  131900   56135  131730   55968  131668   55755
 54838  131744   55507  131979   55239  132388   54966  132976   54708
 54840  133736   54484  134646   54314  135671   54212  136766   54191
 54842  137877   54257  138945   54408  139916   54635  140743   54923
 54844  141391   55252  141842   55600  142093   55943  142158   56260
 54846  142061   56536  141836   56756  141520   56914  141153   57008
 54848  140772   57039  140409   57012  140094   56936  139847   56819
 54850  139685   56673  139619   56507  139653   56334  139789   56162
 54852  140022   56002  140345   55863  140748   55752  141217   55675
 54854  141738   55637  142292   55642  142862   55693  143429   55788
 54856  143972   55928  144474   56110  144915   56330  145280   56580
 54858  145556   56855  145731   57146  145798   57442  145757   57735
 54860  145607   58014  145357   58269  145018   58490  144608   58670
 54862  144146   58801  143658   58879  143171   58901  142713   58867
 54864  142315   58781  142003   58648  141805   58476  141742   58279
 54866  141829   58068  142076   57860  142480   57672  143032   57520
 54868  143710   57420  144483   57384  145311   57421  146146   57537
 54870  146939   57730  147642   57991  148211   58309  148614   58664
 54872  148829   59036  148851   59403  148690   59744  148367   60041
 54874  147915   60280  147372   60453  146779   60557  146175   60592
 54876  145597   60566  145073   60486  144628   60364  144276   60212
 54878  144029   60041  143888   59864  143851   59692  143912   59535
 54880  144061   59402  144285   59299  144568   59232  144893   59205
 54882  145244   59222  145600   59283  145944   59388  146256   59534
 54884  146519   59720  146716   59938  146832   60184  146854   60450
 54886  146774   60726  146585   61004  146286   61272  145881   61520
 54888  145380   61738  144795   61915  144147   62045  143459   62121
 54890  142758   62139  142075   62097  141439   61999  140881   61849
 54892  140426   61656  140099   61430  139914   61185  139882   60937
 54894  140002   60700  140266   60492  140658   60325  141150   60213
 54896  141710   60165  142299   60186  142875   60278  143396   60437
 54898  143821   60653  144117   60915  144257   61206  144226   61508
 54900  144020   61800  143650   62064  143134   62284  142503   62446
 54902  141791   62543  141037   62571  140280   62530  139556   62427
 54904  138895   62268  138320   62067  137849   61834  137490   61584
 54906  137246   61328  137112   61080  137081   60848  137140   60642
 54908  137273   60470  137463   60336  137692   60243  137940   60195
 54910  138188   60190  138418   60228  138611   60306  138751   60421
 54912  138822   60565  138811   60734  138708   60918  138504   61109
 54914  138195   61298  137782   61474  137270   61627  136667   61746
 54916  135990   61822  135260   61846  134501   61813  133743   61719
 54918  133018   61564  132359   61351  131797   61086  131359   60780
 54920  131065   60447  130929   60102  130955   59762  131137   59444
 54922  131458   59164  131892   58935  132406   58768  132963   58668
 54924  133521   58638  134039   58675  134478   58772  134806   58917
 54926  134997   59096  135035   59293  134912   59491  134631   59672
 54928  134207   59821  133661   59923  133021   59970  132321   59953
 54930  131597   59871  130882   59726  130211   59521  129610   59266
 54932  129103   58972  128705   58649  128425   58312  128263   57972
 54934  128216   57641  128274   57331  128424   57049  128647   56803
 54936  128926   56598  129241   56436  129570   56320  129895   56249
 54938  130195   56220  130454   56231  130656   56276  130786   56349
 54940  130834   56443  130790   56551  130648   56663  130407   56770
 54942  130069   56863  129638   56930  129126   56964  128550   56954
 54944  127929   56892  127290   56774  126662   56595  126078   56356
