Nutation ephemeris from nutIAU200 for Oct 2019 - Mar 2021 IAU2000               
(1x,i5,8i8,8x,i2)                  2458769 2459328  4 -1          1.E-04
 58769 -178657  -13752 -179360  -13743 -180065  -13775 -180752  -13847
 58771 -181403  -13959 -181999  -14107 -182522  -14287 -182958  -14493
 58773 -183294  -14717 -183523  -14952 -183640  -15189 -183645  -15416
 58775 -183544  -15625 -183346  -15807 -183068  -15952 -182728  -16054
 58777 -182350  -16107 -181961  -16108 -181590  -16057 -181264  -15956
 58779 -181014  -15810 -180864  -15629 -180835  -15423 -180939  -15209
 58781 -181181  -15001 -181556  -14816 -182046  -14671 -182625  -14579
 58783 -183257  -14551 -183901  -14594 -184513  -14706 -185054  -14883
 58785 -185486  -15115 -185786  -15388 -185940  -15684 -185944  -15986
 58787 -185808  -16278 -185551  -16545 -185197  -16775 -184777  -16960
 58789 -184320  -17096 -183856  -17182 -183413  -17218 -183013  -17210
 58791 -182676  -17163 -182418  -17083 -182248  -16979 -182172  -16858
 58793 -182193  -16729 -182310  -16600 -182518  -16478 -182809  -16370
 58795 -183174  -16284 -183600  -16225 -184071  -16197 -184572  -16206
 58797 -185085  -16252 -185590  -16339 -186068  -16464 -186500  -16628
 58799 -186866  -16826 -187150  -17053 -187336  -17302 -187414  -17566
 58801 -187375  -17835 -187219  -18100 -186948  -18349 -186570  -18572
 58803 -186101  -18761 -185559  -18906 -184970  -19001 -184360  -19043
 58805 -183758  -19031 -183195  -18966 -182699  -18853 -182294  -18701
 58807 -182002  -18520 -181835  -18323 -181801  -18124 -181896  -17938
 58809 -182109  -17780 -182421  -17663 -182802  -17598 -183221  -17594
 58811 -183638  -17653 -184016  -17775 -184318  -17955 -184512  -18183
 58813 -184576  -18446 -184496  -18728 -184269  -19014 -183903  -19288
 58815 -183414  -19534 -182828  -19742 -182172  -19902 -181479  -20010
 58817 -180781  -20065 -180106  -20067 -179480  -20021 -178924  -19933
 58819 -178454  -19812 -178081  -19665 -177810  -19502 -177642  -19331
 58821 -177575  -19162 -177602  -19002 -177713  -18858 -177898  -18736
 58823 -178141  -18643 -178427  -18581 -178738  -18556 -179057  -18567
 58825 -179364  -18617 -179640  -18705 -179866  -18828 -180023  -18983
 58827 -180094  -19164 -180065  -19365 -179924  -19577 -179664  -19791
 58829 -179284  -19995 -178787  -20180 -178184  -20334 -177492  -20446
 58831 -176734  -20509 -175938  -20517 -175136  -20466 -174360  -20357
 58833 -173644  -20194 -173018  -19983 -172505  -19736 -172123  -19467
 58835 -171881  -19188 -171779  -18917 -171806  -18668 -171945  -18455
 58837 -172169  -18288 -172448  -18177 -172746  -18124 -173028  -18132
 58839 -173260  -18196 -173409  -18310 -173453  -18462 -173371  -18642
 58841 -173156  -18834 -172807  -19025 -172332  -19198 -171747  -19343
 58843 -171075  -19449 -170342  -19507 -169579  -19513 -168815  -19466
 58845 -168079  -19366 -167397  -19219 -166790  -19031 -166275  -18809
 58847 -165862  -18562 -165556  -18301 -165360  -18033 -165270  -17768
 58849 -165277  -17515 -165372  -17280 -165540  -17070 -165767  -16890
 58851 -166036  -16743 -166329  -16633 -166628  -16560 -166913  -16524
 58853 -167165  -16525 -167368  -16560 -167502  -16624 -167553  -16712
 58855 -167507  -16818 -167352  -16934 -167083  -17049 -166697  -17154
 58857 -166197  -17237 -165594  -17288 -164904  -17297 -164151  -17254
 58859 -163364  -17153 -162576  -16990 -161825  -16767 -161146  -16488
 58861 -160573  -16161 -160131  -15800 -159838  -15420 -159702  -15038
 58863 -159716  -14672 -159866  -14338 -160127  -14049 -160465  -13816
 58865 -160845  -13646 -161227  -13538 -161577  -13491 -161861  -13497
 58867 -162053  -13547 -162134  -13630 -162093  -13731 -161927  -13836
 58869 -161640  -13933 -161245  -14008 -160760  -14052 -160207  -14055
 58871 -159611  -14011 -159000  -13918 -158401  -13775 -157839  -13584
 58873 -157337  -13350 -156915  -13078 -156588  -12777 -156365  -12456
 58875 -156251  -12123 -156247  -11787 -156349  -11459 -156548  -11145
 58877 -156834  -10853 -157191  -10590 -157604  -10359 -158055  -10164
 58879 -158525  -10008 -158997   -9891 -159451   -9811 -159869   -9768
 58881 -160235   -9758 -160532   -9776 -160747   -9816 -160868   -9872
 58883 -160886   -9936 -160796   -9998 -160596  -10050 -160291  -10081
 58885 -159888  -10081 -159405  -10039 -158861   -9949 -158284   -9802
 58887 -157706   -9596 -157164   -9330 -156694   -9009 -156330   -8640
 58889 -156102   -8237 -156030   -7817 -156122   -7399 -156373   -7001
 58891 -156765   -6643 -157270   -6340 -157847   -6102 -158455   -5934
 58893 -159051   -5837 -159594   -5805 -160053   -5827 -160403   -5892
 58895 -160628   -5984 -160725   -6088 -160698   -6189 -160557   -6274
 58897 -160321   -6332 -160011   -6353 -159652   -6332 -159270   -6264
 58899 -158891   -6148 -158540   -5986 -158239   -5782 -158007   -5540
 58901 -157860   -5266 -157810   -4970 -157863   -4660 -158024   -4343
 58903 -158289   -4030 -158655   -3729 -159111   -3447 -159646   -3191
 58905 -160244   -2966 -160890   -2778 -161564   -2629 -162249   -2521
 58907 -162924   -2452 -163573   -2422 -164177   -2429 -164721   -2467
 58909 -165191   -2531 -165574   -2616 -165862   -2714 -166049   -2817
 58911 -166132   -2916 -166112   -3002 -165994   -3066 -165789   -3100
 58913 -165511   -3094 -165180   -3041 -164822   -2937 -164464   -2777
 58915 -164139   -2562 -163881   -2295 -163721   -1983 -163687   -1640
 58917 -163802   -1279 -164074    -921 -164501    -584 -165068    -288
 58919 -165745     -51 -166492     117 -167263     207 -168009     221
 58921 -168687     165 -169260      50 -169703    -109 -170003    -292
 58923 -170158    -483 -170179    -665 -170084    -824 -169896    -948
 58925 -169644   -1029 -169357   -1063 -169062   -1048 -168787    -984
 58927 -168555    -876 -168387    -728 -168299    -546 -168303    -340
 58929 -168407    -116 -168614     116 -168924     348 -169334     571
 58931 -169835     778 -170416     962 -171066    1116 -171767    1236
 58933 -172503    1317 -173255    1358 -174004    1358 -174731    1317
 58935 -175419    1239 -176050    1125 -176609     982 -177084     816
 58937 -177466     633 -177746     442 -177923     250 -177997      67
 58939 -177972     -99 -177857    -240 -177664    -346 -177410    -412
 58941 -177116    -432 -176804    -402 -176502    -320 -176238    -187
 58943 -176041      -8 -175937     210 -175950     456 -176098     716
 58945 -176389     973 -176822    1209 -177381    1406 -178041    1547
 58947 -178764    1619 -179505    1615 -180215    1534 -180848    1380
 58949 -181365    1165 -181736     906 -181946     622 -181995     332
 58951 -181895      55 -181667    -193 -181341    -399 -180952    -555
 58953 -180532    -657 -180116    -705 -179732    -700 -179406    -650
 58955 -179156    -559 -178999    -438 -178943    -294 -178993    -136
 58957 -179149      25 -179407     182 -179761     326 -180201     450
 58959 -180713     548 -181282     613 -181893     643 -182526     634
 58961 -183163     585 -183786     495 -184375     366 -184912     201
 58963 -185382       5 -185770    -218 -186064    -460 -186257    -714
 58965 -186343    -970 -186323   -1222 -186199   -1458 -185980   -1670
 58967 -185678   -1852 -185309   -1994 -184891   -2092 -184448   -2141
 58969 -184005   -2139 -183587   -2088 -183220   -1989 -182929   -1849
 58971 -182737   -1676 -182661   -1482 -182712   -1279 -182895   -1083
 58973 -183203    -910 -183621    -776 -184124    -695 -184678    -677
 58975 -185240    -731 -185766    -856 -186212   -1050 -186539   -1302
 58977 -186718   -1596 -186731   -1914 -186575   -2237 -186261   -2545
 58979 -185811   -2821 -185255   -3051 -184631   -3226 -183977   -3341
 58981 -183330   -3397 -182723   -3395 -182184   -3344 -181733   -3251
 58983 -181386   -3127 -181152   -2981 -181031   -2823 -181024   -2664
 58985 -181123   -2513 -181317   -2377 -181595   -2265 -181942   -2181
 58987 -182340   -2131 -182772   -2117 -183219   -2143 -183661   -2208
 58989 -184081   -2312 -184459   -2453 -184777   -2628 -185021   -2831
 58991 -185176   -3056 -185233   -3297 -185183   -3544 -185024   -3790
 58993 -184757   -4023 -184387   -4236 -183927   -4419 -183390   -4565
 58995 -182795   -4665 -182167   -4717 -181530   -4716 -180911   -4663
 58997 -180337   -4561 -179833   -4413 -179423   -4229 -179123   -4018
 58999 -178946   -3793 -178898   -3567 -178975   -3356 -179167   -3173
 59001 -179455   -3031 -179809   -2943 -180198   -2915 -180582   -2953
 59003 -180921   -3056 -181176   -3219 -181314   -3433 -181309   -3682
 59005 -181145   -3951 -180819   -4222 -180339   -4475 -179726   -4695
 59007 -179009   -4868 -178224   -4984 -177409   -5039 -176602   -5032
 59009 -175839   -4966 -175149   -4847 -174555   -4686 -174073   -4492
 59011 -173712   -4276 -173473   -4050 -173354   -3825 -173347   -3610
 59013 -173439   -3414 -173615   -3243 -173859   -3103 -174152   -2999
 59015 -174475   -2932 -174808   -2906 -175132   -2918 -175429   -2968
 59017 -175679   -3054 -175866   -3170 -175976   -3313 -175995   -3475
 59019 -175914   -3648 -175726   -3825 -175429   -3996 -175026   -4151
 59021 -174524   -4281 -173934   -4377 -173274   -4431 -172565   -4436
 59023 -171835   -4387 -171109   -4284 -170419   -4127 -169793   -3919
 59025 -169256   -3670 -168831   -3387 -168532   -3084 -168368   -2775
 59027 -168339   -2474 -168435   -2197 -168639   -1957 -168925   -1764
 59029 -169263   -1628 -169616   -1554 -169948   -1543 -170222   -1591
 59031 -170405   -1691 -170470   -1833 -170397   -2002 -170175   -2182
 59033 -169806   -2358 -169299   -2513 -168674   -2632 -167960   -2705
 59035 -167187   -2722 -166393   -2679 -165614   -2576 -164881   -2416
 59037 -164225   -2205 -163667   -1952 -163225   -1669 -162908   -1366
 59039 -162717   -1054 -162649    -746 -162695    -450 -162842    -176
 59041 -163074      70 -163373     282 -163718     456 -164090     590
 59043 -164469     684 -164835     738 -165169     754 -165454     736
 59045 -165674     689 -165815     617 -165867     529 -165819     431
 59047 -165667     333 -165410     242 -165050     169 -164595     123
 59049 -164058     113 -163455     147 -162811     231 -162151     370
 59051 -161506     566 -160906     816 -160382    1116 -159962    1456
 59053 -159668    1826 -159514    2211 -159507    2595 -159641    2961
 59055 -159901    3294 -160265    3580 -160701    3810 -161172    3976
 59057 -161641    4077 -162068    4115 -162419    4096 -162667    4031
 59059 -162790    3933 -162775    3817 -162621    3698 -162334    3591
 59061 -161927    3511 -161424    3470 -160852    3477 -160242    3538
 59063 -159626    3655 -159037    3828 -158503    4053 -158050    4324
 59065 -157699    4631 -157464    4964 -157351    5313 -157363    5665
 59067 -157496    6012 -157740    6341 -158081    6646 -158503    6920
 59069 -158987    7156 -159513    7352 -160060    7506 -160607    7619
 59071 -161136    7690 -161627    7724 -162065    7724 -162434    7696
 59073 -162723    7646 -162921    7580 -163022    7507 -163022    7435
 59075 -162921    7373 -162723    7329 -162435    7313 -162072    7333
 59077 -161649    7396 -161188    7508 -160716    7674 -160261    7895
 59079 -159855    8170 -159528    8493 -159308    8855 -159220    9244
 59081 -159278    9644 -159487   10038 -159842   10409 -160325   10738
 59083 -160907   11012 -161552   11220 -162218   11357 -162862   11423
 59085 -163443   11423 -163928   11367 -164290   11267 -164514   11141
 59087 -164595   11005 -164537   10875 -164355   10766 -164069   10691
 59089 -163707   10660 -163297   10679 -162871   10751 -162460   10878
 59091 -162091   11055 -161791   11279 -161580   11541 -161473   11832
 59093 -161482   12143 -161610   12463 -161857   12781 -162216   13088
 59095 -162679   13374 -163230   13631 -163852   13853 -164526   14036
 59097 -165233   14177 -165950   14274 -166658   14328 -167338   14341
 59099 -167972   14317 -168545   14260 -169042   14176 -169454   14072
 59101 -169773   13956 -169994   13835 -170115   13718 -170140   13612
 59103 -170073   13527 -169925   13471 -169707   13450 -169437   13471
 59105 -169135   13540 -168826   13659 -168537   13831 -168295   14052
 59107 -168130   14319 -168068   14622 -168131   14949 -168335   15287
 59109 -168687   15617 -169180   15920 -169798   16180 -170511   16380
 59111 -171280   16509 -172058   16560 -172800   16535 -173460   16439
 59113 -174001   16285 -174398   16089 -174637   15870 -174719   15647
 59115 -174655   15439 -174467   15260 -174183   15123 -173835   15037
 59117 -173458   15006 -173085   15031 -172747   15109 -172469   15235
 59119 -172274   15403 -172178   15603 -172192   15826 -172322   16061
 59121 -172569   16298 -172928   16528 -173390   16741 -173944   16928
 59123 -174574   17084 -175262   17203 -175989   17280 -176735   17314
 59125 -177479   17305 -178201   17252 -178883   17160 -179508   17033
 59127 -180061   16875 -180530   16693 -180907   16494 -181185   16287
 59129 -181363   16080 -181442   15880 -181426   15696 -181324   15537
 59131 -181148   15408 -180911   15317 -180632   15268 -180332   15266
 59133 -180032   15313 -179757   15407 -179533   15548 -179383   15729
 59135 -179331   15942 -179395   16177 -179589   16419 -179918   16653
 59137 -180376   16862 -180948   17027 -181606   17135 -182314   17173
 59139 -183025   17133 -183691   17014 -184265   16824 -184706   16573
 59141 -184986   16280 -185090   15964 -185017   15647 -184783   15350
 59143 -184416   15091 -183950   14881 -183425   14731 -182880   14642
 59145 -182354   14614 -181879   14643 -181483   14720 -181185   14837
 59147 -180999   14984 -180932   15148 -180986   15319 -181156   15487
 59149 -181435   15641 -181811   15775 -182269   15880 -182791   15950
 59151 -183359   15982 -183953   15972 -184553   15920 -185138   15825
 59153 -185690   15689 -186190   15517 -186623   15312 -186974   15080
 59155 -187234   14830 -187395   14567 -187453   14301 -187408   14040
 59157 -187263   13793 -187027   13567 -186710   13371 -186327   13210
 59159 -185894   13091 -185432   13017 -184962   12991 -184506   13012
 59161 -184088   13079 -183729   13189 -183452   13334 -183273   13506
 59163 -183207   13694 -183261   13886 -183438   14067 -183729   14222
 59165 -184118   14336 -184581   14396 -185082   14391 -185581   14315
 59167 -186032   14166 -186390   13948 -186614   13672 -186674   13355
 59169 -186551   13015 -186242   12675 -185761   12357 -185135   12079
 59171 -184400   11856 -183600   11699 -182782   11610 -181988   11589
 59173 -181256   11630 -180616   11723 -180090   11858 -179690   12021
 59175 -179422   12200 -179284   12383 -179269   12559 -179365   12718
 59177 -179556   12852 -179826   12954 -180153   13020 -180518   13046
 59179 -180900   13030 -181280   12973 -181635   12875 -181950   12739
 59181 -182205   12570 -182387   12372 -182483   12152 -182483   11917
 59183 -182382   11676 -182176   11437 -181868   11208 -181462   10999
 59185 -180970   10817 -180403   10670 -179779   10564 -179117   10504
 59187 -178441   10493 -177773   10532 -177137   10619 -176557   10751
 59189 -176053   10922 -175643   11124 -175343   11347 -175159   11579
 59191 -175096   11808 -175148   12020 -175303   12202 -175543   12342
 59193 -175841   12430 -176164   12456 -176473   12418 -176730   12314
 59195 -176895   12151 -176933   11938 -176815   11689 -176524   11421
 59197 -176057   11155 -175422   10911 -174643   10707 -173753   10558
 59199 -172795   10476 -171815   10464 -170858   10523 -169965   10648
 59201 -169170   10828 -168497   11053 -167962   11307 -167570   11577
 59203 -167320   11850 -167202   12113 -167202   12355 -167301   12569
 59205 -167480   12748 -167715   12887 -167985   12985 -168269   13040
 59207 -168544   13053 -168792   13026 -168994   12963 -169135   12870
 59209 -169199   12751 -169178   12613 -169061   12465 -168845   12313
 59211 -168527   12167 -168111   12036 -167602   11927 -167012   11850
 59213 -166355   11812 -165650   11818 -164919   11873 -164185   11980
 59215 -163475   12138 -162814   12345 -162226   12596 -161732   12883
 59217 -161350   13196 -161091   13523 -160960   13852 -160954   14169
 59219 -161063   14460 -161269   14713 -161548   14917 -161869   15065
 59221 -162199   15153 -162501   15178 -162739   15145 -162880   15059
 59223 -162896   14933 -162766   14780 -162479   14617 -162034   14461
 59225 -161441   14329 -160723   14237 -159908   14199 -159036   14224
 59227 -158147   14316 -157283   14476 -156483   14699 -155781   14976
 59229 -155201   15296 -154761   15644 -154468   16008 -154321   16372
 59231 -154311   16725 -154423   17053 -154638   17350 -154933   17608
 59233 -155285   17823 -155670   17993 -156065   18117 -156449   18198
 59235 -156801   18239 -157103   18243 -157342   18218 -157504   18168
 59237 -157579   18102 -157562   18027 -157448   17951 -157237   17883
 59239 -156933   17831 -156543   17803 -156078   17808 -155553   17852
 59241 -154986   17941 -154400   18079 -153819   18269 -153269   18510
 59243 -152779   18799 -152371   19131 -152071   19496 -151893   19884
 59245 -151851   20279 -151945   20669 -152170   21037 -152511   21370
 59247 -152944   21655 -153440   21882 -153962   22045 -154473   22143
 59249 -154936   22178 -155317   22156 -155587   22088 -155725   21987
 59251 -155717   21869 -155561   21749 -155263   21645 -154840   21571
 59253 -154316   21540 -153720   21563 -153089   21645 -152458   21790
 59255 -151864   21996 -151341   22257 -150916   22566 -150612   22911
 59257 -150444   23280 -150417   23659 -150529   24035 -150774   24395
 59259 -151135   24729 -151594   25027 -152128   25284 -152714   25495
 59261 -153327   25657 -153943   25772 -154541   25842 -155101   25869
 59263 -155605   25861 -156039   25823 -156393   25761 -156657   25684
 59265 -156828   25600 -156903   25516 -156884   25442 -156777   25385
 59267 -156588   25353 -156331   25354 -156018   25393 -155670   25475
 59269 -155306   25606 -154949   25786 -154627   26014 -154364   26289
 59271 -154185   26604 -154113   26951 -154166   27316 -154355   27687
 59273 -154684   28048 -155144   28381 -155718   28672 -156380   28907
 59275 -157094   29076 -157821   29172 -158517   29197 -159142   29155
 59277 -159660   29056 -160046   28913 -160281   28744 -160361   28565
 59279 -160291   28395 -160087   28250 -159772   28144 -159376   28087
 59281 -158934   28087 -158481   28146 -158051   28265 -157678   28439
 59283 -157387   28661 -157203   28922 -157140   29211 -157208   29516
 59285 -157409   29823 -157740   30122 -158189   30400 -158741   30649
 59287 -159379   30859 -160079   31026 -160819   31146 -161574   31216
 59289 -162321   31239 -163039   31216 -163709   31152 -164314   31053
 59291 -164840   30926 -165279   30777 -165623   30615 -165870   30449
 59293 -166020   30286 -166077   30136 -166048   30005 -165942   29901
 59295 -165772   29831 -165554   29799 -165306   29810 -165046   29867
 59297 -164799   29971 -164586   30121 -164431   30314 -164356   30545
 59299 -164383   30803 -164527   31080 -164801   31360 -165205   31629
 59301 -165735   31870 -166374   32067 -167094   32205 -167859   32274
 59303 -168626   32267 -169349   32183 -169983   32029 -170488   31815
 59305 -170837   31558 -171014   31278 -171017   30994 -170858   30728
 59307 -170560   30497 -170157   30315 -169686   30191 -169187   30130
 59309 -168700   30133 -168259   30195 -167896   30311 -167633   30470
 59311 -167489   30661 -167473   30873 -167588   31092 -167832   31307
 59313 -168196   31507 -168666   31682 -169225   31823 -169853   31924
 59315 -170528   31981 -171228   31991 -171929   31953 -172609   31869
 59317 -173249   31743 -173829   31578 -174335   31381 -174755   31160
 59319 -175080   30921 -175306   30674 -175431   30427 -175458   30188
 59321 -175393   29965 -175245   29767 -175026   29599 -174750   29467
 59323 -174434   29376 -174096   29328 -173757   29327 -173437   29370
 59325 -173157   29458 -172939   29585 -172800   29745 -172760   29930
 59327 -172830   30130 -173019   30332 -173328   30522 -173751   30685
