Nutation ephemeris from nutIAU200 for Oct 1987 - Mar 1989 IAU2000               
(1x,i5,8i8,8x,i2)                  2447081 2447640  4 -1          1.E-04
 47081  -13763   94717  -13391   94579  -13007   94492  -12633   94454
 47083  -12291   94464  -12000   94517  -11775   94608  -11630   94730
 47085  -11576   94875  -11619   95034  -11765   95199  -12014   95361
 47087  -12363   95509  -12805   95635  -13329   95728  -13919   95782
 47089  -14557   95787  -15220   95739  -15881   95635  -16513   95472
 47091  -17085   95253  -17570   94982  -17939   94668  -18172   94321
 47093  -18252   93956  -18170   93587  -17928   93232  -17535   92906
 47095  -17010   92625  -16382   92401  -15686   92245  -14962   92161
 47097  -14251   92151  -13595   92209  -13031   92327  -12592   92494
 47099  -12301   92693  -12173   92906  -12210   93114  -12406   93299
 47101  -12742   93443  -13193   93532  -13724   93557  -14297   93509
 47103  -14871   93388  -15408   93197  -15872   92943  -16234   92637
 47105  -16473   92293  -16575   91926  -16537   91552  -16364   91186
 47107  -16066   90843  -15663   90532  -15176   90264  -14630   90045
 47109  -14051   89878  -13463   89764  -12891   89702  -12356   89689
 47111  -11878   89719  -11473   89786  -11153   89883  -10927   90001
 47113  -10800   90132  -10776   90266  -10852   90395  -11024   90509
 47115  -11283   90598  -11617   90655  -12011   90672  -12443   90643
 47117  -12893   90561  -13333   90425  -13736   90232  -14072   89986
 47119  -14312   89690  -14429   89354  -14399   88988  -14205   88607
 47121  -13840   88228  -13305   87869  -12613   87547  -11789   87279
 47123  -10866   87078   -9886   86953   -8897   86908   -7946   86940
 47125   -7078   87044   -6332   87205   -5735   87407   -5307   87633
 47127   -5053   87862   -4966   88075   -5032   88254   -5224   88384
 47129   -5511   88456   -5855   88461   -6220   88397   -6567   88266
 47131   -6861   88074   -7074   87828   -7181   87540   -7166   87224
 47133   -7019   86894   -6740   86563   -6333   86247   -5811   85956
 47135   -5192   85702   -4497   85494   -3752   85335   -2980   85231
 47137   -2208   85181   -1459   85183    -756   85233    -117   85327
 47139     442   85457     908   85614    1275   85791    1538   85977
 47141    1696   86165    1753   86343    1716   86505    1596   86641
 47143    1405   86743    1160   86806     882   86823     593   86791
 47145     317   86707      81   86571     -86   86385    -158   86154
 47147    -109   85886      85   85592     441   85286     968   84984
 47149    1667   84703    2524   84463    3518   84280    4612   84168
 47151    5760   84139    6912   84195    8012   84335    9011   84548
 47153    9866   84821   10546   85132   11034   85461   11328   85784
 47155   11443   86079   11402   86330   11239   86522   10994   86648
 47157   10707   86702   10418   86686   10165   86606    9979   86470
 47159    9885   86288    9901   86075   10037   85843   10299   85606
 47161   10682   85378   11177   85170   11771   84994   12446   84857
 47163   13180   84768   13950   84729   14731   84744   15500   84811
 47165   16234   84929   16912   85093   17517   85296   18032   85532
 47167   18449   85793   18760   86068   18962   86349   19056   86626
 47169   19048   86890   18946   87132   18763   87345   18515   87522
 47171   18218   87657   17894   87746   17564   87786   17254   87776
 47173   16987   87718   16789   87614   16684   87470   16695   87294
 47175   16842   87095   17140   86888   17598   86686   18216   86506
 47177   18985   86365   19884   86279   20882   86263   21936   86327
 47179   22997   86476   24010   86709   24921   87018   25682   87387
 47181   26258   87796   26629   88221   26791   88635   26760   89015
 47183   26563   89340   26242   89597   25842   89776   25410   89876
 47185   24992   89901   24626   89858   24342   89761   24163   89622
 47187   24103   89458   24167   89282   24352   89110   24652   88954
 47189   25051   88825   25533   88732   26078   88683   26663   88682
 47191   27266   88732   27865   88833   28436   88984   28959   89181
 47193   29415   89419   29789   89692   30068   89992   30243   90310
 47195   30309   90638   30264   90964   30111   91281   29858   91579
 47197   29515   91849   29096   92085   28618   92279   28101   92428
 47199   27566   92529   27036   92579   26535   92579   26087   92533
 47201   25714   92444   25437   92320   25275   92169   25244   92001
 47203   25355   91829   25611   91666   26011   91526   26544   91425
 47205   27192   91377   27926   91392   28710   91482   29499   91650
 47207   30246   91896   30899   92213   31415   92588   31755   93002
 47209   31896   93431   31832   93849   31572   94232   31144   94557
 47211   30589   94808   29956   94974   29297   95052   28660   95048
 47213   28090   94971   27619   94836   27270   94659   27054   94459
 47215   26972   94251   27018   94053   27178   93877   27434   93734
 47217   27763   93632   28143   93578   28550   93574   28959   93621
 47219   29349   93718   29699   93863   29989   94050   30203   94273
 47221   30329   94525   30356   94799   30277   95084   30089   95373
 47223   29794   95654   29395   95920   28902   96161   28327   96370
 47225   27685   96539   26995   96662   26279   96735   25559   96758
 47227   24858   96728   24201   96649   23611   96524   23109   96359
 47229   22715   96164   22442   95947   22302   95720   22300   95495
 47231   22436   95286   22701   95107   23083   94968   23559   94883
 47233   24100   94860   24674   94906   25240   95022   25757   95208
 47235   26184   95455   26481   95752   26620   96082   26577   96423
 47237   26348   96753   25940   97048   25377   97287   24695   97452
 47239   23941   97533   23166   97525   22421   97431   21752   97262
 47241   21193   97031   20771   96756   20498   96458   20373   96154
 47243   20387   95862   20524   95597   20760   95371   21070   95191
 47245   21425   95063   21800   94989   22167   94969   22505   94999
 47247   22792   95076   23010   95193   23145   95344   23186   95519
 47249   23125   95712   22958   95911   22685   96109   22309   96295
 47251   21837   96462   21278   96600   20646   96701   19960   96760
 47253   19237   96771   18501   96731   17776   96638   17085   96493
 47255   16455   96299   15907   96061   15463   95787   15140   95486
 47257   14951   95171   14901   94853   14993   94546   15219   94263
 47259   15566   94018   16014   93820   16536   93681   17102   93606
 47261   17676   93598   18220   93657   18697   93778   19073   93951
 47263   19317   94163   19408   94398   19333   94636   19092   94857
 47265   18694   95041   18165   95171   17537   95230   16854   95210
 47267   16162   95107   15508   94923   14936   94667   14481   94351
 47269   14167   93994   14010   93614   14009   93230   14156   92861
 47271   14432   92522   14813   92224   15271   91978   15774   91788
 47273   16293   91655   16800   91580   17270   91557   17681   91581
 47275   18015   91646   18259   91743   18403   91863   18442   91997
 47277   18373   92135   18200   92268   17926   92387   17562   92483
 47279   17118   92549   16610   92577   16056   92561   15477   92497
 47281   14895   92382   14335   92216   13822   91998   13380   91734
 47283   13034   91429   12804   91091   12707   90732   12753   90364
 47285   12949   90000   13289   89655   13765   89344   14356   89079
 47287   15036   88871   15774   88728   16533   88654   17274   88650
 47289   17959   88711   18552   88828   19023   88990   19349   89181
 47291   19517   89383   19523   89579   19374   89748   19090   89875
 47293   18696   89944   18229   89945   17728   89871   17236   89722
 47295   16795   89501   16443   89216   16210   88881   16117   88512
 47297   16178   88125   16392   87739   16751   87371   17237   87036
 47299   17825   86745   18488   86508   19194   86329   19913   86210
 47301   20614   86149   21272   86143   21864   86185   22373   86267
 47303   22784   86380   23090   86515   23286   86661   23371   86810
 47305   23351   86951   23232   87075   23024   87175   22742   87242
 47307   22402   87272   22023   87257   21625   87195   21232   87084
 47309   20868   86923   20557   86714   20324   86461   20192   86171
 47311   20182   85852   20310   85516   20587   85174   21017   84843
 47313   21596   84537   22311   84270   23139   84058   24049   83909
 47315   25004   83833   25962   83831   26880   83902   27716   84038
 47317   28435   84229   29007   84458   29414   84707   29650   84957
 47319   29720   85188   29641   85382   29438   85524   29144   85603
 47321   28799   85612   28443   85548   28116   85414   27855   85218
 47323   27692   84968   27650   84679   27746   84366   27987   84045
 47325   28370   83732   28884   83443   29512   83190   30231   82984
 47327   31012   82831   31827   82738   32644   82704   33437   82727
 47329   34180   82804   34849   82927   35429   83089   35905   83280
 47331   36270   83489   36522   83708   36660   83925   36691   84131
 47333   36623   84318   36470   84478   36245   84603   35967   84689
 47335   35655   84731   35330   84726   35015   84673   34733   84573
 47337   34509   84428   34364   84242   34320   84023   34398   83778
 47339   34612   83520   34973   83260   35486   83012   36145   82793
 47341   36937   82616   37841   82496   38824   82444   39846   82467
 47343   40862   82568   41826   82745   42691   82989   43418   83286
 47345   43978   83617   44354   83962   44543   84298   44558   84604
 47347   44421   84861   44167   85056   43837   85180   43473   85228
 47349   43120   85202   42816   85109   42594   84959   42482   84765
 47351   42497   84541   42647   84304   42933   84070   43348   83852
 47353   43878   83664   44502   83517   45197   83419   45937   83375
 47355   46694   83389   47439   83460   48148   83585   48796   83760
 47357   49364   83976   49835   84227   50199   84502   50448   84792
 47359   50582   85086   50601   85374   50514   85647   50331   85896
 47361   50065   86115   49733   86296   49353   86435   48945   86528
 47363   48532   86575   48135   86575   47777   86529   47479   86440
 47365   47263   86315   47147   86160   47150   85984   47283   85797
 47367   47556   85611   47971   85441   48525   85298   49204   85199
 47369   49988   85155   50847   85177   51743   85274   52632   85448
 47371   53467   85698   54199   86014   54788   86382   55201   86783
 47373   55420   87194   55441   87590   55279   87949   54963   88249
 47375   54531   88477   54031   88624   53513   88687   53022   88673
 47377   52601   88590   52282   88452   52086   88275   52026   88077
 47379   52104   87874   52315   87683   52644   87517   53072   87388
 47381   53577   87304   54134   87273   54714   87296   55292   87375
 47383   55843   87508   56342   87690   56770   87917   57109   88180
 47385   57347   88470   57474   88779   57486   89096   57383   89411
 47387   57169   89715   56853   89998   56446   90253   55963   90473
 47389   55422   90651   54842   90784   54244   90870   53651   90908
 47391   53083   90899   52563   90846   52110   90753   51744   90627
 47393   51481   90474   51334   90305   51313   90130   51424   89959
 47395   51666   89807   52033   89684   52512   89603   53084   89576
 47397   53721   89611   54389   89716   55048   89893   55654   90140
 47399   56164   90449   56537   90808   56742   91198   56758   91596
 47401   56578   91978   56216   92319   55699   92598   55069   92798
 47403   54375   92911   53672   92933   53011   92871   52436   92736
 47405   51982   92545   51670   92316   51508   92071   51494   91827
 47407   51615   91602   51853   91410   52182   91261   52574   91164
 47409   53002   91121   53437   91135   53852   91205   54223   91325
 47411   54530   91491   54754   91696   54882   91931   54904   92187
 47413   54815   92455   54611   92725   54297   92987   53878   93231
 47415   53364   93450   52769   93636   52108   93782   51400   93884
 47417   50666   93938   49928   93943   49206   93900   48524   93809
 47419   47902   93676   47358   93506   46911   93306   46573   93085
 47421   46354   92852   46261   92620   46293   92397   46448   92197
 47423   46714   92031   47078   91908   47517   91838   48004   91828
 47425   48509   91882   48995   92002   49426   92184   49764   92420
 47427   49974   92699   50030   93003   49913   93313   49619   93606
 47429   49155   93859   48548   94052   47835   94166   47066   94192
 47431   46293   94126   45571   93972   44946   93743   44456   93454
 47433   44124   93128   43958   92785   43956   92447   44100   92132
 47435   44365   91857   44723   91631   45140   91462   45583   91353
 47437   46022   91304   46428   91312   46777   91370   47049   91472
 47439   47229   91608   47305   91771   47270   91949   47123   92134
 47441   46865   92315   46501   92483   46039   92629   45492   92745
 47443   44874   92825   44202   92863   43497   92855   42779   92798
 47445   42071   92692   41394   92537   40770   92337   40221   92096
 47447   39764   91822   39415   91523   39184   91208   39080   90888
 47449   39104   90575   39253   90280   39517   90014   39883   89788
 47451   40330   89611   40834   89489   41367   89427   41896   89427
 47453   42390   89486   42816   89601   43141   89761   43341   89954
 47455   43396   90164   43293   90374   43033   90563   42627   90711
 47457   42099   90801   41484   90818   40825   90752   40173   90600
 47459   39577   90364   39083   90056   38728   89690   38538   89287
 47461   38524   88867   38683   88454   38999   88067   39447   87722
 47463   39992   87431   40598   87202   41230   87039   41852   86939
 47465   42433   86899   42946   86912   43373   86969   43698   87059
 47467   43911   87173   44008   87300   43990   87429   43861   87551
 47469   43628   87657   43303   87737   42901   87786   42436   87796
 47471   41929   87764   41399   87685   40867   87558   40357   87383
 47473   39889   87163   39487   86899   39169   86599   38955   86269
 47475   38858   85919   38889   85559   39053   85202   39349   84858
 47477   39771   84540   40304   84259   40931   84026   41625   83848
 47479   42359   83732   43099   83678   43813   83687   44467   83753
 47481   45032   83868   45480   84021   45793   84198   45958   84381
 47483   45973   84554   45845   84699   45591   84800   45239   84842
 47485   44822   84814   44383   84710   43965   84529   43611   84275
 47487   43363   83957   43252   83590   43302   83192   43523   82783
 47489   43913   82382   44458   82009   45135   81679   45911   81406
 47491   46749   81198   47612   81056   48463   80982   49269   80970
 47493   50002   81012   50640   81100   51167   81222   51575   81366
 47495   51859   81522   52023   81678   52073   81823   52018   81950
 47497   51873   82050   51653   82115   51377   82142   51063   82126
 47499   50734   82064   50410   81956   50113   81802   49866   81605
 47501   49689   81369   49602   81100   49622   80806   49763   80496
 47503   50035   80181   50442   79873   50982   79584   51647   79327
 47505   52422   79113   53285   78954   54206   78857   55151   78826
 47507   56086   78863   56971   78965   57773   79123   58460   79327
 47509   59008   79562   59402   79812   59636   80059   59718   80284
 47511   59661   80470   59492   80604   59243   80675   58951   80675
 47513   58658   80603   58405   80461   58229   80256   58163   79999
 47515   58232   79705   58454   79390   58833   79073   59365   78771
 47517   60036   78500   60823   78275   61696   78107   62623   78001
 47519   63566   77962   64492   77989   65368   78076   66166   78217
 47521   66863   78402   67445   78620   67901   78859   68229   79106
 47523   68432   79352   68516   79584   68494   79795   68380   79976
 47525   68193   80120   67951   80224   67676   80283   67388   80297
 47527   67110   80266   66862   80190   66666   80074   66541   79923
 47529   66506   79741   66575   79538   66763   79322   67077   79104
 47531   67521   78895   68095   78708   68790   78554   69590   78447
 47533   70474   78396   71412   78409   72368   78491   73304   78643
 47535   74179   78861   74954   79137   75596   79457   76080   79804
 47537   76391   80159   76527   80502   76500   80811   76334   81071
 47539   76060   81267   75719   81391   75354   81439   75008   81413
 47541   74722   81320   74530   81170   74459   80978   74525   80760
 47543   74738   80533   75096   80313   75588   80117   76197   79959
 47545   76898   79849   77663   79795   78460   79803   79258   79873
 47547   80025   80004   80732   80190   81355   80424   81874   80698
 47549   82275   80999   82550   81316   82695   81638   82715   81954
 47551   82618   82252   82416   82525   82124   82764   81763   82963
 47553   81351   83118   80910   83228   80462   83290   80029   83307
 47555   79631   83280   79289   83215   79019   83115   78838   82988
 47557   78760   82843   78795   82687   78949   82531   79226   82387
 47559   79623   82264   80132   82175   80739   82130   81423   82139
 47561   82158   82210   82909   82347   83641   82552   84312   82822
 47563   84883   83148   85318   83517   85590   83913   85682   84312
 47565   85591   84695   85330   85037   84924   85320   84412   85530
 47567   83840   85657   83258   85699   82715   85661   82253   85553
 47569   81906   85391   81697   85191   81637   84973   81727   84755
 47571   81957   84555   82310   84387   82761   84264   83283   84193
 47573   83846   84181   84418   84229   84970   84336   85473   84498
 47575   85905   84708   86243   84960   86473   85242   86585   85544
 47577   86572   85856   86435   86167   86179   86465   85813   86741
 47579   85350   86986   84806   87194   84202   87359   83557   87478
 47581   82892   87549   82231   87571   81594   87547   81002   87481
 47583   80472   87376   80022   87240   79666   87079   79413   86903
 47585   79273   86720   79247   86541   79337   86375   79538   86232
 47587   79839   86124   80228   86058   80683   86044   81180   86087
 47589   81689   86191   82178   86358   82611   86583   82951   86860
 47591   83165   87178   83227   87519   83118   87864   82834   88190
 47593   82383   88476   81790   88701   81093   88847   80341   88905
 47595   79587   88872   78885   88752   78283   88557   77817   88305
 47597   77509   88016   77371   87712   77395   87415   77567   87144
 47599   77862   86913   78247   86735   78690   86616   79156   86560
 47601   79611   86565   80028   86629   80378   86744   80642   86903
 47603   80803   87095   80851   87312   80778   87541   80584   87773
 47605   80272   87997   79850   88202   79328   88381   78722   88526
 47607   78049   88630   77328   88689   76580   88701   75827   88664
 47609   75091   88579   74392   88449   73750   88278   73182   88072
 47611   72703   87837   72326   87582   72059   87317   71906   87050
 47613   71868   86791   71941   86551   72116   86339   72382   86164
 47615   72722   86033   73115   85953   73536   85928   73958   85960
 47617   74350   86049   74683   86190   74926   86376   75051   86595
 47619   75037   86833   74870   87072   74544   87292   74069   87474
 47621   73465   87596   72769   87643   72024   87604   71284   87474
 47623   70603   87257   70029   86963   69605   86609   69355   86217
 47625   69291   85811   69407   85415   69685   85049   70093   84731
 47627   70595   84473   71152   84281   71722   84158   72269   84100
 47629   72761   84103   73172   84157   73482   84253   73678   84380
 47631   73752   84525   73701   84678   73529   84827   73243   84963
 47633   72853   85076   72374   85158   71821   85204   71215   85207
 47635   70574   85166   69920   85077   69275   84940   68659   84758
 47637   68093   84533   67596   84271   67185   83978   66872   83661
 47639   66669   83330   66581   82994   66611   82662   66755   82347
