Nutation ephemeris from nutIAU200 for Oct 2009 - Mar 2011 IAU2000               
(1x,i5,8i8,8x,i2)                  2455117 2455676  4 -1          1.E-04
 55117  145500   44784  145661   44948  145670   45127  145522   45302
 55119  145219   45457  144775   45575  144215   45642  143570   45648
 55121  142876   45586  142173   45455  141499   45257  140888   45001
 55123  140371   44696  139967   44355  139689   43994  139543   43627
 55125  139523   43268  139619   42928  139815   42620  140091   42350
 55127  140424   42124  140791   41945  141169   41814  141536   41730
 55129  141872   41689  142159   41686  142382   41717  142529   41775
 55131  142590   41851  142558   41939  142432   42029  142210   42113
 55133  141896   42182  141497   42228  141024   42243  140492   42219
 55135  139919   42151  139326   42033  138738   41862  138183   41638
 55137  137688   41362  137281   41041  136988   40681  136831   40294
 55139  136825   39893  136977   39493  137286   39111  137740   38762
 55141  138317   38460  138987   38217  139713   38040  140453   37933
 55143  141166   37893  141811   37915  142354   37988  142766   38099
 55145  143030   38231  143137   38367  143089   38490  142898   38585
 55147  142585   38636  142179   38635  141710   38573  141215   38448
 55149  140730   38260  140287   38014  139918   37718  139647   37381
 55151  139491   37017  139460   36639  139557   36259  139777   35892
 55153  140110   35549  140538   35239  141043   34971  141601   34748
 55155  142188   34575  142781   34451  143358   34374  143897   34342
 55157  144381   34348  144794   34386  145127   34450  145369   34532
 55159  145518   34622  145570   34713  145528   34796  145399   34863
 55161  145189   34906  144912   34918  144583   34892  144219   34822
 55163  143842   34706  143477   34540  143148   34325  142884   34061
 55165  142712   33755  142656   33414  142739   33048  142978   32671
 55167  143381   32298  143946   31946  144662   31632  145504   31372
 55169  146440   31176  147426   31055  148414   31009  149358   31036
 55171  150211   31128  150936   31270  151507   31446  151908   31636
 55173  152136   31822  152204   31985  152130   32110  151942   32185
 55175  151676   32202  151366   32157  151048   32051  150758   31887
 55177  150525   31672  150375   31415  150325   31128  150390   30823
 55179  150574   30513  150877   30209  151292   29923  151807   29666
 55181  152406   29445  153069   29268  153773   29138  154496   29057
 55183  155215   29025  155908   29041  156555   29099  157139   29195
 55185  157644   29322  158061   29471  158383   29636  158605   29806
 55187  158728   29975  158757   30132  158698   30271  158561   30384
 55189  158361   30465  158113   30508  157836   30509  157551   30465
 55191  157280   30375  157049   30239  156881   30060  156801   29842
 55193  156834   29593  156998   29324  157310   29045  157779   28771
 55195  158406   28519  159181   28304  160082   28142  161079   28045
 55197  162128   28024  163182   28081  164187   28215  165094   28416
 55199  165860   28670  166454   28958  166859   29257  167074   29546
 55201  167113   29804  167003   30015  166779   30168  166481   30254
 55203  166150   30273  165827   30228  165546   30126  165335   29977
 55205  165216   29792  165204   29584  165305   29366  165520   29151
 55207  165845   28950  166268   28773  166775   28629  167349   28525
 55209  167969   28465  168615   28452  169264   28487  169896   28569
 55211  170489   28695  171026   28861  171491   29060  171870   29286
 55213  172154   29531  172338   29786  172418   30042  172398   30292
 55215  172282   30526  172079   30738  171802   30920  171465   31066
 55217  171086   31172  170684   31236  170281   31254  169898   31228
 55219  169559   31158  169285   31049  169098   30906  169018   30737
 55221  169061   30551  169239   30359  169560   30174  170024   30011
 55223  170621   29882  171335   29803  172137   29784  172991   29835
 55225  173852   29960  174672   30159  175402   30423  175996   30741
 55227  176420   31092  176652   31456  176687   31808  176537   32126
 55229  176230   32392  175803   32590  175301   32715  174772   32765
 55231  174260   32745  173803   32664  173430   32534  173163   32369
 55233  173011   32186  172979   31997  173061   31817  173249   31656
 55235  173526   31525  173875   31432  174277   31380  174709   31374
 55237  175151   31414  175581   31501  175980   31631  176329   31801
 55239  176612   32006  176815   32239  176929   32493  176944   32760
 55241  176857   33032  176668   33299  176380   33554  175999   33789
 55243  175537   33995  175007   34167  174425   34300  173810   34389
 55245  173183   34432  172566   34430  171980   34382  171448   34293
 55247  170990   34168  170624   34012  170367   33835  170230   33646
 55249  170222   33457  170345   33279  170594   33125  170959   33006
 55251  171421   32934  171954   32919  172528   32967  173102   33080
 55253  173635   33259  174085   33496  174413   33780  174585   34095
 55255  174581   34420  174393   34734  174028   35015  173510   35242
 55257  172874   35402  172166   35485  171433   35488  170723   35415
 55259  170077   35277  169529   35086  169099   34859  168800   34613
 55261  168632   34363  168587   34126  168651   33913  168805   33734
 55263  169027   33596  169293   33503  169580   33458  169865   33460
 55265  170127   33508  170348   33597  170509   33722  170597   33878
 55267  170601   34058  170511   34253  170324   34456  170037   34658
 55269  169652   34851  169174   35027  168611   35178  167975   35297
 55271  167281   35378  166547   35416  165793   35408  165040   35353
 55273  164311   35251  163629   35105  163014   34918  162488   34697
 55275  162065   34451  161760   34189  161581   33921  161529   33660
 55277  161603   33417  161792   33204  162081   33030  162448   32906
 55279  162866   32837  163302   32828  163722   32878  164090   32986
 55281  164371   33142  164533   33335  164552   33551  164411   33772
 55283  164108   33978  163650   34151  163058   34272  162365   34329
 55285  161610   34312  160839   34217  160098   34049  159428   33814
 55287  158862   33527  158425   33202  158128   32858  157972   32512
 55289  157951   32180  158046   31875  158237   31607  158497   31384
 55291  158801   31211  159121   31088  159433   31015  159715   30987
 55293  159947   31002  160112   31051  160199   31129  160196   31227
 55295  160099   31338  159904   31452  159611   31563  159226   31661
 55297  158753   31739  158205   31789  157593   31805  156934   31781
 55299  156246   31714  155550   31601  154868   31440  154224   31233
 55301  153640   30982  153138   30694  152738   30376  152455   30036
 55303  152300   29687  152279   29339  152390   29005  152625   28697
 55305  152969   28427  153400   28204  153893   28036  154415   27926
 55307  154931   27876  155409   27883  155814   27941  156116   28040
 55309  156293   28167  156327   28306  156211   28442  155949   28556
 55311  155554   28633  155048   28659  154464   28623  153839   28519
 55313  153214   28343  152628   28101  152121   27799  151721   27450
 55315  151451   27069  151324   26671  151340   26273  151492   25892
 55317  151764   25539  152134   25227  152574   24963  153058   24750
 55319  153555   24591  154042   24483  154492   24423  154886   24406
 55321  155207   24424  155443   24469  155586   24533  155630   24608
 55323  155576   24685  155424   24755  155182   24811  154858   24845
 55325  154463   24849  154013   24820  153523   24750  153013   24638
 55327  152504   24480  152018   24277  151578   24030  151207   23742
 55329  150928   23420  150759   23070  150715   22704  150808   22333
 55331  151040   21968  151410   21625  151904   21315  152505   21050
 55333  153185   20840  153912   20691  154650   20606  155360   20584
 55335  156007   20618  156556   20700  156982   20816  157266   20952
 55337  157399   21092  157383   21217  157227   21313  156954   21366
 55339  156591   21364  156171   21301  155731   21173  155310   20981
 55341  154943   20731  154661   20430  154489   20092  154445   19730
 55343  154538   19359  154768   18993  155125   18648  155594   18334
 55345  156154   18063  156779   17840  157441   17671  158112   17555
 55347  158767   17491  159379   17476  159930   17503  160402   17565
 55349  160784   17653  161066   17759  161247   17873  161325   17987
 55351  161306   18093  161196   18182  161006   18248  160749   18283
 55353  160440   18284  160098   18245  159741   18165  159391   18041
 55355  159068   17874  158796   17665  158596   17420  158490   17143
 55357  158496   16842  158629   16528  158899   16211  159310   15906
 55359  159859   15624  160534   15381  161313   15187  162168   15053
 55361  163062   14984  163955   14984  164805   15050  165571   15173
 55363  166219   15343  166721   15544  167063   15757  167239   15966
 55365  167259   16150  167141   16296  166913   16390  166609   16425
 55367  166267   16395  165925   16301  165618   16148  165380   15944
 55369  165237   15699  165207   15425  165302   15137  165526   14849
 55371  165874   14574  166335   14324  166893   14109  167527   13939
 55373  168211   13818  168920   13749  169628   13733  170309   13766
 55375  170941   13846  171504   13966  171983   14117  172367   14293
 55377  172647   14484  172822   14680  172893   14873  172865   15054
 55379  172747   15216  172550   15353  172290   15457  171982   15525
 55381  171645   15553  171297   15540  170961   15485  170656   15389
 55383  170404   15255  170224   15086  170137   14889  170159   14672
 55385  170303   14444  170580   14217  170991   14001  171535   13811
 55387  172200   13659  172966   13557  173805   13516  174681   13540
 55389  175553   13634  176375   13795  177106   14015  177706   14280
 55391  178148   14575  178414   14878  178503   15169  178425   15430
 55393  178206   15642  177878   15793  177484   15878  177065   15892
 55395  176662   15841  176313   15731  176047   15574  175887   15382
 55397  175846   15170  175929   14952  176135   14742  176454   14552
 55399  176871   14394  177366   14275  177919   14201  178505   14177
 55401  179098   14204  179676   14280  180214   14402  180694   14566
 55403  181098   14766  181412   14993  181627   15238  181737   15494
 55405  181740   15752  181641   16001  181444   16236  181160   16447
 55407  180801   16628  180384   16775  179925   16884  179443   16952
 55409  178957   16978  178489   16962  178058   16906  177683   16815
 55411  177383   16692  177175   16545  177072   16381  177086   16209
 55413  177224   16041  177486   15885  177870   15756  178363   15663
 55415  178949   15619  179601   15631  180286   15706  180966   15846
 55417  181599   16051  182143   16311  182559   16617  182816   16949
 55419  182896   17289  182795   17614  182523   17903  182106   18139
 55421  181582   18307  180995   18400  180393   18417  179821   18364
 55423  179318   18249  178914   18087  178629   17894  178474   17685
 55425  178448   17477  178544   17284  178746   17117  179035   16987
 55427  179389   16901  179783   16862  180192   16873  180592   16933
 55429  180962   17040  181280   17189  181529   17374  181695   17588
 55431  181767   17824  181738   18073  181604   18327  181367   18576
 55433  181030   18813  180602   19029  180093   19219  179518   19375
 55435  178892   19493  178234   19571  177563   19606  176899   19598
 55437  176262   19548  175671   19461  175145   19339  174700   19189
 55439  174350   19018  174105   18835  173974   18648  173960   18468
 55441  174060   18305  174269   18169  174573   18070  174955   18017
 55443  175390   18017  175848   18074  176296   18191  176696   18364
 55445  177013   18588  177210   18851  177260   19137  177146   19429
 55447  176860   19705  176412   19945  175825   20130  175134   20246
 55449  174386   20283  173628   20241  172910   20123  172272   19941
 55451  171749   19710  171361   19446  171115   19169  171009   18897
 55453  171031   18644  171161   18424  171374   18245  171644   18114
 55455  171943   18034  172244   18006  172523   18025  172758   18090
 55457  172930   18193  173024   18328  173029   18487  172937   18663
 55459  172743   18846  172448   19028  172053   19200  171566   19355
 55461  170996   19486  170355   19586  169659   19649  168923   19673
 55463  168168   19654  167413   19592  166677   19487  165982   19341
 55465  165345   19158  164785   18944  164316   18705  163950   18450
 55467  163694   18187  163553   17927  163526   17679  163606   17453
 55469  163784   17258  164043   17103  164362   16994  164718   16937
 55471  165080   16934  165419   16983  165703   17083  165900   17224
 55473  165985   17396  165934   17585  165734   17775  165383   17947
 55475  164889   18082  164273   18165  163568   18181  162815   18122
 55477  162061   17985  161353   17773  160733   17497  160236   17171
 55479  159883   16812  159685   16440  159639   16074  159730   15731
 55481  159937   15423  160230   15162  160580   14953  160955   14799
 55483  161325   14698  161663   14649  161948   14643  162161   14676
 55485  162288   14739  162320   14822  162251   14918  162080   15017
 55487  161809   15111  161445   15191  160994   15252  160469   15285
 55489  159884   15285  159254   15248  158597   15170  157932   15049
 55491  157280   14886  156661   14681  156094   14437  155599   14158
 55493  155192   13852  154888   13526  154695   13188  154620   12849
 55495  154664   12519  154823   12207  155085   11925  155437   11681
 55497  155856   11481  156320   11332  156801   11236  157269   11193
 55499  157694   11200  158048   11250  158305   11335  158444   11442
 55501  158452   11558  158322   11667  158058   11753  157672   11802
 55503  157187   11798  156634   11732  156051   11596  155480   11390
 55505  154961   11117  154535   10785  154233   10407  154077   10000
 55507  154077    9582  154231    9172  154528    8785  154945    8437
 55509  155454    8137  156020    7893  156612    7707  157197    7578
 55511  157746    7502  158235    7472  158645    7482  158961    7521
 55513  159175    7580  159284    7649  159288    7720  159191    7783
 55515  159002    7831  158731    7856  158391    7853  157998    7817
 55517  157567    7743  157119    7629  156671    7474  156245    7278
 55519  155859    7043  155535    6772  155290    6470  155140    6144
 55521  155099    5803  155176    5454  155377    5109  155700    4779
 55523  156139    4475  156681    4206  157305    3982  157989    3809
 55525  158703    3692  159415    3632  160093    3627  160706    3671
 55527  161227    3755  161632    3868  161907    3996  162043    4123
 55529  162043    4236  161917    4319  161685    4358  161373    4344
 55531  161013    4269  160644    4131  160301    3929  160023    3670
 55533  159840    3362  159780    3018  159859    2653  160086    2283
 55535  160458    1924  160964    1592  161582    1299  162286    1056
 55537  163046     869  163827     740  164599     669  165331     652
 55539  165999     683  166582     753  167066     852  167442     972
 55541  167707    1100  167862    1229  167913    1348  167869    1451
 55543  167743    1529  167550    1578  167305    1592  167028    1570
 55545  166736    1508  166449    1407  166187    1267  165969    1091
 55547  165813     882  165738     646  165758     389  165887     119
 55549  166133    -154  166502    -421  166992    -670  167596    -890
 55551  168301   -1071  169086   -1203  169925   -1280  170786   -1296
 55553  171634   -1253  172432   -1152  173147   -1001  173749    -811
 55555  174214    -596  174531    -372  174696    -156  174716      36
 55557  174611     188  174406     290  174134     332  173832     312
 55559  173538     229  173287      89  173113    -102  173041    -332
 55561  173091    -587  173273    -854  173590   -1117  174036   -1362
 55563  174596   -1577  175250   -1750  175973   -1873  176737   -1943
 55565  177511   -1956  178266   -1914  178976   -1822  179616   -1684
 55567  180167   -1510  180615   -1309  180952   -1090  181175    -864
 55569  181285    -641  181288    -429  181196    -237  181021     -72
 55571  180778      62  180487     160  180164     220  179829     241
 55573  179502     222  179201     166  178945      75  178752     -45
 55575  178636    -191  178612    -355  178691    -530  178881    -707
 55577  179185    -875  179604   -1026  180130   -1147  180752   -1231
 55579  181451   -1267  182200   -1248  182969   -1169  183723   -1030
 55581  184425    -834  185036    -587  185525    -301  185867       7
 55583  186047     321  186062     622  185923     890  185652    1111
 55585  185282    1271  184853    1364  184406    1388  183984    1346
 55587  183622    1247  183352    1100  183196     920  183167     723
 55589  183268     524  183495     336  183836     174  184272      47
 55591  184781     -35  185338     -68  185914     -48  186483      24
 55593  187018     147  187497     314  187900     520  188209     757
 55595  188414    1015  188509    1285  188490    1557  188362    1822
 55597  188130    2072  187806    2299  187404    2495  186940    2658
 55599  186431    2782  185897    2866  185357    2909  184830    2913
 55601  184334    2880  183887    2813  183505    2717  183202    2599
 55603  182988    2464  182873    2321  182862    2178  182958    2045
 55605  183158    1929  183455    1841  183837    1790  184288    1782
 55607  184784    1825  185299    1922  185799    2076  186250    2283
 55609  186618    2537  186870    2828  186979    3141  186928    3458
 55611  186712    3760  186340    4027  185835    4241  185230    4389
 55613  184568    4462  183898    4458  183265    4383  182709    4246
 55615  182264    4060  181950    3844  181775    3614  181739    3389
 55617  181830    3182  182028    3008  182311    2876  182650    2792
 55619  183018    2759  183387    2779  183730    2848  184025    2963
 55621  184250    3117  184391    3304  184434    3513  184373    3738
 55623  184203    3967  183926    4193  183546    4407  183072    4601
 55625  182516    4767  181892    4901  181216    4997  180506    5054
 55627  179782    5069  179063    5044  178368    4978  177714    4876
 55629  177117    4742  176593    4582  176152    4401  175805    4208
 55631  175557    4010  175411    3815  175366    3633  175416    3470
 55633  175553    3337  175765    3239  176032    3183  176334    3174
 55635  176647    3215  176941    3305  177188    3443  177356    3622
 55637  177419    3832  177353    4061  177143    4292  176781    4508
 55639  176275    4689  175645    4819  174921    4882  174145    4870
 55641  173366    4778  172632    4611  171988    4378  171468    4094
 55643  171097    3778  170882    3449  170820    3128  170895    2832
 55645  171083    2574  171354    2363  171675    2207  172014    2107
 55647  172340    2060  172625    2064  172847    2112  172989    2196
 55649  173036    2307  172980    2436  172818    2575  172550    2712
 55651  172179    2841  171714    2953  171165    3041  170545    3099
 55653  169870    3122  169156    3107  168423    3052  167689    2955
 55655  166972    2819  166291    2645  165664    2436  165105    2199
 55657  164628    1938  164243    1662  163957    1377  163774    1093
 55659  163694     818  163712     560  163819     327  164005     126
 55661  164252     -36  164542    -155  164852    -228  165159    -253
 55663  165436    -234  165657    -173  165798     -78  165837      42
 55665  165756     175  165545     306  165201     419  164732     498
 55667  164155     528  163501     496  162807     392  162117     214
 55669  161477     -37  160931    -353  160515    -718  160255   -1117
 55671  160162   -1527  160233   -1929  160452   -2304  160794   -2637
 55673  161224   -2917  161706   -3137  162202   -3297  162677   -3399
 55675  163103   -3448  163454   -3452  163713   -3420  163868   -3362
