Nutation ephemeris from nutIAU200 for Oct 1988 - Mar 1990 IAU2000               
(1x,i5,8i8,8x,i2)                  2447447 2448006  4 -1          1.E-04
 47447   39764   91822   39415   91523   39184   91208   39080   90888
 47449   39104   90575   39253   90280   39517   90014   39883   89788
 47451   40330   89611   40834   89489   41367   89427   41896   89427
 47453   42390   89486   42816   89601   43141   89761   43341   89954
 47455   43396   90164   43293   90374   43033   90563   42627   90711
 47457   42099   90801   41484   90818   40825   90752   40173   90600
 47459   39577   90364   39083   90056   38728   89690   38538   89287
 47461   38524   88867   38683   88454   38999   88067   39447   87722
 47463   39992   87431   40598   87202   41230   87039   41852   86939
 47465   42433   86899   42946   86912   43373   86969   43698   87059
 47467   43911   87173   44008   87300   43990   87429   43861   87551
 47469   43628   87657   43303   87737   42901   87786   42436   87796
 47471   41929   87764   41399   87685   40867   87558   40357   87383
 47473   39889   87163   39487   86899   39169   86599   38955   86269
 47475   38858   85919   38889   85559   39053   85202   39349   84858
 47477   39771   84540   40304   84259   40931   84026   41625   83848
 47479   42359   83732   43099   83678   43813   83687   44467   83753
 47481   45032   83868   45480   84021   45793   84198   45958   84381
 47483   45973   84554   45845   84699   45591   84800   45239   84842
 47485   44822   84814   44383   84710   43965   84529   43611   84275
 47487   43363   83957   43252   83590   43302   83192   43523   82783
 47489   43913   82382   44458   82009   45135   81679   45911   81406
 47491   46749   81198   47612   81056   48463   80982   49269   80970
 47493   50002   81012   50640   81100   51167   81222   51575   81366
 47495   51859   81522   52023   81678   52073   81823   52018   81950
 47497   51873   82050   51653   82115   51377   82142   51063   82126
 47499   50734   82064   50410   81956   50113   81802   49866   81605
 47501   49689   81369   49602   81100   49622   80806   49763   80496
 47503   50035   80181   50442   79873   50982   79584   51647   79327
 47505   52422   79113   53285   78954   54206   78857   55151   78826
 47507   56086   78863   56971   78965   57773   79123   58460   79327
 47509   59008   79562   59402   79812   59636   80059   59718   80284
 47511   59661   80470   59492   80604   59243   80675   58951   80675
 47513   58658   80603   58405   80461   58229   80256   58163   79999
 47515   58232   79705   58454   79390   58833   79073   59365   78771
 47517   60036   78500   60823   78275   61696   78107   62623   78001
 47519   63566   77962   64492   77989   65368   78076   66166   78217
 47521   66863   78402   67445   78620   67901   78859   68229   79106
 47523   68432   79352   68516   79584   68494   79795   68380   79976
 47525   68193   80120   67951   80224   67676   80283   67388   80297
 47527   67110   80266   66862   80190   66666   80074   66541   79923
 47529   66506   79741   66575   79538   66763   79322   67077   79104
 47531   67521   78895   68095   78708   68790   78554   69590   78447
 47533   70474   78396   71412   78409   72368   78491   73304   78643
 47535   74179   78861   74954   79137   75596   79457   76080   79804
 47537   76391   80159   76527   80502   76500   80811   76334   81071
 47539   76060   81267   75719   81391   75354   81439   75008   81413
 47541   74722   81320   74530   81170   74459   80978   74525   80760
 47543   74738   80533   75096   80313   75588   80117   76197   79959
 47545   76898   79849   77663   79795   78460   79803   79258   79873
 47547   80025   80004   80732   80190   81355   80424   81874   80698
 47549   82275   80999   82550   81316   82695   81638   82715   81954
 47551   82618   82252   82416   82525   82124   82764   81763   82963
 47553   81351   83118   80910   83228   80462   83290   80029   83307
 47555   79631   83280   79289   83215   79019   83115   78838   82988
 47557   78760   82843   78795   82687   78949   82531   79226   82387
 47559   79623   82264   80132   82175   80739   82130   81423   82139
 47561   82158   82210   82909   82347   83641   82552   84312   82822
 47563   84883   83148   85318   83517   85590   83913   85682   84312
 47565   85591   84695   85330   85037   84924   85320   84412   85530
 47567   83840   85657   83258   85699   82715   85661   82253   85553
 47569   81906   85391   81697   85191   81637   84973   81727   84755
 47571   81957   84555   82310   84387   82761   84264   83283   84193
 47573   83846   84181   84418   84229   84970   84336   85473   84498
 47575   85905   84708   86243   84960   86473   85242   86585   85544
 47577   86572   85856   86435   86167   86179   86465   85813   86741
 47579   85350   86986   84806   87194   84202   87359   83557   87478
 47581   82892   87549   82231   87571   81594   87547   81002   87481
 47583   80472   87376   80022   87240   79666   87079   79413   86903
 47585   79273   86720   79247   86541   79337   86375   79538   86232
 47587   79839   86124   80228   86058   80683   86044   81180   86087
 47589   81689   86191   82178   86358   82611   86583   82951   86860
 47591   83165   87178   83227   87519   83118   87864   82834   88190
 47593   82383   88476   81790   88701   81093   88847   80341   88905
 47595   79587   88872   78885   88752   78283   88557   77817   88305
 47597   77509   88016   77371   87712   77395   87415   77567   87144
 47599   77862   86913   78247   86735   78690   86616   79156   86560
 47601   79611   86565   80028   86629   80378   86744   80642   86903
 47603   80803   87095   80851   87312   80778   87541   80584   87773
 47605   80272   87997   79850   88202   79328   88381   78722   88526
 47607   78049   88630   77328   88689   76580   88701   75827   88664
 47609   75091   88579   74392   88449   73750   88278   73182   88072
 47611   72703   87837   72326   87582   72059   87317   71906   87050
 47613   71868   86791   71941   86551   72116   86339   72382   86164
 47615   72722   86033   73115   85953   73536   85928   73958   85960
 47617   74350   86049   74683   86190   74926   86376   75051   86595
 47619   75037   86833   74870   87072   74544   87292   74069   87474
 47621   73465   87596   72769   87643   72024   87604   71284   87474
 47623   70603   87257   70029   86963   69605   86609   69355   86217
 47625   69291   85811   69407   85415   69685   85049   70093   84731
 47627   70595   84473   71152   84281   71722   84158   72269   84100
 47629   72761   84103   73172   84157   73482   84253   73678   84380
 47631   73752   84525   73701   84678   73529   84827   73243   84963
 47633   72853   85076   72374   85158   71821   85204   71215   85207
 47635   70574   85166   69920   85077   69275   84940   68659   84758
 47637   68093   84533   67596   84271   67185   83978   66872   83661
 47639   66669   83330   66581   82994   66611   82662   66755   82347
 47641   67008   82056   67357   81799   67786   81585   68275   81419
 47643   68801   81307   69337   81251   69856   81250   70330   81301
 47645   70731   81398   71034   81533   71219   81694   71268   81866
 47647   71176   82032   70942   82176   70578   82279   70108   82326
 47649   69562   82302   68984   82198   68419   82011   67919   81743
 47651   67529   81403   67289   81008   67227   80576   67355   80132
 47653   67670   79698   68154   79297   68777   78947   69500   78660
 47655   70279   78446   71069   78305   71831   78234   72528   78227
 47657   73132   78274   73623   78362   73988   78480   74220   78614
 47659   74321   78752   74297   78882   74158   78994   73917   79081
 47661   73593   79133   73203   79147   72768   79117   72309   79042
 47663   71847   78921   71405   78755   71001   78545   70657   78297
 47665   70390   78015   70216   77707   70146   77381   70191   77046
 47667   70354   76712   70636   76390   71033   76089   71533   75820
 47669   72123   75592   72783   75412   73490   75286   74216   75217
 47671   74933   75206   75612   75250   76225   75343   76746   75479
 47673   77154   75644   77432   75827   77572   76011   77572   76182
 47675   77442   76322   77198   76417   76867   76454   76482   76422
 47677   76084   76316   75715   76135   75419   75882   75236   75569
 47679   75201   75208   75336   74820   75652   74424   76147   74042
 47681   76804   73695   77596   73399   78484   73168   79427   73009
 47683   80381   72925   81302   72914   82155   72967   82908   73074
 47685   83540   73224   84037   73402   84394   73595   84612   73789
 47687   84700   73972   84669   74134   84537   74267   84322   74363
 47689   84045   74418   83729   74428   83395   74392   83065   74311
 47691   82761   74186   82503   74021   82309   73820   82196   73589
 47693   82179   73336   82269   73069   82473   72799   82796   72533
 47695   83236   72284   83787   72062   84438   71876   85171   71736
 47697   85966   71648   86796   71618   87631   71649   88440   71739
 47699   89193   71884   89858   72078   90412   72308   90834   72563
 47701   91111   72826   91241   73081   91230   73312   91092   73503
 47703   90852   73640   90543   73714   90200   73717   89864   73649
 47705   89577   73511   89376   73312   89296   73062   89361   72777
 47707   89588   72475   89983   72175   90537   71895   91236   71654
 47709   92050   71465   92946   71340   93884   71286   94823   71303
 47711   95725   71389   96554   71537   97280   71738   97882   71977
 47713   98346   72243   98666   72520   98845   72796   98891   73058
 47715   98818   73296   98643   73500   98386   73666   98071   73787
 47717   97720   73862   97356   73889   97002   73871   96678   73810
 47719   96404   73710   96198   73576   96075   73416   96048   73237
 47721   96127   73047   96318   72856   96624   72673   97042   72510
 47723   97567   72375   98185   72279   98880   72230   99630   72236
 47725  100407   72301  101181   72427  101920   72613  102589   72854
 47727  103158   73141  103599   73462  103895   73802  104033   74143
 47729  104014   74467  103848   74757  103558   74996  103175   75171
 47731  102736   75276  102283   75305  101860   75260  101506   75150
 47733  101256   74983  101138   74776  101169   74545  101358   74309
 47735  101701   74084  102186   73889  102790   73738  103486   73642
 47737  104239   73610  105014   73644  105773   73746  106482   73910
 47739  107110   74129  107632   74395  108029   74693  108289   75012
 47741  108408   75338  108389   75658  108241   75960  107977   76234
 47743  107617   76472  107180   76668  106690   76817  106170   76917
 47745  105644   76969  105133   76975  104658   76938  104239   76863
 47747  103891   76756  103629   76624  103463   76476  103402   76319
 47749  103449   76164  103606   76020  103869   75896  104231   75802
 47751  104680   75746  105199   75737  105766   75781  106357   75882
 47753  106940   76043  107484   76261  107957   76532  108327   76848
 47755  108566   77194  108654   77557  108579   77916  108343   78252
 47757  107957   78545  107448   78780  106852   78942  106211   79024
 47759  105574   79024  104987   78947  104492   78802  104122   78605
 47761  103902   78374  103842   78127  103941   77885  104189   77667
 47763  104564   77486  105039   77357  105581   77287  106155   77282
 47765  106726   77341  107260   77463  107728   77640  108103   77865
 47767  108366   78127  108503   78414  108506   78713  108374   79013
 47769  108112   79301  107730   79567  107244   79800  106671   79994
 47771  106032   80144  105351   80244  104650   80296  103952   80298
 47773  103279   80254  102651   80168  102086   80045  101599   79893
 47775  101202   79718  100904   79529  100711   79336  100624   79147
 47777  100643   78970  100761   78817  100970   78693  101257   78608
 47779  101605   78569  101994   78579  102400   78644  102795   78763
 47781  103151   78936  103437   79157  103626   79419  103690   79709
 47783  103611   80012  103376   80309  102985   80582  102450   80811
 47785  101796   80976  101059   81065  100286   81068   99529   80983
 47787   98838   80816   98259   80579   97828   80288   97567   79966
 47789   97484   79634   97572   79315   97812   79029   98175   78790
 47791   98626   78611   99125   78498   99636   78452  100120   78471
 47793  100547   78549  100888   78678  101123   78848  101237   79047
 47795  101222   79263  101075   79483  100800   79696  100405   79891
 47797   99902   80058   99309   80190   98644   80280   97928   80323
 47799   97183   80318   96433   80264   95699   80162   95003   80015
 47801   94363   79828   93795   79608   93315   79361   92931   79096
 47803   92651   78821   92478   78546   92411   78279   92446   78030
 47805   92575   77806   92787   77616   93066   77466   93396   77361
 47807   93755   77305   94121   77300   94469   77345   94773   77439
 47809   95008   77575   95149   77745   95174   77939   95068   78143
 47811   94822   78339   94435   78510   93917   78638   93293   78706
 47813   92595   78699   91869   78607   91165   78428   90535   78165
 47815   90028   77830   89683   77440   89526   77018   89565   76588
 47817   89792   76175   90184   75801   90706   75483   91315   75233
 47819   91965   75056   92612   74952   93216   74917   93743   74943
 47821   94166   75017   94468   75128   94637   75263   94670   75408
 47823   94570   75550   94345   75679   94008   75784   93573   75858
 47825   93061   75893   92491   75884   91886   75829   91268   75726
 47827   90658   75576   90078   75381   89547   75144   89084   74873
 47829   88704   74572   88418   74250   88235   73915   88161   73576
 47831   88196   73243   88337   72924   88577   72628   88905   72364
 47833   89308   72138   89767   71955   90263   71820   90775   71735
 47835   91278   71700   91749   71712   92165   71768   92503   71862
 47837   92744   71983   92872   72121   92877   72262   92754   72393
 47839   92506   72496   92147   72557   91699   72561   91193   72496
 47841   90670   72354   90175   72131   89757   71830   89462   71461
 47843   89330   71040   89388   70587   89648   70127   90107   69684
 47845   90741   69282   91516   68940   92386   68670   93299   68480
 47847   94207   68370   95064   68333   95830   68361   96478   68440
 47849   96989   68555   97353   68692   97570   68834   97647   68970
 47851   97596   69088   97433   69177   97179   69231   96854   69243
 47853   96482   69210   96086   69131   95687   69006   95309   68835
 47855   94970   68624   94690   68376   94485   68098   94368   67796
 47857   94350   67478   94439   67154   94637   66832   94943   66522
 47859   95353   66232   95858   65972   96444   65749   97095   65569
 47861   97791   65437   98509   65357   99225   65328   99916   65350
 47863  100555   65419  101122   65528  101595   65669  101960   65831
 47865  102205   66003  102325   66171  102322   66321  102206   66438
 47867  101994   66511  101710   66527  101386   66477  101060   66357
 47869  100773   66166  100567   65907  100481   65590  100551   65230
 47871  100799   64844  101238   64454  101866   64083  102665   63752
 47873  103602   63479  104637   63279  105719   63159  106798   63120
 47875  107826   63159  108761   63264  109571   63422  110233   63619
 47877  110738   63836  111084   64058  111280   64270  111341   64461
 47879  111285   64619  111136   64737  110919   64811  110657   64838
 47881  110377   64818  110101   64751  109851   64641  109648   64492
 47883  109507   64310  109445   64101  109473   63874  109600   63636
 47885  109831   63395  110169   63162  110611   62945  111151   62754
 47887  111779   62595  112481   62478  113238   62408  114029   62388
 47889  114830   62423  115614   62511  116355   62650  117028   62835
 47891  117609   63058  118079   63307  118424   63572  118638   63838
 47893  118719   64091  118675   64317  118523   64502  118285   64635
 47895  117990   64707  117674   64714  117373   64652  117126   64526
 47897  116970   64342  116936   64110  117052   63846  117333   63567
 47899  117786   63293  118406   63042  119173   62832  120060   62679
 47901  121029   62596  122037   62587  123038   62656  123986   62797
 47903  124843   63002  125575   63259  126160   63552  126586   63864
 47905  126850   64180  126960   64484  126930   64763  126779   65006
 47907  126534   65206  126220   65358  125863   65459  125490   65511
 47909  125125   65514  124791   65473  124506   65395  124289   65284
 47911  124151   65148  124104   64996  124155   64837  124307   64678
 47913  124561   64529  124913   64398  125356   64294  125880   64225
 47915  126470   64198  127107   64218  127771   64289  128436   64414
 47917  129076   64592  129664   64820  130174   65091  130580   65398
 47919  130864   65728  131012   66067  131017   66401  130883   66713
 47921  130620   66988  130251   67212  129804   67376  129314   67471
 47923  128820   67494  128361   67449  127977   67340  127700   67179
 47925  127557   66980  127566   66759  127735   66534  128061   66323
 47927  128532   66144  129124   66011  129809   65937  130549   65928
 47929  131305   65990  132038   66121  132709   66317  133285   66568
 47931  133738   66863  134049   67187  134207   67525  134211   67863
 47933  134067   68185  133789   68479  133397   68735  132915   68945
 47935  132368   69104  131785   69210  131190   69264  130610   69268
 47937  130066   69227  129579   69147  129163   69035  128831   68899
 47939  128593   68749  128453   68592  128413   68438  128472   68296
 47941  128624   68173  128862   68077  129174   68017  129545   67997
 47943  129957   68023  130390   68097  130821   68223  131224   68398
 47945  131573   68621  131844   68884  132012   69179  132057   69495
 47947  131966   69816  131731   70128  131356   70413  130853   70655
 47949  130246   70839  129568   70954  128859   70993  128162   70954
 47951  127522   70841  126978   70663  126565   70435  126305   70174
 47953  126211   69900  126283   69632  126507   69389  126864   69187
 47955  127322   69039  127847   68954  128400   68936  128943   68986
 47957  129440   69099  129858   69268  130170   69483  130356   69731
 47959  130403   70000  130305   70275  130065   70542  129691   70788
 47961  129198   71003  128605   71177  127937   71304  127217   71379
 47963  126471   71401  125726   71371  125006   71292  124331   71169
 47965  123721   71007  123190   70816  122750   70603  122408   70377
 47967  122168   70147  122029   69923  121988   69712  122037   69524
 47969  122168   69364  122366   69240  122617   69157  122902   69118
 47971  123202   69126  123495   69181  123758   69282  123968   69426
 47973  124103   69607  124140   69816  124062   70043  123857   70273
 47975  123517   70492  123045   70683  122455   70830  121767   70917
 47977  121016   70933  120241   70870  119491   70725  118812   70502
 47979  118249   70212  117837   69871  117602   69499  117551   69119
 47981  117681   68753  117972   68421  118393   68141  118906   67924
 47983  119469   67778  120038   67704  120573   67698  121037   67753
 47985  121402   67859  121645   68004  121753   68175  121719   68356
 47987  121545   68535  121238   68698  120810   68836  120279   68938
 47989  119667   68997  118996   69008  118290   68969  117575   68878
 47991  116875   68738  116212   68553  115605   68326  115072   68067
 47993  114627   67781  114278   67477  114032   67166  113890   66855
 47995  113850   66554  113907   66271  114052   66014  114272   65789
 47997  114553   65602  114878   65457  115228   65357  115583   65304
 47999  115923   65295  116227   65330  116472   65403  116641   65509
 48001  116716   65638  116682   65780  116530   65923  116256   66053
 48003  115864   66155  115367   66214  114785   66217  114150   66151
 48005  113500   66008  112880   65787  112339   65488  111922   65123
