Nutation ephemeris from nutIAU200 for Oct 1990 - Mar 1992 IAU2000               
(1x,i5,8i8,8x,i2)                  2448177 2448736  4 -1          1.E-04
 48177  135554   55158  135636   55323  135569   55493  135357   55654
 48179  135009   55792  134544   55896  133982   55957  133349   55969
 48181  132672   55927  131978   55831  131295   55683  130648   55486
 48183  130057   55246  129542   54970  129117   54668  128791   54349
 48185  128570   54022  128453   53697  128438   53383  128516   53089
 48187  128678   52821  128910   52586  129196   52388  129520   52232
 48189  129864   52118  130208   52047  130535   52019  130825   52029
 48191  131060   52075  131226   52150  131308   52246  131293   52355
 48193  131174   52467  130948   52571  130616   52653  130187   52703
 48195  129675   52706  129103   52654  128501   52536  127906   52348
 48197  127359   52088  126901   51761  126574   51377  126412   50949
 48199  126437   50499  126660   50048  127075   49620  127658   49235
 48201  128373   48913  129176   48664  130014   48495  130835   48405
 48203  131593   48388  132248   48432  132771   48522  133143   48642
 48205  133356   48776  133414   48906  133325   49019  133108   49103
 48207  132784   49147  132380   49145  131922   49093  131437   48989
 48209  130952   48834  130493   48631  130082   48385  129737   48103
 48211  129475   47792  129307   47461  129240   47119  129278   46776
 48213  129419   46440  129659   46121  129988   45826  130394   45563
 48215  130863   45336  131378   45149  131921   45006  132474   44908
 48217  133015   44853  133528   44839  133994   44863  134397   44920
 48219  134723   45002  134961   45102  135101   45210  135141   45318
 48221  135079   45414  134920   45487  134675   45528  134359   45524
 48223  133996   45468  133612   45351  133241   45171  132921   44925
 48225  132690   44618  132587   44258  132644   43859  132889   43438
 48227  133331   43017  133970   42618  134785   42264  135743   41975
 48229  136795   41764  137886   41639  138958   41599  139958   41637
 48231  140839   41741  141569   41893  142128   42073  142511   42264
 48233  142722   42446  142779   42604  142705   42726  142526   42803
 48235  142273   42829  141977   42803  141666   42724  141368   42597
 48237  141106   42425  140901   42215  140769   41974  140724   41712
 48239  140774   41437  140924   41158  141174   40883  141522   40623
 48241  141960   40384  142479   40174  143065   39999  143703   39864
 48243  144376   39772  145064   39726  145748   39725  146408   39768
 48245  147025   39851  147581   39970  148062   40119  148454   40290
 48247  148748   40473  148939   40660  149026   40841  149012   41005
 48249  148905   41142  148720   41243  148475   41299  148193   41303
 48251  147901   41251  147630   41141  147415   40973  147288   40751
 48253  147283   40485  147428   40186  147744   39870  148243   39557
 48255  148925   39266  149774   39017  150761   38830  151844   38718
 48257  152971   38689  154086   38747  155132   38884  156060   39089
 48259  156833   39344  157425   39630  157828   39926  158047   40210
 48261  158099   40467  158010   40681  157812   40845  157539   40953
 48263  157225   41003  156903   40997  156602   40942  156344   40842
 48265  156151   40706  156036   40543  156011   40362  156081   40174
 48267  156248   39986  156510   39808  156862   39649  157296   39514
 48269  157800   39412  158360   39347  158959   39324  159581   39345
 48271  160206   39411  160814   39521  161386   39674  161902   39866
 48273  162346   40090  162702   40340  162958   40607  163108   40882
 48275  163147   41154  163077   41413  162905   41647  162643   41848
 48277  162308   42007  161923   42117  161512   42172  161105   42171
 48279  160733   42113  160425   42003  160213   41846  160121   41653
 48281  160173   41436  160383   41210  160756   40992  161288   40799
 48283  161964   40649  162757   40557  163630   40534  164539   40588
 48285  165434   40719  166265   40925  166986   41193  167559   41510
 48287  167960   41856  168174   42210  168205   42553  168067   42866
 48289  167784   43135  167390   43348  166919   43501  166408   43591
 48291  165893   43622  165404   43598  164965   43527  164599   43420
 48293  164317   43286  164131   43135  164042   42979  164052   42826
 48295  164154   42686  164343   42567  164606   42476  164932   42418
 48297  165304   42398  165707   42420  166123   42485  166532   42594
 48299  166917   42745  167257   42935  167534   43161  167732   43416
 48301  167838   43692  167839   43981  167729   44272  167506   44554
 48303  167173   44816  166739   45048  166220   45238  165635   45380
 48305  165011   45466  164375   45494  163760   45461  163197   45372
 48307  162717   45232  162345   45051  162105   44840  162012   44613
 48309  162071   44388  162282   44179  162633   44002  163103   43871
 48311  163662   43799  164276   43792  164903   43856  165500   43988
 48313  166026   44184  166444   44433  166721   44722  166839   45032
 48315  166786   45347  166564   45647  166187   45916  165677   46139
 48317  165063   46307  164381   46413  163665   46456  162950   46436
 48319  162268   46360  161645   46237  161101   46074  160651   45885
 48321  160303   45680  160059   45470  159918   45265  159872   45075
 48323  159912   44907  160025   44770  160197   44667  160410   44603
 48325  160649   44580  160893   44600  161126   44661  161329   44763
 48327  161484   44901  161574   45071  161584   45266  161502   45479
 48329  161318   45700  161026   45920  160624   46128  160118   46311
 48331  159516   46460  158837   46563  158101   46613  157337   46602
 48333  156577   46529  155854   46393  155202   46199  154654   45954
 48335  154234   45672  153963   45365  153851   45051  153898   44747
 48337  154094   44470  154419   44235  154844   44053  155334   43934
 48339  155852   43882  156355   43898  156805   43976  157166   44109
 48341  157408   44285  157510   44488  157459   44704  157252   44916
 48343  156895   45107  156403   45264  155799   45375  155111   45431
 48345  154371   45427  153613   45363  152867   45239  152163   45062
 48347  151526   44839  150976   44580  150527   44296  150185   43999
 48349  149953   43698  149827   43405  149799   43130  149859   42880
 48351  149991   42661  150179   42480  150406   42339  150653   42240
 48353  150901   42183  151133   42167  151331   42190  151477   42247
 48355  151558   42333  151559   42442  151471   42566  151284   42695
 48357  150996   42820  150607   42931  150120   43016  149548   43066
 48359  148908   43070  148220   43019  147515   42908  146824   42733
 48361  146184   42494  145628   42198  145192   41852  144903   41469
 48363  144780   41067  144831   40663  145053   40278  145429   39928
 48365  145932   39630  146525   39396  147166   39232  147810   39140
 48367  148413   39116  148937   39154  149348   39240  149623   39360
 48369  149748   39500  149719   39641  149540   39769  149224   39870
 48371  148792   39931  148268   39945  147683   39904  147065   39807
 48373  146447   39653  145856   39445  145318   39191  144856   38897
 48375  144485   38573  144218   38230  144061   37878  144014   37528
 48377  144072   37189  144227   36872  144466   36583  144774   36329
 48379  145134   36115  145527   35943  145933   35814  146334   35728
 48381  146711   35683  147047   35676  147327   35701  147537   35754
 48383  147665   35826  147704   35910  147647   35997  147493   36078
 48385  147245   36143  146908   36182  146496   36185  146024   36144
 48387  145514   36051  144995   35900  144498   35688  144056   35416
 48389  143707   35088  143482   34713  143412   34304  143517   33877
 48391  143806   33452  144276   33049  144908   32688  145671   32386
 48393  146523   32156  147414   32004  148294   31930  149112   31929
 48395  149826   31990  150404   32098  150825   32235  151080   32383
 48397  151170   32525  151109   32646  150917   32731  150619   32771
 48399  150245   32760  149826   32694  149393   32573  148975   32400
 48401  148599   32179  148286   31918  148055   31625  147920   31310
 48403  147888   30983  147963   30653  148143   30332  148422   30028
 48405  148791   29749  149237   29503  149742   29294  150290   29128
 48407  150861   29005  151435   28926  151995   28891  152520   28896
 48409  152996   28937  153406   29009  153738   29105  153984   29219
 48411  154136   29340  154192   29461  154152   29573  154022   29666
 48413  153810   29731  153530   29760  153199   29746  152840   29682
 48415  152479   29563  152145   29389  151870   29159  151688   28879
 48417  151628   28557  151720   28204  151983   27836  152428   27471
 48419  153053   27130  153843   26832  154766   26595  155781   26433
 48421  156835   26352  157874   26354  158842   26433  159694   26576
 48423  160392   26766  160914   26984  161252   27209  161413   27422
 48425  161414   27605  161282   27745  161047   27834  160744   27867
 48427  160409   27842  160072   27761  159763   27630  159507   27456
 48429  159324   27246  159229   27011  159231   26761  159335   26506
 48431  159541   26255  159845   26018  160239   25804  160712   25619
 48433  161249   25469  161834   25360  162449   25294  163075   25272
 48435  163692   25294  164283   25359  164828   25462  165312   25600
 48437  165720   25765  166042   25951  166270   26149  166399   26351
 48439  166429   26547  166363   26730  166209   26889  165978   27018
 48441  165685   27107  165351   27152  164998   27148  164652   27092
 48443  164340   26984  164092   26827  163937   26624  163902   26386
 48445  164009   26123  164277   25850  164715   25583  165319   25341
 48447  166077   25140  166961   24999  167934   24928  168946   24938
 48449  169944   25029  170874   25197  171687   25429  172342   25709
 48451  172814   26016  173094   26328  173186   26624  173110   26886
 48453  172895   27099  172576   27254  172193   27347  171784   27378
 48455  171383   27350  171020   27270  170720   27148  170502   26994
 48457  170377   26819  170352   26633  170429   26447  170604   26271
 48459  170871   26114  171219   25983  171634   25885  172102   25824
 48461  172606   25805  173126   25829  173645   25897  174144   26008
 48463  174605   26159  175009   26345  175343   26562  175593   26803
 48465  175750   27059  175806   27323  175759   27586  175611   27837
 48467  175367   28068  175038   28271  174637   28437  174184   28560
 48469  173698   28636  173205   28661  172731   28635  172302   28559
 48471  171946   28437  171688   28277  171550   28087  171550   27880
 48473  171700   27670  172004   27470  172455   27298  173040   27169
 48475  173733   27095  174499   27089  175295   27156  176073   27298
 48477  176784   27510  177384   27782  177833   28098  178107   28439
 48479  178193   28783  178094   29110  177828   29400  177422   29638
 48481  176914   29815  176343   29925  175751   29968  175173   29948
 48483  174643   29875  174186   29757  173818   29608  173552   29439
 48485  173392   29261  173335   29088  173377   28928  173507   28789
 48487  173713   28681  173978   28607  174287   28573  174620   28580
 48489  174961   28630  175290   28722  175590   28855  175842   29025
 48491  176032   29227  176145   29455  176169   29703  176097   29962
 48493  175922   30223  175644   30477  175266   30715  174795   30927
 48495  174243   31104  173628   31240  172969   31327  172291   31364
 48497  171620   31347  170982   31277  170406   31159  169917   30999
 48499  169536   30805  169284   30588  169170   30361  169201   30139
 48501  169374   29935  169678   29764  170092   29639  170591   29570
 48503  171139   29564  171696   29626  172223   29755  172676   29944
 48505  173018   30184  173218   30459  173256   30753  173120   31046
 48507  172816   31319  172357   31554  171771   31737  171092   31858
 48509  170358   31911  169609   31896  168883   31818  168211   31684
 48511  167621   31505  167129   31294  166748   31063  166479   30826
 48513  166320   30594  166262   30377  166294   30186  166399   30026
 48515  166560   29904  166760   29822  166978   29782  167196   29784
 48517  167395   29828  167559   29910  167670   30026  167715   30171
 48519  167681   30339  167559   30522  167340   30712  167022   30900
 48521  166604   31077  166091   31234  165491   31361  164819   31449
 48523  164093   31492  163335   31484  162570   31421  161827   31302
 48525  161135   31130  160521   30910  160012   30650  159629   30360
 48527  159386   30053  159291   29745  159342   29449  159530   29181
 48529  159837   28954  160236   28779  160695   28664  161177   28612
 48531  161644   28625  162058   28697  162383   28820  162590   28984
 48533  162656   29173  162568   29371  162324   29560  161931   29724
 48535  161406   29849  160774   29922  160069   29934  159324   29882
 48537  158577   29765  157863   29588  157213   29358  156650   29086
 48539  156193   28783  155852   28462  155629   28137  155520   27819
 48541  155517   27519  155605   27247  155767   27009  155984   26810
 48543  156236   26653  156503   26540  156765   26470  157004   26440
 48545  157202   26447  157344   26487  157417   26553  157411   26639
 48547  157317   26738  157131   26840  156850   26939  156475   27024
 48549  156014   27087  155475   27118  154872   27110  154225   27056
 48551  153556   26950  152891   26790  152260   26573  151693   26303
 48553  151220   25986  150866   25630  150654   25248  150597   24855
 48555  150701   24466  150959   24098  151356   23767  151867   23487
 48557  152459   23266  153091   23112  153723   23026  154313   23004
 48559  154824   23039  155224   23119  155491   23230  155609   23356
 48561  155574   23481  155393   23589  155078   23665  154653   23698
 48563  154144   23678  153583   23601  153004   23463  152440   23267
 48565  151921   23017  151474   22722  151120   22390  150875   22035
 48567  150747   21666  150737   21298  150841   20940  151049   20605
 48569  151346   20299  151715   20031  152136   19804  152588   19621
 48571  153049   19483  153500   19389  153921   19336  154297   19320
 48573  154612   19335  154854   19375  155014   19433  155086   19502
 48575  155066   19573  154956   19637  154758   19687  154479   19714
 48577  154131   19710  153727   19668  153287   19582  152833   19446
 48579  152390   19258  151987   19018  151653   18726  151418   18390
 48581  151309   18018  151348   17622  151551   17217  151924   16820
 48583  152460   16449  153143   16121  153942   15851  154818   15649
 48585  155726   15521  156617   15467  157445   15481  158170   15553
 48587  158759   15667  159192   15808  159460   15955  159567   16093
 48589  159526   16204  159360   16277  159095   16301  158764   16269
 48591  158401   16180  158037   16035  157705   15837  157430   15593
 48593  157234   15312  157136   15004  157145   14679  157267   14350
 48595  157501   14028  157840   13722  158275   13441  158790   13195
 48597  159367   12988  159988   12824  160630   12706  161273   12633
 48599  161897   12605  162483   12617  163014   12666  163477   12744
 48601  163860   12846  164156   12964  164359   13089  164469   13214
 48603  164488   13330  164421   13430  164278   13506  164070   13550
 48605  163813   13557  163525   13522  163229   13441  162948   13311
 48607  162708   13133  162536   12910  162461   12646  162507   12350
 48609  162695   12033  163042   11709  163556   11393  164233   11104
 48611  165058   10857  166003   10670  167030   10553  168091   10515
 48613  169133   10554  170104   10667  170958   10841  171658   11059
 48615  172182   11301  172521   11546  172683   11774  172686   11969
 48617  172560   12116  172338   12207  172060   12237  171761   12207
 48619  171475   12121  171234   11984  171062   11807  170976   11599
 48621  170990   11371  171109   11136  171335   10903  171663   10683
 48623  172085   10486  172589   10318  173157   10187  173774   10097
 48625  174419   10052  175072   10051  175714   10095  176325   10181
 48627  176887   10306  177385   10464  177805   10650  178139   10855
 48629  178377   11072  178519   11293  178564   11509  178515   11712
 48631  178382   11896  178174   12051  177905   12173  177593   12256
 48633  177257   12297  176918   12292  176599   12243  176324   12148
 48635  176118   12013  176004   11843  176004   11646  176135   11431
 48637  176412   11213  176839   11003  177416   10819  178131   10675
 48639  178959   10586  179867   10563  180812   10614  181745   10742
 48641  182613   10942  183368   11204  183969   11512  184389   11844
 48643  184615   12180  184652   12496  184518   12773  184247   12996
 48645  183876   13155  183450   13247  183009   13271  182592   13235
 48647  182231   13147  181949   13019  181763   12862  181683   12691
 48649  181710   12516  181842   12350  182069   12202  182379   12081
 48651  182758   11994  183189   11945  183652   11938  184129   11975
 48653  184600   12055  185047   12177  185451   12338  185797   12533
 48655  186071   12757  186260   13004  186357   13265  186357   13533
 48657  186256   13799  186059   14055  185769   14294  185397   14506
 48659  184954   14686  184458   14829  183927   14928  183380   14984
 48661  182841   14993  182332   14957  181876   14879  181495   14763
 48663  181208   14617  181034   14450  180985   14270  181070   14091
 48665  181290   13926  181642   13786  182110   13686  182675   13636
 48667  183305   13647  183964   13724  184610   13870  185196   14081
 48669  185680   14347  186024   14656  186199   14989  186190   15323
 48671  185998   15639  185638   15916  185139   16136  184540   16289
 48673  183885   16369  183220   16377  182586   16319  182016   16204
 48675  181538   16047  181169   15860  180915   15659  180776   15458
 48677  180747   15269  180813   15101  180961   14964  181170   14864
 48679  181423   14805  181697   14788  181974   14815  182235   14883
 48681  182461   14992  182636   15135  182746   15309  182779   15507
 48683  182724   15722  182577   15947  182332   16173  181990   16393
 48685  181555   16597  181033   16779  180436   16930  179777   17045
 48687  179075   17117  178349   17144  177621   17123  176914   17056
 48689  176252   16942  175657   16788  175151   16600  174749   16386
 48691  174467   16155  174312   15920  174287   15691  174388   15482
 48693  174606   15304  174921   15169  175311   15084  175746   15057
 48695  176190   15091  176606   15185  176958   15334  177208   15530
 48697  177328   15759  177295   16005  177098   16250  176737   16473
 48699  176227   16658  175593   16789  174870   16854  174100   16848
 48701  173326   16769  172588   16623  171923   16420  171358   16172
 48703  170912   15895  170592   15603  170397   15311  170320   15033
 48705  170345   14780  170454   14561  170625   14381  170837   14245
 48707  171065   14154  171290   14107  171492   14103  171652   14137
 48709  171754   14204  171787   14299  171740   14415  171604   14545
 48711  171376   14680  171054   14813  170641   14936  170140   15040
 48713  169561   15118  168915   15164  168219   15170  167490   15133
 48715  166749   15048  166020   14915  165327   14735  164693   14510
 48717  164142   14246  163695   13951  163366   13634  163168   13307
 48719  163105   12982  163175   12672  163368   12390  163668   12147
 48721  164051   11952  164488   11813  164946   11732  165391   11711
 48723  165786   11745  166099   11826  166302   11945  166372   12087
 48725  166297   12237  166072   12378  165704   12494  165209   12569
 48727  164614   12590  163951   12550  163258   12443  162573   12270
 48729  161934   12035  161374   11747  160919   11417  160586   11061
 48731  160384   10693  160311   10327  160360    9977  160516    9654
 48733  160757    9367  161063    9123  161407    8925  161767    8775
 48735  162119    8671  162442    8610  162718    8588  162932    8599
