Nutation ephemeris from nutIAU200 for Oct 2013 - Mar 2015 IAU2000               
(1x,i5,8i8,8x,i2)                  2456578 2457137  4 -1          1.E-04
 56578  100734  -68256  100844  -68172  100845  -68065  100724  -67947
 56580  100479  -67831  100114  -67731   99642  -67657   99080  -67618
 56582   98452  -67624   97784  -67676   97105  -67778   96441  -67928
 56584   95819  -68121   95259  -68350   94777  -68608   94385  -68886
 56586   94088  -69172   93886  -69459   93774  -69737   93745  -69999
 56588   93785  -70237   93880  -70448   94015  -70627   94173  -70772
 56590   94339  -70884   94497  -70963   94631  -71010   94729  -71029
 56592   94779  -71023   94771  -70998   94696  -70959   94551  -70912
 56594   94330  -70864   94034  -70820   93665  -70790   93229  -70779
 56596   92736  -70794   92198  -70843   91632  -70930   91058  -71059
 56598   90500  -71233   89983  -71451   89531  -71712   89171  -72008
 56600   88923  -72332   88805  -72673   88823  -73018   88980  -73353
 56602   89265  -73663   89659  -73936   90136  -74162   90662  -74334
 56604   91201  -74450   91715  -74509   92172  -74519   92541  -74488
 56606   92802  -74426   92940  -74347   92951  -74264   92838  -74191
 56608   92612  -74138   92290  -74116   91895  -74132   91449  -74191
 56610   90981  -74296   90516  -74446   90079  -74638   89692  -74867
 56612   89372  -75127   89134  -75410   88987  -75706   88933  -76007
 56614   88973  -76304   89101  -76589   89308  -76853   89581  -77093
 56616   89906  -77301   90267  -77476   90648  -77615   91031  -77719
 56618   91400  -77789   91741  -77826   92041  -77835   92287  -77820
 56620   92472  -77786   92588  -77738   92631  -77684   92599  -77629
 56622   92494  -77580   92320  -77544   92083  -77528   91794  -77537
 56624   91466  -77578   91114  -77654   90759  -77769   90422  -77926
 56626   90128  -78125   89900  -78362   89763  -78633   89740  -78930
 56628   89847  -79242   90095  -79557   90487  -79860   91013  -80136
 56630   91655  -80372   92384  -80556   93162  -80679   93949  -80740
 56632   94702  -80740   95381  -80686   95955  -80589   96401  -80462
 56634   96706  -80320   96870  -80180   96902  -80055   96817  -79956
 56636   96639  -79893   96395  -79873   96111  -79897   95816  -79966
 56638   95536  -80078   95293  -80228   95107  -80410   94991  -80616
 56640   94958  -80839   95012  -81068   95154  -81297   95383  -81517
 56642   95691  -81721   96069  -81901   96504  -82054   96982  -82173
 56644   97486  -82258   98002  -82307   98511  -82319   98998  -82298
 56646   99449  -82244   99851  -82162  100193  -82058  100465  -81936
 56648  100664  -81802  100785  -81663  100829  -81526  100797  -81397
 56650  100696  -81283  100535  -81189  100323  -81121  100076  -81083
 56652   99809  -81080   99542  -81114   99293  -81186   99086  -81295
 56654   98942  -81439   98883  -81613   98929  -81809   99096  -82019
 56656   99396  -82231   99831  -82432  100396  -82608  101077  -82744
 56658  101846  -82830  102669  -82857  103505  -82819  104309  -82718
 56660  105039  -82559  105656  -82355  106134  -82119  106458  -81868
 56662  106626  -81621  106648  -81392  106544  -81196  106342  -81042
 56664  106072  -80935  105767  -80878  105457  -80869  105169  -80903
 56666  104926  -80974  104745  -81075  104639  -81196  104615  -81329
 56668  104675  -81465  104818  -81595  105038  -81712  105327  -81810
 56670  105673  -81882  106065  -81925  106487  -81935  106924  -81910
 56672  107360  -81850  107780  -81756  108169  -81629  108512  -81473
 56674  108799  -81291  109018  -81090  109163  -80874  109228  -80650
 56676  109211  -80425  109114  -80205  108941  -79998  108699  -79808
 56678  108397  -79642  108049  -79505  107670  -79400  107276  -79330
 56680  106886  -79297  106519  -79300  106196  -79339  105936  -79408
 56682  105758  -79504  105677  -79618  105707  -79743  105855  -79867
 56684  106123  -79980  106506  -80069  106992  -80123  107557  -80130
 56686  108173  -80084  108803  -79979  109406  -79815  109943  -79596
 56688  110375  -79331  110674  -79036  110821  -78725  110809  -78417
 56690  110646  -78130  110351  -77877  109953  -77670  109484  -77516
 56692  108980  -77417  108474  -77371  107997  -77372  107572  -77413
 56694  107217  -77484  106943  -77575  106755  -77676  106653  -77777
 56696  106632  -77870  106683  -77948  106797  -78004  106960  -78033
 56698  107158  -78031  107376  -77998  107598  -77930  107810  -77830
 56700  107997  -77698  108146  -77537  108243  -77350  108278  -77142
 56702  108242  -76919  108129  -76685  107936  -76448  107661  -76214
 56704  107306  -75990  106878  -75782  106384  -75597  105837  -75440
 56706  105249  -75316  104639  -75227  104023  -75175  103421  -75162
 56708  102852  -75185  102336  -75242  101890  -75328  101529  -75436
 56710  101267  -75559  101110  -75687  101064  -75811  101124  -75920
 56712  101284  -76005  101528  -76054  101836  -76061  102179  -76019
 56714  102528  -75925  102848  -75780  103104  -75588  103266  -75357
 56716  103307  -75099  103209  -74829  102967  -74563  102584  -74317
 56718  102077  -74105  101471  -73940  100797  -73829  100092  -73775
 56720   99389  -73777   98720  -73829   98111  -73924   97581  -74051
 56722   97140  -74199   96794  -74357   96541  -74515   96373  -74663
 56724   96281  -74793   96250  -74899   96266  -74977   96312  -75023
 56726   96372  -75037   96431  -75017   96473  -74966   96485  -74885
 56728   96453  -74777   96367  -74647   96217  -74499   95997  -74339
 56730   95700  -74173   95326  -74007   94874  -73848   94348  -73703
 56732   93754  -73578   93101  -73478   92404  -73409   91676  -73376
 56734   90936  -73382   90202  -73426   89495  -73510   88836  -73630
 56736   88242  -73783   87731  -73963   87317  -74161   87008  -74369
 56738   86809  -74576   86718  -74774   86728  -74951   86826  -75098
 56740   86994  -75208   87206  -75273   87437  -75292   87656  -75263
 56742   87834  -75189   87942  -75075   87956  -74931   87856  -74767
 56744   87631  -74597   87278  -74435   86803  -74295   86222  -74190
 56746   85557  -74129   84838  -74120   84097  -74165   83366  -74264
 56748   82676  -74413   82052  -74604   81512  -74826   81071  -75069
 56750   80730  -75322   80490  -75573   80342  -75812   80274  -76032
 56752   80271  -76225   80315  -76388   80390  -76517   80477  -76612
 56754   80559  -76672   80621  -76700   80649  -76698   80630  -76671
 56756   80554  -76623   80414  -76559   80203  -76485   79918  -76406
 56758   79559  -76331   79127  -76263   78626  -76212   78065  -76181
 56760   77453  -76178   76804  -76207   76134  -76272   75460  -76375
 56762   74805  -76518   74187  -76701   73629  -76919   73149  -77168
 56764   72765  -77441   72490  -77729   72331  -78022   72289  -78309
 56766   72359  -78579   72530  -78821   72781  -79027   73090  -79188
 56768   73429  -79302   73767  -79367   74074  -79384   74322  -79359
 56770   74486  -79300   74547  -79217   74491  -79122   74316  -79027
 56772   74022  -78947   73623  -78892   73134  -78872   72581  -78897
 56774   71991  -78970   71393  -79094   70816  -79266   70288  -79483
 56776   69830  -79736   69461  -80017   69191  -80315   69024  -80620
 56778   68959  -80921   68988  -81207   69097  -81472   69273  -81708
 56780   69496  -81911   69748  -82078   70011  -82208   70266  -82302
 56782   70498  -82363   70691  -82393   70833  -82398   70916  -82381
 56784   70931  -82349   70874  -82308   70744  -82263   70540  -82222
 56786   70266  -82191   69927  -82175   69532  -82181   69092  -82214
 56788   68620  -82278   68134  -82378   67650  -82514   67190  -82689
 56790   66774  -82901   66423  -83147   66159  -83423   65997  -83720
 56792   65951  -84029   66029  -84340   66232  -84640   66552  -84918
 56794   66974  -85162   67476  -85362   68028  -85513   68598  -85609
 56796   69152  -85653   69655  -85646   70080  -85598   70401  -85518
 56798   70604  -85420   70681  -85315   70633  -85218   70471  -85141
 56800   70210  -85094   69874  -85087   69488  -85124   69079  -85209
 56802   68678  -85340   68308  -85514   67995  -85727   67756  -85969
 56804   67606  -86233   67553  -86508   67599  -86784   67741  -87053
 56806   67971  -87304   68276  -87530   68641  -87726   69049  -87887
 56808   69481  -88011   69918  -88097   70343  -88147   70738  -88162
 56810   71090  -88146   71386  -88105   71618  -88043   71778  -87967
 56812   71863  -87882   71871  -87795   71806  -87713   71670  -87641
 56814   71471  -87585   71218  -87552   70923  -87545   70600  -87568
 56816   70266  -87625   69937  -87717   69633  -87845   69375  -88008
 56818   69183  -88203   69076  -88424   69071  -88665   69183  -88916
 56820   69419  -89168   69781  -89407   70262  -89621   70847  -89798
 56822   71513  -89929   72228  -90006   72956  -90025   73659  -89986
 56824   74298  -89894   74843  -89760   75267  -89595   75556  -89413
 56826   75705  -89231   75720  -89062   75616  -88920   75415  -88815
 56828   75145  -88754   74836  -88741   74516  -88775   74215  -88854
 56830   73956  -88973   73761  -89125   73643  -89301   73614  -89492
 56832   73677  -89688   73833  -89880   74074  -90059   74393  -90218
 56834   74776  -90350   75208  -90449   75672  -90514   76150  -90542
 56836   76625  -90532   77079  -90487   77496  -90408   77864  -90301
 56838   78171  -90169   78407  -90019   78568  -89856   78650  -89687
 56840   78653  -89518   78581  -89356   78438  -89207   78233  -89076
 56842   77976  -88967   77679  -88887   77357  -88836   77027  -88819
 56844   76705  -88836   76410  -88886   76160  -88968   75975  -89080
 56846   75871  -89215   75864  -89367   75966  -89528   76186  -89688
 56848   76525  -89836   76979  -89959   77532  -90047   78165  -90088
 56850   78848  -90076   79543  -90006   80213  -89878   80818  -89696
 56852   81323  -89470   81698  -89213   81928  -88940   82007  -88670
 56854   81942  -88418   81752  -88198   81463  -88021   81107  -87895
 56856   80716  -87820   80325  -87796   79962  -87819   79652  -87880
 56858   79412  -87972   79255  -88084   79188  -88206   79210  -88328
 56860   79318  -88442   79503  -88539   79754  -88612   80057  -88656
 56862   80395  -88668   80753  -88645   81114  -88586   81460  -88492
 56864   81776  -88364   82049  -88207   82265  -88024   82414  -87820
 56866   82490  -87602   82487  -87374   82403  -87144   82240  -86917
 56868   82002  -86701   81695  -86501   81328  -86322   80913  -86169
 56870   80463  -86045   79994  -85953   79521  -85895   79061  -85870
 56872   78633  -85878   78253  -85915   77937  -85979   77701  -86064
 56874   77557  -86163   77515  -86268   77581  -86370   77755  -86459
 56876   78031  -86524   78397  -86556   78833  -86546   79315  -86486
 56878   79809  -86372   80279  -86203   80689  -85984   81003  -85722
 56880   81193  -85431   81239  -85125   81134  -84822   80883  -84539
 56882   80505  -84291   80025  -84091   79479  -83945   78903  -83856
 56884   78332  -83823   77799  -83839   77328  -83896   76937  -83982
 56886   76637  -84088   76431  -84201   76316  -84311   76286  -84408
 56888   76327  -84485   76426  -84537   76567  -84557   76734  -84545
 56890   76909  -84498   77075  -84417   77218  -84303   77322  -84159
 56892   77376  -83989   77368  -83797   77290  -83588   77137  -83369
 56894   76905  -83146   76594  -82924   76205  -82711   75745  -82512
 56896   75221  -82333   74643  -82178   74023  -82053   73377  -81959
 56898   72720  -81899   72068  -81874   71439  -81883   70850  -81924
 56900   70316  -81993   69852  -82086   69471  -82196   69182  -82317
 56902   68991  -82440   68900  -82557   68907  -82659   69002  -82736
 56904   69174  -82780   69403  -82784   69665  -82743   69932  -82653
 56906   70173  -82516   70355  -82334   70449  -82115   70429  -81871
 56908   70278  -81615   69987  -81363   69561  -81131   69013  -80935
 56910   68371  -80786   67666  -80694   66935  -80661   66215  -80686
 56912   65540  -80763   64936  -80883   64423  -81034   64010  -81204
 56914   63701  -81381   63489  -81553   63366  -81709   63315  -81843
 56916   63321  -81948   63364  -82020   63426  -82057   63489  -82060
 56918   63536  -82029   63551  -81967   63523  -81877   63438  -81763
 56920   63289  -81632   63069  -81488   62773  -81337   62401  -81185
 56922   61953  -81040   61433  -80906   60847  -80789   60205  -80696
 56924   59517  -80630   58797  -80596   58061  -80595   57324  -80631
 56926   56605  -80701   55921  -80806   55288  -80941   54722  -81103
 56928   54237  -81287   53842  -81483   53544  -81686   53346  -81886
 56930   53245  -82075   53235  -82244   53304  -82384   53436  -82490
 56932   53609  -82555   53800  -82576   53983  -82553   54129  -82488
 56934   54212  -82385   54208  -82252   54098  -82101   53868  -81942
 56936   53516  -81791   53044  -81662   52468  -81567   51811  -81518
 56938   51103  -81523   50377  -81585   49669  -81704   49012  -81874
 56940   48432  -82086   47950  -82331   47577  -82594   47316  -82862
 56942   47161  -83125   47101  -83370   47120  -83590   47198  -83778
 56944   47314  -83931   47447  -84046   47578  -84125   47688  -84168
 56946   47762  -84180   47786  -84165   47752  -84128   47649  -84073
 56948   47475  -84009   47225  -83940   46901  -83873   46505  -83813
 56950   46043  -83768   45521  -83742   44950  -83740   44341  -83767
 56952   43710  -83826   43071  -83920   42443  -84049   41842  -84213
 56954   41288  -84410   40796  -84636   40384  -84887   40062  -85156
 56956   39841  -85435   39725  -85714   39715  -85986   39803  -86239
 56958   39980  -86466   40229  -86658   40530  -86811   40857  -86919
 56960   41186  -86983   41488  -87003   41738  -86983   41913  -86930
 56962   41994  -86854   41968  -86766   41828  -86677   41575  -86600
 56964   41219  -86548   40777  -86531   40270  -86559   39729  -86636
 56966   39182  -86766   38663  -86946   38199  -87173   37816  -87439
 56968   37533  -87732   37361  -88041   37302  -88354   37353  -88659
 56970   37502  -88945   37733  -89204   38025  -89428   38357  -89614
 56972   38707  -89760   39052  -89866   39374  -89935   39656  -89971
 56974   39885  -89978   40049  -89962   40142  -89930   40160  -89888
 56976   40101  -89842   39968  -89798   39763  -89764   39494  -89744
 56978   39170  -89743   38801  -89767   38399  -89819   37980  -89902
 56980   37560  -90018   37155  -90168   36784  -90351   36465  -90566
 56982   36215  -90808   36049  -91072   35981  -91350   36020  -91636
 56984   36170  -91918   36431  -92188   36795  -92434   37248  -92647
 56986   37769  -92820   38335  -92947   38916  -93024   39482  -93052
 56988   40004  -93035   40454  -92978   40812  -92890   41060  -92784
 56990   41191  -92670   41204  -92563   41107  -92474   40915  -92415
 56992   40648  -92393   40333  -92416   39996  -92486   39668  -92605
 56994   39376  -92768   39146  -92970   38998  -93204   38946  -93459
 56996   39001  -93724   39162  -93989   39427  -94242   39783  -94474
 56998   40215  -94677   40704  -94844   41230  -94972   41769  -95058
 57000   42302  -95104   42807  -95112   43267  -95085   43669  -95029
 57002   44002  -94949   44259  -94853   44436  -94747   44532  -94638
 57004   44549  -94532   44494  -94435   44374  -94353   44198  -94292
 57006   43978  -94254   43727  -94244   43461  -94264   43194  -94316
 57008   42944  -94399   42728  -94514   42563  -94657   42465  -94825
 57010   42450  -95013   42531  -95214   42718  -95419   43015  -95621
 57012   43422  -95807   43933  -95969   44533  -96095   45202  -96177
 57014   45913  -96210   46634  -96189   47332  -96115   47973  -95993
 57016   48526  -95829   48969  -95636   49286  -95425   49469  -95213
 57018   49524  -95013   49463  -94838   49306  -94699   49080  -94603
 57020   48814  -94555   48539  -94555   48283  -94602   48073  -94690
 57022   47930  -94811   47871  -94957   47905  -95118   48038  -95283
 57024   48267  -95442   48585  -95585   48982  -95705   49441  -95794
 57026   49945  -95847   50473  -95862   51006  -95837   51523  -95773
 57028   52007  -95673   52441  -95540   52812  -95379   53109  -95197
 57030   53325  -95000   53457  -94795   53506  -94589   53473  -94388
 57032   53366  -94198   53192  -94026   52962  -93875   52688  -93750
 57034   52385  -93652   52067  -93586   51750  -93550   51450  -93545
 57036   51182  -93569   50963  -93620   50808  -93695   50731  -93787
 57038   50742  -93890   50850  -93998   51061  -94101   51375  -94190
 57040   51786  -94255   52282  -94287   52845  -94278   53450  -94219
 57042   54067  -94109   54661  -93945   55198  -93731   55645  -93476
 57044   55974  -93191   56167  -92889   56216  -92588   56126  -92303
 57046   55911  -92049   55596  -91837   55212  -91676   54793  -91568
 57048   54374  -91514   53984  -91508   53651  -91544   53394  -91611
 57050   53226  -91699   53152  -91796   53172  -91893   53282  -91980
 57052   53469  -92047   53720  -92087   54019  -92096   54347  -92070
 57054   54685  -92007   55016  -91908   55321  -91772   55583  -91605
 57056   55790  -91409   55929  -91190   55993  -90954   55974  -90707
 57058   55871  -90457   55685  -90209   55420  -89970   55081  -89746
 57060   54680  -89542   54225  -89362   53731  -89211   53213  -89090
 57062   52684  -89001   52161  -88944   51659  -88918   51193  -88920
 57064   50779  -88948   50428  -88998   50152  -89063   49961  -89138
 57066   49860  -89216   49852  -89288   49937  -89347   50109  -89383
 57068   50356  -89389   50663  -89357   51007  -89281   51363  -89158
 57070   51699  -88987   51985  -88769   52188  -88513   52282  -88227
 57072   52245  -87926   52068  -87625   51752  -87342   51310  -87091
 57074   50766  -86887   50153  -86738   49508  -86648   48868  -86616
 57076   48269  -86638   47738  -86704   47295  -86803   46952  -86922
 57078   46712  -87049   46571  -87171   46519  -87279   46541  -87363
 57080   46619  -87419   46734  -87440   46868  -87426   46999  -87376
 57082   47112  -87292   47189  -87175   47217  -87029   47183  -86860
 57084   47079  -86673   46898  -86474   46636  -86269   46294  -86065
 57086   45874  -85868   45380  -85684   44820  -85519   44204  -85376
 57088   43544  -85262   42854  -85177   42148  -85125   41441  -85106
 57090   40750  -85120   40090  -85164   39475  -85237   38919  -85334
 57092   38432  -85450   38025  -85579   37704  -85715   37471  -85850
 57094   37328  -85977   37269  -86088   37287  -86176   37370  -86234
 57096   37501  -86255   37660  -86237   37824  -86175   37966  -86071
 57098   38058  -85928   38076  -85750   37995  -85548   37797  -85333
 57100   37474  -85120   37024  -84923   36459  -84759   35799  -84639
 57102   35076  -84574   34325  -84570   33584  -84626   32891  -84738
 57104   32276  -84897   31761  -85091   31359  -85306   31073  -85527
 57106   30896  -85742   30815  -85939   30813  -86109   30868  -86246
 57108   30956  -86346   31057  -86408   31149  -86432   31213  -86420
 57110   31233  -86378   31197  -86309   31095  -86219   30919  -86115
 57112   30666  -86002   30334  -85886   29925  -85775   29443  -85675
 57114   28895  -85590   28289  -85526   27636  -85488   26948  -85479
 57116   26241  -85500   25529  -85555   24828  -85643   24154  -85763
 57118   23522  -85914   22946  -86090   22439  -86288   22011  -86502
 57120   21670  -86726   21420  -86951   21261  -87171   21191  -87377
 57122   21201  -87563   21281  -87722   21415  -87847   21585  -87935
 57124   21770  -87983   21947  -87990   22091  -87958   22181  -87891
 57126   22193  -87796   22111  -87682   21921  -87560   21619  -87443
 57128   21206  -87344   20693  -87276   20102  -87251   19459  -87277
 57130   18797  -87360   18152  -87501   17559  -87695   17049  -87934
 57132   16644  -88208   16359  -88502   16198  -88802   16156  -89095
 57134   16219  -89367   16366  -89609   16575  -89814   16820  -89979
 57136   17075  -90101   17317  -90182   17527  -90226   17686  -90237
