Nutation ephemeris from nutIAU200 for Oct 2006 - Mar 2008 IAU2000               
(1x,i5,8i8,8x,i2)                  2454021 2454580  4 -1          1.E-04
 54021    8424   93961    8959   93880    9460   93861    9900   93898
 54023   10256   93982   10510   94103   10653   94251   10678   94415
 54025   10583   94585   10372   94750   10051   94900    9632   95027
 54027    9128   95122    8555   95181    7932   95196    7278   95165
 54029    6615   95086    5965   94958    5349   94783    4788   94565
 54031    4302   94308    3908   94019    3619   93707    3447   93380
 54033    3396   93050    3469   92726    3662   92420    3965   92142
 54035    4366   91902    4846   91709    5382   91569    5948   91486
 54037    6515   91463    7054   91497    7534   91586    7926   91720
 54039    8205   91891    8351   92083    8352   92280    8203   92465
 54041    7911   92618    7494   92722    6982   92760    6412   92720
 54043    5833   92596    5292   92387    4840   92100    4519   91747
 54045    4362   91346    4389   90919    4602   90491    4992   90082
 54047    5533   89712    6192   89398    6929   89149    7702   88971
 54049    8471   88863    9198   88821    9855   88838   10416   88903
 54051   10864   89005   11191   89133   11391   89275   11466   89418
 54053   11423   89553   11272   89670   11026   89760   10701   89816
 54055   10315   89833    9888   89807    9440   89735    8994   89615
 54057    8572   89449    8193   89239    7880   88989    7650   88704
 54059    7519   88392    7502   88061    7607   87722    7838   87385
 54061    8196   87062    8673   86764    9257   86501    9932   86284
 54063   10674   86121   11457   86016   12250   85972   13023   85989
 54065   13744   86063   14384   86188   14916   86353   15322   86544
 54067   15587   86748   15707   86948   15686   87126   15537   87266
 54069   15283   87354   14956   87377   14592   87327   14236   87201
 54071   13930   87000   13717   86732   13633   86407   13707   86044
 54073   13956   85661   14383   85280   14979   84921   15723   84602
 54075   16583   84340   17521   84143   18495   84019   19465   83967
 54077   20391   83983   21240   84060   21988   84187   22614   84352
 54079   23110   84542   23470   84745   23699   84947   23803   85137
 54081   23796   85307   23694   85447   23514   85551   23277   85614
 54083   23004   85633   22716   85606   22435   85533   22183   85416
 54085   21980   85257   21846   85062   21799   84835   21853   84586
 54087   22022   84323   22312   84056   22729   83795   23270   83553
 54089   23929   83341   24691   83170   25538   83049   26443   82987
 54091   27377   82988   28306   83054   29196   83184   30012   83371
 54093   30724   83607   31307   83877   31742   84167   32022   84460
 54095   32149   84737   32133   84982   31997   85179   31771   85316
 54097   31490   85384   31195   85380   30927   85303   30725   85160
 54099   30625   84960   30656   84717   30838   84446   31180   84167
 54101   31683   83896   32335   83654   33115   83454   33994   83310
 54103   34936   83230   35905   83220   36861   83279   37770   83404
 54105   38598   83587   39321   83818   39919   84085   40382   84376
 54107   40707   84675   40895   84972   40955   85254   40902   85512
 54109   40752   85737   40525   85923   40242   86066   39926   86162
 54111   39599   86211   39283   86214   39000   86174   38768   86094
 54113   38607   85979   38531   85837   38556   85674   38692   85501
 54115   38945   85326   39319   85161   39811   85015   40415   84902
 54117   41116   84830   41897   84810   42731   84849   43588   84952
 54119   44433   85122   45231   85355   45943   85647   46537   85985
 54121   46987   86356   47273   86740   47389   87119   47340   87473
 54123   47145   87783   46831   88034   46436   88214   46002   88317
 54125   45574   88342   45195   88295   44903   88185   44728   88025
 54127   44692   87832   44807   87623   45074   87415   45486   87228
 54129   46024   87075   46665   86969   47379   86921   48134   86935
 54131   48894   87015   49626   87158   50298   87361   50884   87614
 54133   51362   87909   51715   88234   51934   88576   52016   88922
 54135   51966   89262   51792   89582   51507   89874   51130   90129
 54137   50681   90342   50181   90508   49655   90626   49123   90694
 54139   48609   90716   48134   90694   47715   90633   47370   90539
 54141   47113   90420   46956   90282   46907   90137   46971   89992
 54143   47148   89858   47436   89745   47827   89664   48308   89623
 54145   48860   89632   49461   89697   50081   89824   50690   90014
 54147   51251   90265   51728   90572   52089   90923   52305   91305
 54149   52355   91699   52232   92084   51940   92438   51497   92742
 54151   50937   92977   50301   93132   49637   93200   48997   93183
 54153   48427   93089   47968   92930   47647   92724   47484   92491
 54155   47481   92251   47632   92023   47921   91824   48323   91669
 54157   48807   91568   49341   91528   49891   91551   50423   91636
 54159   50907   91780   51317   91976   51629   92216   51828   92488
 54161   51903   92782   51847   93085   51661   93386   51352   93674
 54163   50928   93937   50405   94169   49802   94360   49137   94506
 54165   48434   94603   47715   94650   47002   94648   46317   94599
 54167   45681   94506   45111   94376   44622   94215   44228   94031
 54169   43936   93833   43754   93630   43683   93431   43721   93246
 54171   43863   93084   44098   92955   44413   92867   44790   92827
 54173   45207   92840   45637   92911   46051   93039   46419   93224
 54175   46709   93458   46891   93733   46938   94036   46832   94349
 54177   46563   94652   46133   94925   45560   95146   44874   95297
 54179   44116   95365   43339   95341   42595   95227   41937   95030
 54181   41409   94765   41043   94452   40855   94113   40847   93772
 54183   41005   93451   41307   93169   41719   92939   42203   92772
 54185   42721   92671   43236   92638   43713   92668   44121   92754
 54187   44439   92888   44646   93060   44732   93257   44690   93468
 54189   44521   93681   44227   93886   43819   94070   43308   94226
 54191   42713   94347   42051   94424   41343   94456   40611   94438
 54193   39877   94371   39164   94256   38491   94096   37880   93895
 54195   37345   93659   36901   93397   36559   93117   36327   92827
 54197   36206   92537   36196   92257   36293   91996   36488   91763
 54199   36767   91566   37115   91413   37513   91309   37936   91258
 54201   38361   91261   38760   91317   39107   91424   39373   91575
 54203   39535   91761   39571   91968   39468   92181   39218   92383
 54205   38825   92554   38304   92676   37684   92732   37003   92708
 54207   36309   92597   35654   92396   35091   92113   34667   91761
 54209   34416   91359   34358   90932   34497   90504   34819   90100
 54211   35295   89741   35888   89441   36555   89212   37249   89057
 54213   37928   88974   38554   88959   39095   89003   39528   89093
 54215   39836   89217   40012   89363   40052   89517   39962   89667
 54217   39751   89803   39430   89914   39016   89993   38528   90033
 54219   37985   90029   37411   89978   36826   89879   36253   89733
 54221   35712   89542   35224   89309   34807   89039   34476   88740
 54223   34244   88420   34120   88087   34109   87750   34212   87420
 54225   34426   87107   34743   86819   35152   86565   35636   86353
 54227   36176   86188   36751   86076   37335   86018   37903   86014
 54229   38428   86060   38887   86153   39254   86283   39512   86440
 54231   39644   86612   39643   86783   39507   86937   39245   87058
 54233   38874   87130   38422   87138   37926   87072   37429   86926
 54235   36979   86699   36623   86396   36405   86030   36360   85619
 54237   36507   85184   36854   84751   37388   84342   38083   83980
 54239   38901   83681   39797   83456   40720   83311   41625   83243
 54241   42468   83246   43216   83311   43842   83424   44330   83570
 54243   44674   83736   44872   83906   44934   84068   44871   84211
 54245   44699   84326   44438   84404   44110   84441   43735   84432
 54247   43338   84376   42940   84274   42563   84125   42229   83935
 54249   41955   83706   41758   83446   41654   83162   41652   82861
 54251   41761   82554   41983   82248   42320   81956   42764   81685
 54253   43307   81446   43934   81247   44626   81096   45362   80997
 54255   46117   80953   46863   80965   47574   81032   48223   81147
 54257   48786   81305   49241   81494   49574   81703   49774   81917
 54259   49839   82121   49775   82301   49597   82441   49327   82528
 54261   48995   82551   48638   82503   48297   82380   48015   82186
 54263   47833   81926   47788   81614   47908   81266   48211   80902
 54265   48700   80544   49365   80213   50183   79930   51117   79709
 54267   52125   79563   53160   79495   54173   79506   55122   79588
 54269   55971   79733   56692   79925   57267   80151   57689   80394
 54271   57959   80640   58086   80874   58083   81085   57970   81263
 54273   57768   81402   57502   81496   57194   81543   56869   81542
 54275   56551   81493   56260   81400   56017   81267   55840   81099
 54277   55744   80903   55743   80687   55844   80458   56056   80227
 54279   56380   80003   56813   79796   57351   79615   57981   79470
 54281   58687   79369   59450   79319   60246   79324   61048   79387
 54283   61827   79507   62553   79681   63199   79903   63741   80164
 54285   64158   80450   64438   80748   64575   81043   64571   81317
 54287   64440   81557   64203   81747   63888   81878   63529   81940
 54289   63166   81931   62839   81851   62587   81706   62446   81505
 54291   62445   81264   62604   80997   62934   80726   63431   80469
 54293   64083   80244   64866   80069   65746   79957   66683   79916
 54295   67635   79950   68559   80058   69413   80233   70165   80466
 54297   70788   80744   71264   81052   71586   81375   71755   81696
 54299   71779   82003   71674   82284   71458   82528   71156   82729
 54301   70792   82883   70390   82986   69977   83040   69575   83045
 54303   69207   83006   68892   82928   68646   82817   68484   82680
 54305   68418   82526   68454   82362   68597   82199   68849   82046
 54307   69206   81912   69661   81807   70201   81739   70811   81717
 54309   71471   81745   72157   81830   72840   81973   73491   82172
 54311   74081   82425   74580   82724   74963   83057   75209   83413
 54313   75307   83774   75252   84123   75053   84442   74726   84717
 54315   74298   84932   73804   85078   73285   85150   72782   85146
 54317   72338   85071   71989   84935   71768   84751   71695   84536
 54319   71783   84308   72034   84087   72436   83889   72970   83732
 54321   73609   83629   74319   83589   75062   83618   75798   83717
 54323   76491   83883   77104   84109   77611   84385   77988   84699
 54325   78222   85036   78307   85381   78244   85721   78043   86042
 54327   77718   86333   77291   86585   76783   86791   76220   86946
 54329   75627   87050   75030   87102   74451   87105   73912   87064
 54331   73433   86984   73028   86872   72711   86737   72491   86586
 54333   72373   86428   72361   86274   72453   86131   72645   86010
 54335   72928   85917   73289   85863   73714   85853   74182   85893
 54337   74670   85987   75152   86136   75599   86340   75983   86595
 54339   76275   86892   76449   87222   76485   87570   76371   87920
 54341   76103   88254   75689   88552   75149   88798   74512   88976
 54343   73820   89076   73116   89095   72449   89032   71863   88896
 54345   71396   88699   71078   88459   70925   88195   70941   87929
 54347   71119   87679   71439   87464   71876   87299   72394   87193
 54349   72956   87154   73525   87183   74063   87279   74537   87435
 54351   74918   87644   75183   87892   75317   88169   75311   88461
 54353   75162   88753   74877   89034   74465   89290   73943   89513
 54355   73331   89693   72652   89826   71929   89907   71189   89936
 54357   70455   89913   69749   89842   69094   89727   68506   89575
 54359   68001   89394   67588   89191   67276   88976   67068   88758
 54361   66966   88545   66964   88347   67057   88173   67235   88029
 54363   67484   87923   67788   87861   68127   87848   68480   87885
 54365   68822   87974   69128   88114   69372   88299   69528   88524
 54367   69573   88777   69488   89046   69261   89314   68889   89565
 54369   68378   89779   67747   89938   67027   90028   66258   90036
 54371   65488   89958   64768   89794   64147   89553   63666   89249
 54373   63356   88903   63233   88537   63295   88175   63530   87839
 54375   63909   87547   64396   87316   64950   87152   65528   87060
 54377   66090   87040   66597   87085   67018   87186   67328   87333
 54379   67512   87513   67558   87713   67464   87918   67234   88116
 54381   66877   88295   66407   88446   65843   88558   65204   88626
 54383   64515   88646   63798   88614   63079   88532   62379   88400
 54385   61722   88222   61125   88004   60605   87752   60176   87475
 54387   59846   87181   59622   86879   59504   86579   59492   86289
 54389   59578   86018   59755   85774   60009   85564   60326   85395
 54391   60687   85270   61074   85193   61463   85166   61834   85187
 54393   62162   85254   62426   85361   62603   85503   62675   85668
 54395   62627   85845   62450   86019   62143   86174   61712   86293
 54397   61175   86360   60559   86361   59904   86284   59254   86122
 54399   58660   85875   58172   85552   57835   85165   57682   84734
 54401   57732   84284   57986   83841   58428   83429   59026   83068
 54403   59737   82776   60513   82560   61303   82424   62060   82365
 54405   62743   82375   63319   82442   63767   82551   64071   82689
 54407   64227   82839   64239   82989   64114   83124   63868   83235
 54409   63519   83312   63087   83347   62596   83337   62070   83277
 54411   61532   83168   61005   83011   60511   82808   60071   82564
 54413   59701   82285   59417   81978   59229   81651   59145   81313
 54415   59170   80974   59302   80641   59538   80326   59869   80035
 54417   60285   79776   60770   79557   61306   79382   61875   79254
 54419   62455   79176   63024   79147   63559   79164   64040   79225
 54421   64445   79321   64758   79446   64965   79588   65055   79735
 54423   65024   79875   64876   79993   64621   80075   64275   80107
 54425   63868   80077   63433   79975   63011   79796   62649   79541
 54427   62392   79215   62283   78831   62355   78405   62631   77961
 54429   63114   77523   63793   77117   64638   76764   65606   76483
 54431   66645   76284   67700   76171   68718   76141   69651   76184
 54433   70465   76288   71132   76436   71639   76611   71984   76796
 54435   72173   76975   72218   77135   72141   77264   71962   77355
 54437   71707   77401   71401   77399   71070   77348   70737   77248
 54439   70427   77102   70159   76914   69952   76690   69822   76436
 54441   69782   76160   69841   75870   70004   75576   70274   75286
 54443   70648   75009   71121   74755   71684   74531   72323   74345
 54445   73021   74202   73758   74107   74514   74064   75265   74071
 54447   75988   74128   76659   74231   77258   74374   77767   74549
 54449   78169   74746   78455   74953   78621   75159   78667   75349
 54451   78601   75511   78440   75633   78203   75703   77921   75712
 54453   77626   75653   77357   75526   77154   75332   77057   75077
 54455   77100   74773   77314   74437   77715   74088   78309   73748
 54457   79086   73440   80021   73183   81078   72995   82206   72888
 54459   83355   72867   84469   72929   85500   73067   86408   73268
 54461   87162   73514   87748   73788   88159   74071   88403   74346
 54463   88495   74597   88456   74814   88312   74987   88092   75112
 54465   87823   75184   87534   75205   87250   75176   86994   75102
 54467   86786   74987   86645   74839   86583   74665   86613   74473
 54469   86740   74272   86969   74071   87301   73878   87731   73704
 54471   88253   73555   88856   73440   89526   73366   90245   73338
 54473   90992   73361   91746   73435   92481   73561   93173   73736
 54475   93798   73956   94335   74213   94765   74498   95074   74799
 54477   95256   75102   95308   75395   95237   75664   95056   75895
 54479   94786   76078   94454   76202   94092   76263   93736   76256
 54481   93422   76184   93188   76052   93065   75868   93084   75647
 54483   93263   75404   93613   75158   94133   74928   94812   74733
 54485   95625   74590   96537   74513   97508   74510   98489   74588
 54487   99433   74742  100295   74967  101038   75251  101631   75577
 54489  102058   75929  102312   76288  102397   76637  102328   76961
 54491  102125   77246  101817   77484  101431   77668  100999   77797
 54493  100549   77871  100109   77892   99702   77866   99349   77800
 54495   99067   77700   98869   77576   98764   77436   98756   77289
 54497   98849   77145   99039   77012   99324   76899   99693   76814
 54499  100135   76763  100636   76754  101178   76791  101741   76877
 54501  102302   77014  102837   77202  103322   77437  103733   77714
 54503  104047   78025  104246   78359  104316   78705  104251   79047
 54505  104051   79371  103725   79662  103292   79906  102775   80093
 54507  102208   80213  101628   80262  101072   80240  100581   80152
 54509  100190   80007   99926   79818   99813   79600   99862   79371
 54511  100073   79150  100439   78954  100938   78801  101544   78703
 54513  102221   78671  102929   78710  103626   78821  104272   79001
 54515  104830   79241  105267   79531  105561   79855  105697   80197
 54517  105671   80542  105487   80872  105160   81174  104709   81435
 54519  104160   81647  103541   81804  102882   81903  102212   81945
 54521  101560   81933  100948   81873  100397   81771   99924   81636
 54523   99541   81476   99256   81303   99071   81124   98987   80950
 54525   99001   80790   99105   80650   99289   80540   99542   80465
 54527   99847   80430  100186   80441  100541   80499  100890   80606
 54529  101211   80759  101479   80957  101674   81194  101773   81461
 54531  101759   81749  101618   82044  101344   82333  100938   82599
 54533  100409   82827   99776   83004   99067   83116   98319   83154
 54535   97571   83116   96868   83001   96251   82818   95757   82578
 54537   95414   82296   95240   81993   95239   81688   95405   81402
 54539   95719   81153   96152   80955   96670   80820   97231   80754
 54541   97795   80760   98323   80834   98777   80969   99127   81155
 54543   99350   81381   99429   81630   99358   81889   99136   82141
 54545   98773   82373   98283   82573   97687   82731   97010   82838
 54547   96279   82890   95522   82885   94767   82825   94040   82712
 54549   93363   82553   92757   82354   92237   82124   91813   81872
 54551   91492   81609   91276   81344   91163   81086   91148   80844
 54553   91222   80627   91373   80440   91587   80291   91847   80183
 54555   92136   80119   92434   80102   92721   80130   92976   80203
 54557   93178   80317   93307   80466   93345   80641   93276   80834
 54559   93089   81032   92778   81221   92344   81387   91797   81515
 54561   91155   81591   90446   81601   89706   81536   88976   81393
 54563   88304   81171   87733   80878   87304   80528   87047   80137
 54565   86980   79728   87104   79324   87407   78947   87863   78617
 54567   88434   78350   89076   78154   89743   78036   90388   77992
 54569   90971   78016   91456   78100   91817   78228   92036   78386
 54571   92105   78560   92023   78733   91798   78893   91443   79025
 54573   90978   79120   90425   79170   89810   79170   89160   79116
 54575   88500   79008   87857   78848   87254   78641   86713   78391
 54577   86251   78107   85881   77798   85612   77472   85449   77139
 54579   85393   76809   85440   76491   85584   76194   85812   75924
