Nutation ephemeris from nutIAU200 for Oct 2012 - Mar 2014 IAU2000               
(1x,i5,8i8,8x,i2)                  2456213 2456772  4 -1          1.E-04
 56213  138204  -43275  137607  -43244  136946  -43258  136247  -43325
 56215  135540  -43450  134859  -43636  134240  -43880  133719  -44174
 56217  133325  -44508  133079  -44867  132991  -45233  133060  -45588
 56219  133271  -45915  133597  -46200  134006  -46432  134459  -46605
 56221  134915  -46717  135339  -46772  135696  -46776  135960  -46740
 56223  136114  -46673  136146  -46589  136052  -46499  135837  -46417
 56225  135510  -46351  135086  -46312  134583  -46305  134021  -46337
 56227  133422  -46410  132809  -46525  132203  -46681  131625  -46875
 56229  131092  -47104  130621  -47361  130223  -47640  129907  -47935
 56231  129678  -48236  129537  -48538  129483  -48832  129510  -49112
 56233  129610  -49372  129772  -49606  129984  -49810  130231  -49982
 56235  130499  -50119  130771  -50221  131031  -50288  131264  -50324
 56237  131455  -50330  131591  -50312  131659  -50275  131649  -50226
 56239  131556  -50172  131376  -50123  131109  -50089  130762  -50077
 56241  130345  -50099  129875  -50162  129375  -50275  128873  -50442
 56243  128401  -50666  127995  -50945  127689  -51272  127513  -51638
 56245  127491  -52029  127636  -52426  127948  -52810  128413  -53164
 56247  129003  -53471  129682  -53719  130405  -53902  131126  -54017
 56249  131803  -54069  132398  -54067  132884  -54023  133241  -53950
 56251  133461  -53863  133546  -53775  133505  -53698  133351  -53644
 56253  133104  -53620  132786  -53632  132420  -53684  132029  -53776
 56255  131636  -53909  131261  -54080  130923  -54284  130639  -54518
 56257  130421  -54775  130280  -55049  130223  -55332  130251  -55617
 56259  130367  -55897  130565  -56165  130840  -56414  131183  -56638
 56261  131582  -56834  132023  -56996  132491  -57123  132969  -57214
 56263  133442  -57268  133894  -57287  134307  -57274  134669  -57233
 56265  134967  -57169  135190  -57089  135332  -57000  135389  -56909
 56267  135360  -56826  135248  -56759  135063  -56717  134816  -56707
 56269  134526  -56736  134213  -56811  133905  -56936  133630  -57111
 56271  133419  -57335  133304  -57601  133312  -57902  133465  -58225
 56273  133778  -58553  134254  -58870  134883  -59157  135640  -59398
 56275  136493  -59579  137396  -59693  138303  -59737  139165  -59714
 56277  139941  -59632  140597  -59504  141113  -59346  141478  -59173
 56279  141693  -59001  141770  -58844  141726  -58714  141585  -58617
 56281  141373  -58561  141116  -58547  140839  -58576  140565  -58645
 56283  140317  -58751  140112  -58888  139965  -59051  139886  -59233
 56285  139884  -59427  139964  -59625  140126  -59821  140370  -60008
 56287  140689  -60178  141078  -60327  141525  -60448  142019  -60538
 56289  142545  -60593  143087  -60611  143630  -60591  144156  -60535
 56291  144649  -60444  145092  -60322  145473  -60174  145778  -60006
 56293  145999  -59825  146131  -59638  146172  -59455  146124  -59284
 56295  145994  -59133  145794  -59010  145538  -58922  145246  -58874
 56297  144940  -58871  144646  -58915  144391  -59005  144202  -59137
 56299  144105  -59305  144123  -59501  144273  -59713  144567  -59927
 56301  145006  -60129  145581  -60301  146273  -60431  147052  -60506
 56303  147880  -60518  148714  -60463  149510  -60343  150224  -60166
 56305  150822  -59942  151280  -59687  151583  -59416  151730  -59147
 56307  151730  -58894  151603  -58670  151371  -58484  151065  -58342
 56309  150711  -58246  150339  -58196  149973  -58190  149637  -58221
 56311  149347  -58285  149119  -58374  148962  -58480  148881  -58596
 56313  148881  -58714  148960  -58828  149114  -58929  149338  -59012
 56315  149622  -59072  149957  -59103  150328  -59103  150723  -59068
 56317  151125  -58997  151519  -58889  151886  -58747  152212  -58572
 56319  152481  -58368  152678  -58142  152793  -57898  152818  -57646
 56321  152746  -57393  152580  -57149  152322  -56923  151983  -56722
 56323  151576  -56555  151121  -56429  150638  -56346  150152  -56311
 56325  149690  -56322  149278  -56378  148940  -56472  148699  -56598
 56327  148571  -56744  148569  -56899  148697  -57051  148952  -57185
 56329  149321  -57289  149785  -57351  150316  -57362  150881  -57316
 56331  151442  -57211  151962  -57049  152403  -56836  152736  -56583
 56333  152938  -56302  152994  -56009  152903  -55719  152671  -55446
 56335  152314  -55203  151856  -55000  151323  -54843  150745  -54735
 56337  150151  -54676  149567  -54663  149017  -54691  148518  -54752
 56339  148086  -54840  147730  -54946  147454  -55061  147259  -55177
 56341  147145  -55287  147104  -55384  147129  -55463  147210  -55517
 56343  147335  -55543  147492  -55538  147665  -55499  147840  -55426
 56345  148001  -55320  148132  -55181  148218  -55012  148244  -54818
 56347  148197  -54605  148067  -54378  147846  -54147  147530  -53919
 56349  147119  -53704  146621  -53511  146044  -53350  145406  -53227
 56351  144727  -53150  144032  -53121  143348  -53143  142703  -53214
 56353  142124  -53329  141634  -53481  141254  -53660  140996  -53853
 56355  140866  -54049  140862  -54234  140974  -54395  141184  -54520
 56357  141467  -54601  141794  -54632  142133  -54608  142450  -54532
 56359  142713  -54407  142892  -54240  142965  -54041  142913  -53823
 56361  142730  -53599  142413  -53382  141972  -53186  141422  -53021
 56363  140784  -52896  140082  -52817  139346  -52787  138601  -52805
 56365  137875  -52870  137188  -52975  136561  -53114  136006  -53279
 56367  135532  -53461  135145  -53652  134844  -53843  134625  -54027
 56369  134482  -54197  134405  -54346  134382  -54470  134402  -54566
 56371  134449  -54630  134509  -54662  134568  -54660  134609  -54627
 56373  134619  -54563  134583  -54472  134488  -54359  134323  -54230
 56375  134078  -54090  133746  -53947  133326  -53811  132818  -53690
 56377  132229  -53593  131569  -53530  130855  -53507  130110  -53532
 56379  129359  -53609  128632  -53738  127958  -53918  127366  -54142
 56381  126881  -54402  126521  -54686  126299  -54980  126215  -55270
 56383  126261  -55541  126421  -55780  126669  -55976  126976  -56122
 56385  127308  -56214  127629  -56251  127907  -56237  128113  -56180
 56387  128223  -56087  128219  -55972  128092  -55845  127841  -55720
 56389  127469  -55608  126989  -55521  126419  -55467  125778  -55453
 56391  125092  -55484  124386  -55561  123686  -55683  123013  -55848
 56393  122389  -56049  121831  -56282  121351  -56537  120958  -56807
 56395  120654  -57082  120439  -57355  120308  -57619  120254  -57865
 56397  120266  -58089  120331  -58285  120435  -58451  120565  -58584
 56399  120703  -58684  120835  -58751  120947  -58786  121024  -58793
 56401  121053  -58774  121023  -58734  120924  -58680  120749  -58617
 56403  120493  -58554  120155  -58498  119737  -58457  119245  -58441
 56405  118691  -58458  118093  -58515  117470  -58618  116849  -58772
 56407  116259  -58978  115730  -59233  115294  -59533  114975  -59867
 56409  114795  -60224  114765  -60588  114885  -60943  115145  -61274
 56411  115523  -61565  115989  -61805  116506  -61988  117034  -62110
 56413  117534  -62174  117971  -62185  118315  -62154  118545  -62092
 56415  118649  -62013  118624  -61929  118473  -61853  118207  -61796
 56417  117843  -61769  117402  -61778  116907  -61828  116383  -61921
 56419  115853  -62057  115342  -62235  114869  -62449  114453  -62696
 56421  114109  -62967  113845  -63256  113669  -63554  113582  -63853
 56423  113582  -64146  113664  -64425  113820  -64683  114038  -64916
 56425  114304  -65119  114604  -65289  114923  -65425  115245  -65526
 56427  115554  -65593  115836  -65628  116077  -65635  116265  -65618
 56429  116390  -65582  116445  -65533  116422  -65478  116321  -65423
 56431  116142  -65377  115887  -65348  115567  -65342  115191  -65368
 56433  114778  -65433  114347  -65540  113922  -65695  113532  -65898
 56435  113206  -66148  112972  -66439  112857  -66763  112883  -67108
 56437  113062  -67459  113398  -67799  113879  -68112  114486  -68383
 56439  115185  -68598  115935  -68750  116692  -68836  117412  -68859
 56441  118053  -68825  118585  -68748  118985  -68640  119243  -68517
 56443  119358  -68395  119340  -68287  119205  -68203  118975  -68154
 56445  118674  -68144  118329  -68178  117966  -68255  117610  -68373
 56447  117281  -68530  117000  -68720  116781  -68936  116637  -69171
 56449  116574  -69418  116596  -69668  116704  -69915  116893  -70150
 56451  117158  -70368  117489  -70561  117873  -70727  118297  -70860
 56453  118747  -70959  119207  -71022  119660  -71050  120091  -71044
 56455  120486  -71007  120831  -70942  121116  -70855  121332  -70751
 56457  121471  -70636  121530  -70518  121508  -70404  121409  -70300
 56459  121238  -70215  121006  -70155  120724  -70127  120411  -70136
 56461  120086  -70187  119773  -70281  119496  -70418  119283  -70598
 56463  119160  -70815  119150  -71060  119273  -71323  119542  -71591
 56465  119961  -71848  120523  -72078  121208  -72266  121988  -72400
 56467  122821  -72470  123663  -72472  124468  -72408  125191  -72286
 56469  125797  -72118  126261  -71919  126570  -71705  126725  -71494
 56471  126736  -71301  126622  -71138  126411  -71015  126130  -70935
 56473  125809  -70902  125477  -70915  125159  -70970  124877  -71062
 56475  124648  -71185  124487  -71330  124402  -71491  124398  -71659
 56477  124476  -71826  124635  -71985  124868  -72129  125168  -72252
 56479  125524  -72348  125924  -72415  126354  -72448  126798  -72447
 56481  127242  -72410  127669  -72338  128065  -72234  128415  -72100
 56483  128707  -71941  128930  -71763  129077  -71570  129141  -71371
 56485  129122  -71172  129020  -70981  128839  -70805  128589  -70651
 56487  128281  -70525  127931  -70433  127556  -70380  127176  -70367
 56489  126816  -70396  126497  -70465  126244  -70572  126079  -70710
 56491  126022  -70872  126089  -71047  126289  -71224  126625  -71387
 56493  127089  -71525  127664  -71622  128323  -71669  129033  -71655
 56495  129751  -71578  130434  -71438  131040  -71242  131532  -71000
 56497  131884  -70727  132080  -70441  132117  -70159  132006  -69896
 56499  131767  -69666  131426  -69479  131014  -69341  130565  -69254
 56501  130108  -69216  129671  -69222  129276  -69267  128941  -69342
 56503  128678  -69439  128495  -69549  128393  -69664  128373  -69775
 56505  128430  -69875  128556  -69958  128740  -70017  128973  -70049
 56507  129240  -70050  129527  -70018  129820  -69952  130102  -69852
 56509  130360  -69719  130579  -69556  130745  -69366  130846  -69154
 56511  130873  -68927  130819  -68689  130680  -68449  130454  -68214
 56513  130146  -67992  129760  -67789  129309  -67614  128805  -67471
 56515  128266  -67365  127712  -67301  127164  -67278  126646  -67297
 56517  126179  -67354  125785  -67445  125484  -67564  125290  -67700
 56519  125215  -67844  125262  -67983  125429  -68107  125707  -68202
 56521  126076  -68258  126512  -68265  126984  -68218  127455  -68113
 56523  127887  -67953  128244  -67744  128495  -67495  128613  -67219
 56525  128586  -66932  128410  -66651  128092  -66390  127650  -66164
 56527  127111  -65981  126504  -65850  125862  -65772  125217  -65745
 56529  124597  -65766  124026  -65827  123521  -65920  123095  -66034
 56531  122754  -66161  122498  -66292  122326  -66417  122231  -66530
 56533  122202  -66623  122229  -66692  122298  -66733  122396  -66743
 56535  122507  -66720  122616  -66664  122710  -66576  122773  -66457
 56537  122792  -66311  122755  -66142  122652  -65954  122472  -65754
 56539  122212  -65548  121866  -65343  121436  -65148  120927  -64969
 56541  120345  -64815  119702  -64692  119016  -64606  118304  -64561
 56543  117589  -64559  116893  -64602  116240  -64687  115654  -64810
 56545  115153  -64964  114755  -65141  114471  -65330  114306  -65520
 56547  114259  -65700  114322  -65857  114480  -65982  114710  -66065
 56549  114986  -66100  115278  -66084  115552  -66017  115776  -65901
 56551  115920  -65744  115960  -65556  115876  -65349  115659  -65137
 56553  115309  -64934  114833  -64754  114248  -64609  113579  -64508
 56555  112854  -64457  112102  -64459  111356  -64511  110641  -64611
 56557  109981  -64751  109395  -64922  108893  -65116  108483  -65321
 56559  108164  -65529  107933  -65731  107781  -65918  107698  -66084
 56561  107669  -66224  107681  -66335  107719  -66414  107766  -66460
 56563  107809  -66474  107831  -66457  107820  -66411  107763  -66340
 56565  107648  -66248  107468  -66140  107214  -66023  106881  -65903
 56567  106469  -65787  105977  -65682  105412  -65597  104781  -65538
 56569  104098  -65513  103380  -65527  102647  -65585  101921  -65687
 56571  101228  -65835  100592  -66026  100038  -66254   99584  -66512
 56573   99248  -66788   99037  -67072   98953  -67350   98990  -67610
 56575   99133  -67841   99360  -68032   99646  -68177   99958  -68270
 56577  100264  -68312  100532  -68305  100734  -68256  100844  -68172
 56579  100845  -68065  100724  -67947  100479  -67831  100114  -67731
 56581   99642  -67657   99080  -67618   98452  -67624   97784  -67676
 56583   97105  -67778   96441  -67928   95819  -68121   95259  -68350
 56585   94777  -68608   94385  -68886   94088  -69172   93886  -69459
 56587   93774  -69737   93745  -69999   93785  -70237   93880  -70448
 56589   94015  -70627   94173  -70772   94339  -70884   94497  -70963
 56591   94631  -71010   94729  -71029   94779  -71023   94771  -70998
 56593   94696  -70959   94551  -70912   94330  -70864   94034  -70820
 56595   93665  -70790   93229  -70779   92736  -70794   92198  -70843
 56597   91632  -70930   91058  -71059   90500  -71233   89983  -71451
 56599   89531  -71712   89171  -72008   88923  -72332   88805  -72673
 56601   88823  -73018   88980  -73353   89265  -73663   89659  -73936
 56603   90136  -74162   90662  -74334   91201  -74450   91715  -74509
 56605   92172  -74519   92541  -74488   92802  -74426   92940  -74347
 56607   92951  -74264   92838  -74191   92612  -74138   92290  -74116
 56609   91895  -74132   91449  -74191   90981  -74296   90516  -74446
 56611   90079  -74638   89692  -74867   89372  -75127   89134  -75410
 56613   88987  -75706   88933  -76007   88973  -76304   89101  -76589
 56615   89308  -76853   89581  -77093   89906  -77301   90267  -77476
 56617   90648  -77615   91031  -77719   91400  -77789   91741  -77826
 56619   92041  -77835   92287  -77820   92472  -77786   92588  -77738
 56621   92631  -77684   92599  -77629   92494  -77580   92320  -77544
 56623   92083  -77528   91794  -77537   91466  -77578   91114  -77654
 56625   90759  -77769   90422  -77926   90128  -78125   89900  -78362
 56627   89763  -78633   89740  -78930   89847  -79242   90095  -79557
 56629   90487  -79860   91013  -80136   91655  -80372   92384  -80556
 56631   93162  -80679   93949  -80740   94702  -80740   95381  -80686
 56633   95955  -80589   96401  -80462   96706  -80320   96870  -80180
 56635   96902  -80055   96817  -79956   96639  -79893   96395  -79873
 56637   96111  -79897   95816  -79966   95536  -80078   95293  -80228
 56639   95107  -80410   94991  -80616   94958  -80839   95012  -81068
 56641   95154  -81297   95383  -81517   95691  -81721   96069  -81901
 56643   96504  -82054   96982  -82173   97486  -82258   98002  -82307
 56645   98511  -82319   98998  -82298   99449  -82244   99851  -82162
 56647  100193  -82058  100465  -81936  100664  -81802  100785  -81663
 56649  100829  -81526  100797  -81397  100696  -81283  100535  -81189
 56651  100323  -81121  100076  -81083   99809  -81080   99542  -81114
 56653   99293  -81186   99086  -81295   98942  -81439   98883  -81613
 56655   98929  -81809   99096  -82019   99396  -82231   99831  -82432
 56657  100396  -82608  101077  -82744  101846  -82830  102669  -82857
 56659  103505  -82819  104309  -82718  105039  -82559  105656  -82355
 56661  106134  -82119  106458  -81868  106626  -81621  106648  -81392
 56663  106544  -81196  106342  -81042  106072  -80935  105767  -80878
 56665  105457  -80869  105169  -80903  104926  -80974  104745  -81075
 56667  104639  -81196  104615  -81329  104675  -81465  104818  -81595
 56669  105038  -81712  105327  -81810  105673  -81882  106065  -81925
 56671  106487  -81935  106924  -81910  107360  -81850  107780  -81756
 56673  108169  -81629  108512  -81473  108799  -81291  109018  -81090
 56675  109163  -80874  109228  -80650  109211  -80425  109114  -80205
 56677  108941  -79998  108699  -79808  108397  -79642  108049  -79505
 56679  107670  -79400  107276  -79330  106886  -79297  106519  -79300
 56681  106196  -79339  105936  -79408  105758  -79504  105677  -79618
 56683  105707  -79743  105855  -79867  106123  -79980  106506  -80069
 56685  106992  -80123  107557  -80130  108173  -80084  108803  -79979
 56687  109406  -79815  109943  -79596  110375  -79331  110674  -79036
 56689  110821  -78725  110809  -78417  110646  -78130  110351  -77877
 56691  109953  -77670  109484  -77516  108980  -77417  108474  -77371
 56693  107997  -77372  107572  -77413  107217  -77484  106943  -77575
 56695  106755  -77676  106653  -77777  106632  -77870  106683  -77948
 56697  106797  -78004  106960  -78033  107158  -78031  107376  -77998
 56699  107598  -77930  107810  -77830  107997  -77698  108146  -77537
 56701  108243  -77350  108278  -77142  108242  -76919  108129  -76685
 56703  107936  -76448  107661  -76214  107306  -75990  106878  -75782
 56705  106384  -75597  105837  -75440  105249  -75316  104639  -75227
 56707  104023  -75175  103421  -75162  102852  -75185  102336  -75242
 56709  101890  -75328  101529  -75436  101267  -75559  101110  -75687
 56711  101064  -75811  101124  -75920  101284  -76005  101528  -76054
 56713  101836  -76061  102179  -76019  102528  -75925  102848  -75780
 56715  103104  -75588  103266  -75357  103307  -75099  103209  -74829
 56717  102967  -74563  102584  -74317  102077  -74105  101471  -73940
 56719  100797  -73829  100092  -73775   99389  -73777   98720  -73829
 56721   98111  -73924   97581  -74051   97140  -74199   96794  -74357
 56723   96541  -74515   96373  -74663   96281  -74793   96250  -74899
 56725   96266  -74977   96312  -75023   96372  -75037   96431  -75017
 56727   96473  -74966   96485  -74885   96453  -74777   96367  -74647
 56729   96217  -74499   95997  -74339   95700  -74173   95326  -74007
 56731   94874  -73848   94348  -73703   93754  -73578   93101  -73478
 56733   92404  -73409   91676  -73376   90936  -73382   90202  -73426
 56735   89495  -73510   88836  -73630   88242  -73783   87731  -73963
 56737   87317  -74161   87008  -74369   86809  -74576   86718  -74774
 56739   86728  -74951   86826  -75098   86994  -75208   87206  -75273
 56741   87437  -75292   87656  -75263   87834  -75189   87942  -75075
 56743   87956  -74931   87856  -74767   87631  -74597   87278  -74435
 56745   86803  -74295   86222  -74190   85557  -74129   84838  -74120
 56747   84097  -74165   83366  -74264   82676  -74413   82052  -74604
 56749   81512  -74826   81071  -75069   80730  -75322   80490  -75573
 56751   80342  -75812   80274  -76032   80271  -76225   80315  -76388
 56753   80390  -76517   80477  -76612   80559  -76672   80621  -76700
 56755   80649  -76698   80630  -76671   80554  -76623   80414  -76559
 56757   80203  -76485   79918  -76406   79559  -76331   79127  -76263
 56759   78626  -76212   78065  -76181   77453  -76178   76804  -76207
 56761   76134  -76272   75460  -76375   74805  -76518   74187  -76701
 56763   73629  -76919   73149  -77168   72765  -77441   72490  -77729
 56765   72331  -78022   72289  -78309   72359  -78579   72530  -78821
 56767   72781  -79027   73090  -79188   73429  -79302   73767  -79367
 56769   74074  -79384   74322  -79359   74486  -79300   74547  -79217
 56771   74491  -79122   74316  -79027   74022  -78947   73623  -78892
