Nutation ephemeris from nutIAU200 for Oct 2016 - Mar 2018 IAU2000               
(1x,i5,8i8,8x,i2)                  2457674 2458233  4 -1          1.E-04
 57674  -68031  -82826  -68401  -82688  -68866  -82565  -69418  -82471
 57676  -70041  -82414  -70712  -82407  -71400  -82455  -72070  -82561
 57678  -72686  -82723  -73212  -82936  -73620  -83188  -73892  -83465
 57680  -74018  -83750  -74004  -84026  -73865  -84280  -73626  -84497
 57682  -73318  -84669  -72975  -84790  -72632  -84861  -72318  -84884
 57684  -72061  -84864  -71881  -84809  -71793  -84727  -71806  -84629
 57686  -71922  -84524  -72140  -84422  -72452  -84330  -72849  -84256
 57688  -73316  -84206  -73839  -84185  -74401  -84197  -74984  -84242
 57690  -75572  -84323  -76147  -84437  -76692  -84584  -77195  -84759
 57692  -77642  -84958  -78024  -85176  -78332  -85407  -78563  -85646
 57694  -78714  -85886  -78786  -86120  -78783  -86343  -78712  -86548
 57696  -78581  -86731  -78402  -86888  -78186  -87014  -77949  -87108
 57698  -77705  -87169  -77470  -87196  -77260  -87191  -77091  -87156
 57700  -76976  -87097  -76930  -87017  -76962  -86926  -77079  -86830
 57702  -77284  -86739  -77574  -86665  -77942  -86616  -78372  -86603
 57704  -78841  -86636  -79323  -86719  -79783  -86857  -80187  -87049
 57706  -80501  -87290  -80694  -87569  -80743  -87873  -80639  -88185
 57708  -80383  -88488  -79990  -88765  -79486  -89002  -78906  -89187
 57710  -78288  -89316  -77673  -89388  -77096  -89405  -76588  -89376
 57712  -76172  -89309  -75862  -89215  -75666  -89106  -75584  -88992
 57714  -75610  -88884  -75733  -88790  -75940  -88718  -76215  -88672
 57716  -76540  -88657  -76896  -88675  -77266  -88727  -77632  -88812
 57718  -77977  -88929  -78287  -89075  -78548  -89246  -78749  -89438
 57720  -78881  -89644  -78937  -89860  -78915  -90078  -78813  -90293
 57722  -78634  -90498  -78382  -90687  -78065  -90855  -77695  -90996
 57724  -77282  -91107  -76842  -91184  -76390  -91226  -75942  -91233
 57726  -75515  -91205  -75125  -91145  -74787  -91056  -74513  -90945
 57728  -74314  -90817  -74199  -90680  -74170  -90542  -74226  -90412
 57730  -74363  -90300  -74568  -90215  -74827  -90165  -75118  -90157
 57732  -75414  -90195  -75686  -90282  -75903  -90417  -76034  -90595
 57734  -76051  -90807  -75933  -91042  -75668  -91284  -75254  -91517
 57736  -74703  -91724  -74038  -91892  -73290  -92008  -72498  -92066
 57738  -71705  -92062  -70950  -92001  -70267  -91888  -69683  -91734
 57740  -69217  -91550  -68878  -91351  -68664  -91147  -68569  -90950
 57742  -68581  -90771  -68683  -90615  -68855  -90490  -69078  -90398
 57744  -69330  -90341  -69594  -90319  -69850  -90330  -70083  -90373
 57746  -70276  -90442  -70419  -90534  -70501  -90644  -70515  -90766
 57748  -70455  -90894  -70318  -91021  -70106  -91142  -69822  -91250
 57750  -69470  -91339  -69060  -91404  -68603  -91440  -68113  -91443
 57752  -67603  -91411  -67092  -91342  -66597  -91236  -66135  -91096
 57754  -65723  -90924  -65375  -90725  -65104  -90506  -64920  -90274
 57756  -64828  -90038  -64828  -89806  -64915  -89588  -65082  -89392
 57758  -65312  -89227  -65589  -89100  -65888  -89014  -66184  -88974
 57760  -66449  -88979  -66656  -89027  -66779  -89111  -66796  -89223
 57762  -66689  -89352  -66450  -89485  -66079  -89607  -65586  -89705
 57764  -64990  -89765  -64319  -89776  -63607  -89733  -62892  -89631
 57766  -62212  -89473  -61601  -89265  -61088  -89014  -60693  -88735
 57768  -60427  -88438  -60293  -88137  -60285  -87845  -60389  -87571
 57770  -60590  -87324  -60865  -87111  -61193  -86934  -61552  -86795
 57772  -61922  -86694  -62282  -86628  -62616  -86594  -62909  -86589
 57774  -63151  -86605  -63330  -86639  -63443  -86683  -63483  -86732
 57776  -63451  -86779  -63347  -86819  -63176  -86844  -62945  -86850
 57778  -62661  -86831  -62337  -86783  -61986  -86702  -61623  -86587
 57780  -61265  -86435  -60931  -86248  -60637  -86027  -60402  -85776
 57782  -60240  -85501  -60164  -85209  -60182  -84908  -60300  -84607
 57784  -60514  -84317  -60819  -84048  -61201  -83808  -61643  -83604
 57786  -62122  -83444  -62612  -83330  -63086  -83263  -63518  -83240
 57788  -63881  -83257  -64154  -83307  -64319  -83378  -64367  -83460
 57790  -64294  -83541  -64105  -83606  -63813  -83644  -63439  -83645
 57792  -63007  -83601  -62550  -83507  -62098  -83360  -61686  -83164
 57794  -61342  -82923  -61092  -82646  -60954  -82343  -60938  -82026
 57796  -61049  -81708  -61280  -81399  -61621  -81112  -62054  -80853
 57798  -62561  -80629  -63119  -80444  -63705  -80301  -64297  -80197
 57800  -64877  -80131  -65425  -80099  -65929  -80096  -66376  -80116
 57802  -66758  -80154  -67070  -80202  -67310  -80254  -67477  -80304
 57804  -67574  -80345  -67607  -80372  -67582  -80380  -67510  -80363
 57806  -67401  -80318  -67270  -80242  -67131  -80133  -66999  -79989
 57808  -66894  -79812  -66830  -79604  -66826  -79368  -66897  -79111
 57810  -67055  -78839  -67308  -78561  -67660  -78288  -68110  -78030
 57812  -68649  -77797  -69261  -77599  -69927  -77445  -70620  -77339
 57814  -71311  -77284  -71970  -77280  -72569  -77322  -73082  -77403
 57816  -73490  -77513  -73780  -77641  -73948  -77772  -73998  -77894
 57818  -73940  -77995  -73794  -78064  -73583  -78093  -73336  -78077
 57820  -73082  -78012  -72850  -77900  -72669  -77745  -72563  -77552
 57822  -72550  -77330  -72646  -77090  -72856  -76842  -73180  -76597
 57824  -73613  -76365  -74144  -76156  -74756  -75978  -75430  -75836
 57826  -76146  -75734  -76880  -75673  -77613  -75652  -78325  -75669
 57828  -78998  -75721  -79619  -75801  -80177  -75904  -80663  -76023
 57830  -81074  -76152  -81409  -76284  -81668  -76411  -81856  -76529
 57832  -81980  -76631  -82048  -76713  -82071  -76770  -82060  -76798
 57834  -82029  -76796  -81993  -76761  -81967  -76694  -81967  -76596
 57836  -82009  -76468  -82107  -76315  -82277  -76143  -82529  -75958
 57838  -82871  -75769  -83308  -75586  -83836  -75420  -84447  -75281
 57840  -85127  -75178  -85853  -75122  -86597  -75117  -87329  -75167
 57842  -88014  -75270  -88623  -75422  -89127  -75613  -89508  -75831
 57844  -89754  -76062  -89865  -76291  -89850  -76504  -89729  -76687
 57846  -89525  -76832  -89269  -76929  -88994  -76977  -88731  -76976
 57848  -88510  -76928  -88355  -76840  -88287  -76720  -88321  -76577
 57850  -88463  -76423  -88716  -76267  -89075  -76119  -89532  -75990
 57852  -90072  -75886  -90680  -75814  -91335  -75778  -92018  -75781
 57854  -92708  -75824  -93385  -75906  -94031  -76023  -94631  -76171
 57856  -95170  -76346  -95639  -76541  -96031  -76749  -96343  -76964
 57858  -96575  -77179  -96730  -77386  -96812  -77580  -96830  -77756
 57860  -96795  -77909  -96716  -78035  -96609  -78130  -96486  -78194
 57862  -96362  -78225  -96253  -78224  -96172  -78193  -96136  -78134
 57864  -96156  -78051  -96245  -77951  -96412  -77840  -96664  -77726
 57866  -97002  -77618  -97425  -77527  -97924  -77462  -98483  -77433
 57868  -99082  -77448  -99694  -77514 -100287  -77634 -100826  -77808
 57870 -101280  -78030 -101618  -78292 -101819  -78580 -101870  -78879
 57872 -101771  -79173 -101536  -79444 -101185  -79679 -100752  -79867
 57874 -100272  -80001  -99783  -80078  -99323  -80100  -98922  -80074
 57876  -98606  -80008  -98394  -79912  -98295  -79798  -98314  -79677
 57878  -98446  -79559  -98683  -79455  -99011  -79374  -99414  -79321
 57880  -99873  -79301 -100368  -79319 -100878  -79374 -101384  -79467
 57882 -101868  -79595 -102312  -79756 -102702  -79944 -103027  -80153
 57884 -103279  -80379 -103450  -80614 -103540  -80851 -103550  -81083
 57886 -103483  -81305 -103346  -81509 -103149  -81691 -102902  -81847
 57888 -102618  -81972 -102311  -82065 -101997  -82125 -101690  -82150
 57890 -101405  -82143 -101157  -82107 -100959  -82043 -100823  -81958
 57892 -100758  -81858 -100772  -81748 -100868  -81638 -101046  -81535
 57894 -101302  -81449 -101627  -81389 -102005  -81363 -102417  -81379
 57896 -102836  -81442 -103233  -81556 -103576  -81719 -103833  -81929
 57898 -103973  -82176 -103974  -82449 -103821  -82731 -103511  -83007
 57900 -103057  -83259 -102480  -83471 -101814  -83631 -101100  -83731
 57902 -100380  -83769  -99696  -83746  -99084  -83671  -98573  -83553
 57904  -98182  -83405  -97920  -83240  -97787  -83071  -97777  -82911
 57906  -97876  -82768  -98068  -82652  -98331  -82569  -98645  -82522
 57908  -98987  -82512  -99336  -82541  -99674  -82606  -99981  -82704
 57910 -100244  -82831 -100448  -82981 -100585  -83150 -100647  -83330
 57912 -100631  -83515 -100535  -83698 -100362  -83872 -100117  -84031
 57914  -99808  -84170  -99444  -84284  -99038  -84368  -98604  -84420
 57916  -98157  -84437  -97711  -84419  -97283  -84367  -96889  -84282
 57918  -96541  -84168  -96253  -84029  -96035  -83872  -95896  -83701
 57920  -95839  -83526  -95866  -83353  -95974  -83191  -96156  -83048
 57922  -96401  -82932  -96693  -82851  -97010  -82810  -97329  -82814
 57924  -97621  -82864  -97859  -82959  -98012  -83096  -98055  -83265
 57926  -97965  -83456  -97729  -83656  -97344  -83848  -96817  -84017
 57928  -96169  -84146  -95430  -84223  -94640  -84239  -93842  -84191
 57930  -93080  -84081  -92394  -83915  -91814  -83704  -91364  -83462
 57932  -91055  -83203  -90886  -82941  -90850  -82691  -90930  -82462
 57934  -91107  -82265  -91357  -82103  -91656  -81982  -91980  -81901
 57936  -92307  -81860  -92616  -81855  -92890  -81883  -93114  -81938
 57938  -93278  -82015  -93373  -82106  -93395  -82206  -93339  -82307
 57940  -93209  -82404  -93006  -82489  -92738  -82556  -92412  -82601
 57942  -92040  -82619  -91635  -82605  -91210  -82558  -90780  -82476
 57944  -90363  -82359  -89974  -82208  -89629  -82025  -89340  -81815
 57946  -89122  -81584  -88983  -81336  -88929  -81080  -88963  -80824
 57948  -89084  -80575  -89287  -80342  -89560  -80134  -89891  -79956
 57950  -90260  -79816  -90645  -79717  -91023  -79662  -91367  -79651
 57952  -91651  -79681  -91850  -79746  -91942  -79839  -91910  -79949
 57954  -91744  -80063  -91443  -80167  -91015  -80247  -90479  -80289
 57956  -89861  -80281  -89198  -80216  -88529  -80091  -87894  -79905
 57958  -87332  -79666  -86875  -79383  -86547  -79068  -86361  -78738
 57960  -86318  -78406  -86412  -78087  -86626  -77792  -86940  -77532
 57962  -87328  -77311  -87764  -77134  -88223  -77001  -88680  -76910
 57964  -89115  -76858  -89510  -76839  -89852  -76847  -90129  -76876
 57966  -90335  -76919  -90467  -76968  -90524  -77017  -90508  -77059
 57968  -90425  -77087  -90281  -77097  -90086  -77083  -89852  -77041
 57970  -89592  -76968  -89319  -76862  -89050  -76722  -88800  -76547
 57972  -88586  -76341  -88423  -76105  -88324  -75844  -88301  -75565
 57974  -88364  -75273  -88517  -74978  -88762  -74688  -89096  -74411
 57976  -89509  -74156  -89990  -73931  -90520  -73743  -91079  -73596
 57978  -91642  -73494  -92185  -73438  -92681  -73424  -93106  -73449
 57980  -93438  -73505  -93661  -73583  -93764  -73671  -93742  -73758
 57982  -93599  -73830  -93346  -73875  -93004  -73881  -92600  -73840
 57984  -92164  -73746  -91732  -73597  -91341  -73394  -91022  -73143
 57986  -90805  -72854  -90710  -72539  -90750  -72210  -90926  -71882
 57988  -91232  -71569  -91654  -71282  -92172  -71031  -92760  -70822
 57990  -93392  -70659  -94041  -70542  -94684  -70470  -95299  -70438
 57992  -95867  -70440  -96376  -70471  -96815  -70522  -97178  -70586
 57994  -97464  -70656  -97674  -70724  -97811  -70783  -97882  -70829
 57996  -97896  -70854  -97863  -70855  -97795  -70828  -97706  -70771
 57998  -97609  -70681  -97521  -70558  -97456  -70403  -97430  -70217
 58000  -97457  -70005  -97551  -69772  -97723  -69522  -97982  -69263
 58002  -98332  -69005  -98772  -68755  -99300  -68524  -99904  -68320
 58004 -100569  -68151 -101275  -68023 -101999  -67943 -102713  -67911
 58006 -103390  -67926 -104003  -67986 -104529  -68082 -104948  -68206
 58008 -105248  -68346 -105424  -68490 -105476  -68625 -105417  -68739
 58010 -105263  -68820 -105038  -68859 -104770  -68851 -104492  -68792
 58012 -104235  -68681 -104031  -68524 -103906  -68327 -103882  -68098
 58014 -103976  -67850 -104195  -67595 -104539  -67346 -105000  -67114
 58016 -105563  -66911 -106210  -66744 -106916  -66620 -107656  -66542
 58018 -108405  -66510 -109139  -66523 -109837  -66576 -110481  -66663
 58020 -111057  -66778 -111556  -66913 -111975  -67059 -112310  -67210
 58022 -112566  -67357 -112746  -67494 -112860  -67615 -112918  -67714
 58024 -112930  -67788 -112910  -67833 -112872  -67847 -112830  -67830
 58026 -112799  -67780 -112794  -67699 -112828  -67590 -112916  -67457
 58028 -113070  -67303 -113299  -67136 -113611  -66962 -114009  -66790
 58030 -114495  -66629 -115062  -66488 -115699  -66377 -116391  -66304
 58032 -117116  -66275 -117848  -66296 -118558  -66368 -119216  -66490
 58034 -119792  -66657 -120263  -66860 -120610  -67088 -120822  -67327
 58036 -120897  -67565 -120844  -67785 -120681  -67975 -120430  -68125
 58038 -120124  -68227 -119793  -68277 -119473  -68275 -119195  -68224
 58040 -118986  -68129 -118870  -68000 -118862  -67848 -118972  -67683
 58042 -119201  -67519 -119545  -67365 -119993  -67234 -120528  -67133
 58044 -121130  -67070 -121777  -67049 -122443  -67072 -123107  -67140
 58046 -123744  -67249 -124337  -67396 -124867  -67574 -125324  -67777
 58048 -125698  -67997 -125985  -68226 -126186  -68456 -126304  -68680
 58050 -126345  -68890 -126318  -69081 -126236  -69248 -126111  -69387
 58052 -125957  -69496 -125788  -69572 -125619  -69615 -125465  -69626
 58054 -125340  -69606 -125257  -69559 -125228  -69489 -125264  -69400
 58056 -125373  -69299 -125561  -69193 -125830  -69089 -126180  -68996
 58058 -126604  -68923 -127092  -68879 -127627  -68872 -128190  -68908
 58060 -128753  -68994 -129288  -69130 -129762  -69316 -130146  -69547
 58062 -130411  -69814 -130538  -70105 -130515  -70406 -130341  -70699
 58064 -130027  -70968 -129595  -71201 -129077  -71384 -128509  -71510
 58066 -127931  -71578 -127380  -71588 -126893  -71547 -126496  -71463
 58068 -126209  -71348 -126045  -71215 -126007  -71075 -126090  -70941
 58070 -126285  -70825 -126575  -70735 -126941  -70679 -127360  -70662
 58072 -127810  -70687 -128268  -70753 -128710  -70861 -129117  -71006
 58074 -129471  -71184 -129758  -71388 -129967  -71613 -130092  -71849
 58076 -130130  -72090 -130081  -72328 -129951  -72556 -129746  -72766
 58078 -129476  -72954 -129155  -73114 -128795  -73243 -128413  -73338
 58080 -128022  -73399 -127639  -73426 -127278  -73420 -126953  -73383
 58082 -126676  -73320 -126458  -73233 -126309  -73130 -126234  -73016
 58084 -126237  -72898 -126319  -72784 -126477  -72682 -126704  -72598
 58086 -126988  -72542 -127316  -72521 -127665  -72540 -128013  -72604
 58088 -128330  -72715 -128589  -72873 -128757  -73073 -128808  -73308
 58090 -128719  -73566 -128475  -73833 -128074  -74091 -127524  -74325
 58092 -126846  -74517 -126075  -74656 -125250  -74731 -124418  -74740
 58094 -123623  -74686 -122905  -74574 -122296  -74417 -121817  -74228
 58096 -121479  -74023 -121283  -73815 -121219  -73619 -121271  -73446
 58098 -121420  -73305 -121640  -73201 -121907  -73140 -122196  -73121
 58100 -122482  -73143 -122746  -73204 -122967  -73300 -123131  -73424
 58102 -123225  -73569 -123242  -73730 -123177  -73897 -123029  -74065
 58104 -122800  -74224 -122495  -74370 -122123  -74495 -121695  -74594
 58106 -121223  -74663 -120722  -74699 -120208  -74700 -119695  -74665
 58108 -119200  -74595 -118738  -74493 -118321  -74360 -117963  -74202
 58110 -117673  -74023 -117458  -73830 -117324  -73628 -117271  -73427
 58112 -117298  -73231 -117400  -73050 -117568  -72890 -117789  -72758
 58114 -118048  -72660 -118324  -72601 -118595  -72583 -118836  -72609
 58116 -119020  -72676 -119120  -72781 -119111  -72916 -118973  -73073
 58118 -118691  -73236 -118259  -73393 -117683  -73526 -116981  -73620
 58120 -116180  -73661 -115321  -73640 -114448  -73550 -113608  -73394
 58122 -112846  -73177 -112198  -72911 -111692  -72610 -111341  -72292
 58124 -111146  -71973 -111097  -71669 -111176  -71393 -111357  -71154
 58126 -111613  -70958 -111915  -70810 -112234  -70707 -112545  -70649
 58128 -112827  -70630 -113061  -70644 -113235  -70685 -113337  -70745
 58130 -113362  -70817 -113308  -70892 -113176  -70963 -112970  -71024
 58132 -112697  -71067 -112366  -71089 -111990  -71083 -111580  -71046
 58134 -111152  -70975 -110721  -70870 -110301  -70730 -109910  -70556
 58136 -109561  -70351 -109268  -70119 -109042  -69863 -108893  -69591
 58138 -108826  -69308 -108846  -69022 -108952  -68741 -109139  -68471
 58140 -109400  -68220 -109725  -67995 -110097  -67802 -110500  -67646
 58142 -110913  -67529 -111312  -67454 -111676  -67420 -111980  -67424
 58144 -112200  -67461 -112318  -67524 -112316  -67603 -112184  -67686
 58146 -111920  -67761 -111528  -67813 -111023  -67828 -110431  -67796
 58148 -109784  -67705 -109122  -67553 -108488  -67337 -107924  -67063
 58150 -107468  -66740 -107148  -66383 -106981  -66007 -106973  -65631
 58152 -107116  -65270 -107393  -64939 -107777  -64650 -108239  -64409
 58154 -108747  -64220 -109270  -64082 -109780  -63993 -110254  -63946
 58156 -110673  -63934 -111025  -63950 -111300  -63984 -111495  -64028
 58158 -111610  -64074 -111648  -64114 -111616  -64142 -111523  -64151
 58160 -111379  -64136 -111196  -64093 -110989  -64020 -110772  -63914
 58162 -110559  -63775 -110367  -63603 -110209  -63400 -110100  -63168
 58164 -110053  -62912 -110077  -62638 -110183  -62350 -110374  -62057
 58166 -110654  -61765 -111019  -61483 -111466  -61218 -111982  -60979
 58168 -112556  -60771 -113170  -60601 -113803  -60471 -114433  -60384
 58170 -115037  -60341 -115591  -60338 -116074  -60371 -116466  -60434
 58172 -116750  -60518 -116917  -60612 -116961  -60705 -116885  -60785
 58174 -116698  -60839 -116417  -60856 -116068  -60827 -115680  -60745
 58176 -115288  -60607 -114929  -60413 -114638  -60168 -114448  -59881
 58178 -114383  -59564 -114460  -59232 -114683  -58901 -115047  -58587
 58180 -115538  -58303 -116131  -58061 -116797  -57869 -117504  -57731
 58182 -118222  -57647 -118920  -57614 -119575  -57626 -120166  -57676
 58184 -120680  -57754 -121109  -57851 -121450  -57957 -121706  -58064
 58186 -121880  -58163 -121982  -58248 -122024  -58312 -122017  -58350
 58188 -121975  -58360 -121913  -58339 -121846  -58285 -121789  -58199
 58190 -121756  -58081 -121761  -57935 -121818  -57762 -121939  -57568
 58192 -122131  -57357 -122404  -57138 -122762  -56915 -123205  -56699
 58194 -123730  -56495 -124332  -56313 -124997  -56161 -125712  -56044
 58196 -126455  -55969 -127206  -55938 -127939  -55954 -128629  -56014
 58198 -129252  -56116 -129787  -56252 -130214  -56415 -130522  -56593
 58200 -130705  -56775 -130764  -56948 -130708  -57100 -130552  -57220
 58202 -130320  -57299 -130039  -57329 -129739  -57307 -129455  -57232
 58204 -129219  -57107 -129060  -56938 -129003  -56735 -129067  -56511
 58206 -129261  -56277 -129588  -56049 -130040  -55841 -130602  -55664
 58208 -131251  -55529 -131959  -55442 -132698  -55408 -133438  -55427
 58210 -134150  -55496 -134809  -55609 -135398  -55758 -135901  -55935
 58212 -136311  -56130 -136626  -56332 -136847  -56533 -136983  -56724
 58214 -137043  -56898 -137040  -57048 -136987  -57170 -136902  -57261
 58216 -136799  -57319 -136694  -57344 -136603  -57335 -136540  -57295
 58218 -136518  -57226 -136550  -57132 -136645  -57018 -136813  -56890
 58220 -137059  -56755 -137386  -56618 -137794  -56488 -138280  -56374
 58222 -138836  -56282 -139449  -56221 -140103  -56197 -140778  -56216
 58224 -141450  -56281 -142092  -56393 -142678  -56551 -143182  -56750
 58226 -143581  -56982 -143856  -57238 -143997  -57504 -144001  -57768
 58228 -143874  -58015 -143630  -58232 -143293  -58409 -142891  -58536
 58230 -142457  -58610 -142027  -58627 -141635  -58591 -141311  -58508
 58232 -141082  -58386 -140966  -58237 -140975  -58074 -141113  -57909
