Nutation ephemeris from nutIAU200 for Oct 2017 - Mar 2019 IAU2000               
(1x,i5,8i8,8x,i2)                  2458039 2458598  4 -1          1.E-04
 58039 -119473  -68275 -119195  -68224 -118986  -68129 -118870  -68000
 58041 -118862  -67848 -118972  -67683 -119201  -67519 -119545  -67365
 58043 -119993  -67234 -120528  -67133 -121130  -67070 -121777  -67049
 58045 -122443  -67072 -123107  -67140 -123744  -67249 -124337  -67396
 58047 -124867  -67574 -125324  -67777 -125698  -67997 -125985  -68226
 58049 -126186  -68456 -126304  -68680 -126345  -68890 -126318  -69081
 58051 -126236  -69248 -126111  -69387 -125957  -69496 -125788  -69572
 58053 -125619  -69615 -125465  -69626 -125340  -69606 -125257  -69559
 58055 -125228  -69489 -125264  -69400 -125373  -69299 -125561  -69193
 58057 -125830  -69089 -126180  -68996 -126604  -68923 -127092  -68879
 58059 -127627  -68872 -128190  -68908 -128753  -68994 -129288  -69130
 58061 -129762  -69316 -130146  -69547 -130411  -69814 -130538  -70105
 58063 -130515  -70406 -130341  -70699 -130027  -70968 -129595  -71201
 58065 -129077  -71384 -128509  -71510 -127931  -71578 -127380  -71588
 58067 -126893  -71547 -126496  -71463 -126209  -71348 -126045  -71215
 58069 -126007  -71075 -126090  -70941 -126285  -70825 -126575  -70735
 58071 -126941  -70679 -127360  -70662 -127810  -70687 -128268  -70753
 58073 -128710  -70861 -129117  -71006 -129471  -71184 -129758  -71388
 58075 -129967  -71613 -130092  -71849 -130130  -72090 -130081  -72328
 58077 -129951  -72556 -129746  -72766 -129476  -72954 -129155  -73114
 58079 -128795  -73243 -128413  -73338 -128022  -73399 -127639  -73426
 58081 -127278  -73420 -126953  -73383 -126676  -73320 -126458  -73233
 58083 -126309  -73130 -126234  -73016 -126237  -72898 -126319  -72784
 58085 -126477  -72682 -126704  -72598 -126988  -72542 -127316  -72521
 58087 -127665  -72540 -128013  -72604 -128330  -72715 -128589  -72873
 58089 -128757  -73073 -128808  -73308 -128719  -73566 -128475  -73833
 58091 -128074  -74091 -127524  -74325 -126846  -74517 -126075  -74656
 58093 -125250  -74731 -124418  -74740 -123623  -74686 -122905  -74574
 58095 -122296  -74417 -121817  -74228 -121479  -74023 -121283  -73815
 58097 -121219  -73619 -121271  -73446 -121420  -73305 -121640  -73201
 58099 -121907  -73140 -122196  -73121 -122482  -73143 -122746  -73204
 58101 -122967  -73300 -123131  -73424 -123225  -73569 -123242  -73730
 58103 -123177  -73897 -123029  -74065 -122800  -74224 -122495  -74370
 58105 -122123  -74495 -121695  -74594 -121223  -74663 -120722  -74699
 58107 -120208  -74700 -119695  -74665 -119200  -74595 -118738  -74493
 58109 -118321  -74360 -117963  -74202 -117673  -74023 -117458  -73830
 58111 -117324  -73628 -117271  -73427 -117298  -73231 -117400  -73050
 58113 -117568  -72890 -117789  -72758 -118048  -72660 -118324  -72601
 58115 -118595  -72583 -118836  -72609 -119020  -72676 -119120  -72781
 58117 -119111  -72916 -118973  -73073 -118691  -73236 -118259  -73393
 58119 -117683  -73526 -116981  -73620 -116180  -73661 -115321  -73640
 58121 -114448  -73550 -113608  -73394 -112846  -73177 -112198  -72911
 58123 -111692  -72610 -111341  -72292 -111146  -71973 -111097  -71669
 58125 -111176  -71393 -111357  -71154 -111613  -70958 -111915  -70810
 58127 -112234  -70707 -112545  -70649 -112827  -70630 -113061  -70644
 58129 -113235  -70685 -113337  -70745 -113362  -70817 -113308  -70892
 58131 -113176  -70963 -112970  -71024 -112697  -71067 -112366  -71089
 58133 -111990  -71083 -111580  -71046 -111152  -70975 -110721  -70870
 58135 -110301  -70730 -109910  -70556 -109561  -70351 -109268  -70119
 58137 -109042  -69863 -108893  -69591 -108826  -69308 -108846  -69022
 58139 -108952  -68741 -109139  -68471 -109400  -68220 -109725  -67995
 58141 -110097  -67802 -110500  -67646 -110913  -67529 -111312  -67454
 58143 -111676  -67420 -111980  -67424 -112200  -67461 -112318  -67524
 58145 -112316  -67603 -112184  -67686 -111920  -67761 -111528  -67813
 58147 -111023  -67828 -110431  -67796 -109784  -67705 -109122  -67553
 58149 -108488  -67337 -107924  -67063 -107468  -66740 -107148  -66383
 58151 -106981  -66007 -106973  -65631 -107116  -65270 -107393  -64939
 58153 -107777  -64650 -108239  -64409 -108747  -64220 -109270  -64082
 58155 -109780  -63993 -110254  -63946 -110673  -63934 -111025  -63950
 58157 -111300  -63984 -111495  -64028 -111610  -64074 -111648  -64114
 58159 -111616  -64142 -111523  -64151 -111379  -64136 -111196  -64093
 58161 -110989  -64020 -110772  -63914 -110559  -63775 -110367  -63603
 58163 -110209  -63400 -110100  -63168 -110053  -62912 -110077  -62638
 58165 -110183  -62350 -110374  -62057 -110654  -61765 -111019  -61483
 58167 -111466  -61218 -111982  -60979 -112556  -60771 -113170  -60601
 58169 -113803  -60471 -114433  -60384 -115037  -60341 -115591  -60338
 58171 -116074  -60371 -116466  -60434 -116750  -60518 -116917  -60612
 58173 -116961  -60705 -116885  -60785 -116698  -60839 -116417  -60856
 58175 -116068  -60827 -115680  -60745 -115288  -60607 -114929  -60413
 58177 -114638  -60168 -114448  -59881 -114383  -59564 -114460  -59232
 58179 -114683  -58901 -115047  -58587 -115538  -58303 -116131  -58061
 58181 -116797  -57869 -117504  -57731 -118222  -57647 -118920  -57614
 58183 -119575  -57626 -120166  -57676 -120680  -57754 -121109  -57851
 58185 -121450  -57957 -121706  -58064 -121880  -58163 -121982  -58248
 58187 -122024  -58312 -122017  -58350 -121975  -58360 -121913  -58339
 58189 -121846  -58285 -121789  -58199 -121756  -58081 -121761  -57935
 58191 -121818  -57762 -121939  -57568 -122131  -57357 -122404  -57138
 58193 -122762  -56915 -123205  -56699 -123730  -56495 -124332  -56313
 58195 -124997  -56161 -125712  -56044 -126455  -55969 -127206  -55938
 58197 -127939  -55954 -128629  -56014 -129252  -56116 -129787  -56252
 58199 -130214  -56415 -130522  -56593 -130705  -56775 -130764  -56948
 58201 -130708  -57100 -130552  -57220 -130320  -57299 -130039  -57329
 58203 -129739  -57307 -129455  -57232 -129219  -57107 -129060  -56938
 58205 -129003  -56735 -129067  -56511 -129261  -56277 -129588  -56049
 58207 -130040  -55841 -130602  -55664 -131251  -55529 -131959  -55442
 58209 -132698  -55408 -133438  -55427 -134150  -55496 -134809  -55609
 58211 -135398  -55758 -135901  -55935 -136311  -56130 -136626  -56332
 58213 -136847  -56533 -136983  -56724 -137043  -56898 -137040  -57048
 58215 -136987  -57170 -136902  -57261 -136799  -57319 -136694  -57344
 58217 -136603  -57335 -136540  -57295 -136518  -57226 -136550  -57132
 58219 -136645  -57018 -136813  -56890 -137059  -56755 -137386  -56618
 58221 -137794  -56488 -138280  -56374 -138836  -56282 -139449  -56221
 58223 -140103  -56197 -140778  -56216 -141450  -56281 -142092  -56393
 58225 -142678  -56551 -143182  -56750 -143581  -56982 -143856  -57238
 58227 -143997  -57504 -144001  -57768 -143874  -58015 -143630  -58232
 58229 -143293  -58409 -142891  -58536 -142457  -58610 -142027  -58627
 58231 -141635  -58591 -141311  -58508 -141082  -58386 -140966  -58237
 58233 -140975  -58074 -141113  -57909 -141374  -57756 -141747  -57628
 58235 -142213  -57533 -142750  -57481 -143330  -57476 -143926  -57521
 58237 -144510  -57614 -145057  -57753 -145545  -57932 -145956  -58143
 58239 -146277  -58377 -146502  -58626 -146629  -58879 -146661  -59127
 58241 -146606  -59362 -146474  -59577 -146279  -59765 -146037  -59922
 58243 -145765  -60045 -145478  -60133 -145195  -60184 -144929  -60202
 58245 -144697  -60187 -144511  -60143 -144382  -60075 -144320  -59988
 58247 -144331  -59887 -144421  -59780 -144590  -59673 -144838  -59573
 58249 -145159  -59489 -145544  -59428 -145982  -59397 -146455  -59402
 58251 -146943  -59449 -147423  -59540 -147868  -59678 -148250  -59860
 58253 -148543  -60081 -148722  -60335 -148767  -60610 -148668  -60893
 58255 -148421  -61169 -148034  -61422 -147525  -61639 -146923  -61807
 58257 -146262  -61918 -145582  -61968 -144923  -61956 -144322  -61888
 58259 -143813  -61772 -143420  -61620 -143157  -61446 -143032  -61263
 58261 -143040  -61087 -143172  -60930 -143409  -60803 -143728  -60715
 58263 -144103  -60670 -144508  -60672 -144916  -60722 -145300  -60817
 58265 -145638  -60953 -145911  -61122 -146104  -61318 -146208  -61532
 58267 -146217  -61755 -146132  -61978 -145955  -62192 -145696  -62389
 58269 -145366  -62562 -144978  -62706 -144550  -62817 -144097  -62891
 58271 -143637  -62929 -143187  -62930 -142763  -62895 -142379  -62828
 58273 -142048  -62733 -141781  -62614 -141586  -62477 -141468  -62329
 58275 -141431  -62175 -141474  -62024 -141595  -61882 -141786  -61756
 58277 -142038  -61654 -142338  -61581 -142669  -61543 -143012  -61545
 58279 -143343  -61589 -143638  -61676 -143870  -61805 -144012  -61971
 58281 -144042  -62167 -143939  -62382 -143689  -62604 -143290  -62817
 58283 -142747  -63006 -142079  -63155 -141313  -63252 -140489  -63286
 58285 -139648  -63254 -138838  -63156 -138100  -62997 -137470  -62788
 58287 -136975  -62544 -136630  -62280 -136437  -62013 -136389  -61759
 58289 -136469  -61530 -136654  -61338 -136916  -61191 -137226  -61091
 58291 -137555  -61040 -137875  -61037 -138161  -61076 -138394  -61153
 58293 -138557  -61259 -138639  -61386 -138632  -61526 -138535  -61670
 58295 -138350  -61808 -138082  -61934 -137740  -62039 -137338  -62118
 58297 -136888  -62167 -136407  -62180 -135912  -62157 -135419  -62097
 58299 -134945  -62001 -134506  -61870 -134117  -61708 -133788  -61519
 58301 -133530  -61310 -133351  -61085 -133254  -60852 -133241  -60617
 58303 -133309  -60387 -133455  -60170 -133669  -59972 -133941  -59800
 58305 -134255  -59658 -134596  -59552 -134943  -59484 -135275  -59457
 58307 -135568  -59470 -135798  -59521 -135942  -59606 -135978  -59717
 58309 -135888  -59844 -135661  -59977 -135291  -60100 -134784  -60199
 58311 -134155  -60259 -133430  -60268 -132645  -60215 -131843  -60095
 58313 -131070  -59907 -130371  -59657 -129786  -59356 -129345  -59018
 58315 -129064  -58661 -128948  -58304 -128987  -57964 -129161  -57655
 58317 -129444  -57390 -129803  -57175 -130204  -57014 -130616  -56905
 58319 -131010  -56846 -131361  -56831 -131650  -56851 -131863  -56898
 58321 -131992  -56963 -132032  -57036 -131986  -57108 -131857  -57172
 58323 -131653  -57219 -131386  -57243 -131069  -57239 -130716  -57204
 58325 -130343  -57134 -129967  -57027 -129603  -56885 -129269  -56709
 58327 -128978  -56500 -128744  -56264 -128578  -56004 -128490  -55727
 58329 -128484  -55439 -128565  -55146 -128731  -54857 -128979  -54578
 58331 -129303  -54316 -129692  -54078 -130133  -53869 -130610  -53694
 58333 -131105  -53557 -131598  -53458 -132067  -53400 -132491  -53380
 58335 -132848  -53396 -133118  -53440 -133284  -53507 -133330  -53587
 58337 -133249  -53667 -133039  -53737 -132705  -53782 -132262  -53790
 58339 -131733  -53750 -131150  -53652 -130552  -53490 -129982  -53265
 58341 -129482  -52980 -129091  -52645 -128839  -52275 -128746  -51887
 58343 -128819  -51499 -129049  -51131 -129418  -50797 -129896  -50510
 58345 -130450  -50279 -131042  -50107 -131639  -49992 -132208  -49931
 58347 -132724  -49915 -133169  -49936 -133529  -49983 -133798  -50045
 58349 -133975  -50114 -134064  -50178 -134073  -50230 -134013  -50264
 58351 -133896  -50272 -133738  -50250 -133553  -50196 -133358  -50107
 58353 -133169  -49984 -133002  -49826 -132871  -49636 -132792  -49418
 58355 -132775  -49175 -132831  -48913 -132967  -48637 -133188  -48355
 58357 -133495  -48074 -133888  -47801 -134361  -47543 -134904  -47308
 58359 -135506  -47101 -136152  -46928 -136825  -46793 -137503  -46698
 58361 -138167  -46645 -138795  -46632 -139365  -46657 -139858  -46714
 58363 -140257  -46797 -140548  -46897 -140721  -47004 -140774  -47108
 58365 -140708  -47196 -140533  -47257 -140266  -47279 -139930  -47255
 58367 -139556  -47176 -139177  -47040 -138831  -46846 -138555  -46600
 58369 -138382  -46310 -138339  -45989 -138444  -45653 -138703  -45319
 58371 -139111  -45006 -139649  -44728 -140290  -44498 -141002  -44326
 58373 -141747  -44215 -142489  -44164 -143195  -44169 -143839  -44222
 58375 -144400  -44312 -144865  -44429 -145230  -44561 -145496  -44697
 58377 -145668  -44826 -145757  -44940 -145777  -45032 -145743  -45097
 58379 -145671  -45129 -145579  -45128 -145484  -45092 -145401  -45021
 58381 -145347  -44917 -145336  -44783 -145379  -44622 -145489  -44440
 58383 -145673  -44242 -145937  -44035 -146286  -43824 -146719  -43618
 58385 -147232  -43424 -147821  -43250 -148474  -43101 -149178  -42986
 58387 -149915  -42907 -150667  -42870 -151413  -42876 -152128  -42926
 58389 -152792  -43016 -153382  -43143 -153880  -43300 -154270  -43479
 58391 -154543  -43669 -154693  -43860 -154723  -44040 -154641  -44198
 58393 -154461  -44323 -154206  -44406 -153901  -44439 -153578  -44419
 58395 -153268  -44345 -153005  -44220 -152819  -44049 -152738  -43842
 58397 -152782  -43612 -152962  -43373 -153282  -43141 -153733  -42931
 58399 -154298  -42757 -154952  -42631 -155663  -42560 -156398  -42549
 58401 -157120  -42597 -157798  -42700 -158406  -42850 -158922  -43037
 58403 -159334  -43249 -159637  -43475 -159832  -43703 -159926  -43922
 58405 -159932  -44124 -159866  -44299 -159744  -44444 -159586  -44554
 58407 -159411  -44627 -159237  -44663 -159080  -44664 -158956  -44632
 58409 -158880  -44569 -158862  -44482 -158912  -44374 -159038  -44252
 58411 -159243  -44122 -159530  -43992 -159898  -43868 -160343  -43759
 58413 -160856  -43670 -161426  -43609 -162040  -43581 -162678  -43593
 58415 -163322  -43647 -163947  -43745 -164530  -43887 -165048  -44070
 58417 -165476  -44288 -165798  -44534 -165997  -44798 -166066  -45069
 58419 -166002  -45333 -165814  -45578 -165514  -45792 -165124  -45965
 58421 -164671  -46089 -164188  -46158 -163707  -46171 -163262  -46131
 58423 -162884  -46041 -162601  -45912 -162433  -45754 -162392  -45581
 58425 -162484  -45407 -162705  -45246 -163042  -45111 -163475  -45015
 58427 -163979  -44965 -164523  -44969 -165075  -45028 -165605  -45141
 58429 -166083  -45304 -166485  -45509 -166791  -45747 -166990  -46008
 58431 -167076  -46278 -167052  -46547 -166925  -46804 -166708  -47040
 58433 -166417  -47248 -166071  -47421 -165690  -47556 -165294  -47652
 58435 -164903  -47709 -164534  -47727 -164204  -47711 -163926  -47665
 58437 -163711  -47593 -163568  -47501 -163504  -47396 -163520  -47284
 58439 -163617  -47172 -163793  -47068 -164043  -46978 -164356  -46909
 58441 -164722  -46868 -165127  -46859 -165551  -46888 -165974  -46959
 58443 -166374  -47072 -166727  -47226 -167007  -47421 -167192  -47649
 58445 -167261  -47903 -167199  -48172 -166996  -48444 -166653  -48705
 58447 -166176  -48941 -165585  -49139 -164905  -49288 -164170  -49379
 58449 -163417  -49408 -162685  -49376 -162012  -49286 -161430  -49148
 58451 -160965  -48973 -160634  -48775 -160443  -48569 -160390  -48370
 58453 -160464  -48192 -160646  -48046 -160912  -47942 -161232  -47888
 58455 -161578  -47884 -161918  -47933 -162223  -48031 -162470  -48172
 58457 -162637  -48348 -162708  -48551 -162676  -48769 -162536  -48993
 58459 -162291  -49210 -161949  -49412 -161524  -49590 -161030  -49736
 58461 -160488  -49847 -159917  -49917 -159336  -49946 -158767  -49935
 58463 -158227  -49885 -157733  -49799 -157297  -49683 -156932  -49541
 58465 -156645  -49381 -156441  -49209 -156321  -49031 -156285  -48855
 58467 -156329  -48688 -156445  -48536 -156623  -48405 -156852  -48302
 58469 -157116  -48231 -157397  -48195 -157675  -48199 -157930  -48242
 58471 -158138  -48325 -158275  -48444 -158319  -48594 -158251  -48768
 58473 -158053  -48956 -157715  -49146 -157235  -49323 -156619  -49474
 58475 -155885  -49584 -155058  -49642 -154176  -49637 -153279  -49564
 58477 -152412  -49425 -151618  -49224 -150933  -48972 -150387  -48684
 58479 -149994  -48374 -149761  -48063 -149679  -47765 -149730  -47497
 58481 -149890  -47269 -150129  -47090 -150412  -46965 -150708  -46894
 58483 -150987  -46874 -151220  -46900 -151387  -46965 -151471  -47060
 58485 -151460  -47174 -151350  -47298 -151142  -47420 -150839  -47533
 58487 -150452  -47626 -149995  -47692 -149482  -47726 -148933  -47722
 58489 -148366  -47679 -147801  -47596 -147256  -47473 -146750  -47313
 58491 -146297  -47119 -145911  -46897 -145603  -46652 -145378  -46391
 58493 -145242  -46121 -145194  -45849 -145232  -45582 -145351  -45327
 58495 -145543  -45091 -145795  -44879 -146094  -44695 -146425  -44545
 58497 -146769  -44431 -147109  -44355 -147422  -44317 -147689  -44315
 58499 -147889  -44347 -148000  -44407 -148007  -44488 -147893  -44581
 58501 -147650  -44676 -147274  -44758 -146770  -44816 -146151  -44835
 58503 -145441  -44804 -144672  -44712 -143885  -44553 -143125  -44326
 58505 -142435  -44037 -141858  -43693 -141426  -43312 -141160  -42910
 58507 -141066  -42507 -141136  -42123 -141351  -41775 -141679  -41475
 58509 -142086  -41233 -142532  -41052 -142981  -40930 -143401  -40863
 58511 -143764  -40844 -144050  -40862 -144246  -40907 -144344  -40968
 58513 -144344  -41033 -144250  -41092 -144071  -41136 -143820  -41158
 58515 -143512  -41151 -143162  -41110 -142790  -41032 -142414  -40917
 58517 -142052  -40763 -141721  -40572 -141437  -40349 -141215  -40095
 58519 -141065  -39818 -140997  -39522 -141016  -39215 -141125  -38904
 58521 -141324  -38596 -141609  -38298 -141972  -38016 -142403  -37758
 58523 -142890  -37529 -143418  -37332 -143969  -37171 -144526  -37049
 58525 -145070  -36965 -145580  -36919 -146038  -36908 -146425  -36928
 58527 -146724  -36973 -146921  -37036 -147005  -37108 -146969  -37178
 58529 -146814  -37235 -146543  -37268 -146171  -37265 -145718  -37215
 58531 -145213  -37110 -144689  -36943 -144188  -36714 -143750  -36425
 58533 -143414  -36085 -143215  -35707 -143176  -35309 -143306  -34909
 58535 -143601  -34529 -144042  -34187 -144601  -33898 -145238  -33671
 58537 -145911  -33512 -146580  -33418 -147208  -33386 -147766  -33404
 58539 -148233  -33462 -148596  -33546 -148851  -33643 -149002  -33742
 58541 -149057  -33831 -149028  -33901 -148932  -33944 -148787  -33956
 58543 -148611  -33932 -148425  -33871 -148245  -33773 -148090  -33638
 58545 -147975  -33469 -147915  -33271 -147922  -33048 -148005  -32804
 58547 -148171  -32548 -148425  -32285 -148767  -32023 -149195  -31769
 58549 -149704  -31530 -150285  -31313 -150927  -31123 -151615  -30966
 58551 -152334  -30845 -153064  -30764 -153787  -30723 -154483  -30722
 58553 -155133  -30758 -155717  -30829 -156220  -30928 -156627  -31048
 58555 -156927  -31181 -157114  -31318 -157186  -31449 -157146  -31562
 58557 -157005  -31648 -156777  -31696 -156484  -31699 -156153  -31649
 58559 -155816  -31543 -155506  -31381 -155259  -31167 -155108  -30907
 58561 -155082  -30615 -155201  -30306 -155474  -29997 -155899  -29707
 58563 -156459  -29454 -157128  -29252 -157870  -29114 -158643  -29044
 58565 -159405  -29042 -160117  -29104 -160749  -29220 -161275  -29376
 58567 -161684  -29560 -161972  -29756 -162143  -29951 -162209  -30133
 58569 -162186  -30291 -162095  -30419 -161957  -30510 -161793  -30563
 58571 -161624  -30576 -161471  -30550 -161350  -30488 -161278  -30392
 58573 -161267  -30269 -161328  -30123 -161468  -29960 -161692  -29787
 58575 -162003  -29612 -162399  -29441 -162876  -29282 -163428  -29140
 58577 -164044  -29024 -164712  -28937 -165417  -28886 -166140  -28874
 58579 -166863  -28902 -167565  -28972 -168226  -29081 -168825  -29228
 58581 -169344  -29406 -169767  -29610 -170083  -29831 -170283  -30059
 58583 -170364  -30284 -170329  -30495 -170188  -30682 -169955  -30835
 58585 -169649  -30945 -169296  -31007 -168924  -31015 -168564  -30970
 58587 -168248  -30872 -168005  -30728 -167863  -30547 -167844  -30341
 58589 -167959  -30123 -168215  -29911 -168604  -29721 -169111  -29567
 58591 -169710  -29463 -170367  -29419 -171045  -29439 -171704  -29524
 58593 -172306  -29670 -172822  -29868 -173226  -30105 -173505  -30369
 58595 -173654  -30643 -173677  -30914 -173588  -31168 -173404  -31396
 58597 -173147  -31589 -172842  -31742 -172512  -31852 -172182  -31918
