Nutation ephemeris from nutIAU200 for Oct 2003 - Mar 2005 IAU2000               
(1x,i5,8i8,8x,i2)                  2452925 2453484  4 -1          1.E-04
 52925 -145210   61887 -145561   61646 -145809   61394 -145952   61141
 52927 -145995   60896 -145942   60667 -145803   60463 -145591   60289
 52929 -145320   60153 -145007   60058 -144671   60008 -144332   60004
 52931 -144009   60047 -143725   60134 -143499   60262 -143351   60426
 52933 -143299   60616 -143356   60824 -143533   61036 -143831   61238
 52935 -144247   61416 -144767   61555 -145369   61639 -146021   61657
 52937 -146683   61600 -147310   61464 -147853   61252 -148270   60974
 52939 -148522   60643 -148587   60280 -148454   59909 -148130   59551
 52941 -147639   59230 -147016   58964 -146305   58764 -145553   58639
 52943 -144810   58589 -144118   58609 -143515   58692 -143028   58824
 52945 -142678   58993 -142473   59184 -142415   59381 -142499   59571
 52947 -142712   59742 -143037   59884 -143454   59987 -143938   60046
 52949 -144466   60056 -145013   60015 -145553   59925 -146064   59786
 52951 -146525   59605 -146917   59385 -147226   59134 -147440   58861
 52953 -147552   58573 -147559   58281 -147460   57993 -147261   57718
 52955 -146970   57465 -146598   57241 -146158   57052 -145669   56904
 52957 -145148   56800 -144614   56743 -144089   56732 -143592   56768
 52959 -143143   56845 -142760   56961 -142460   57107 -142256   57277
 52961 -142159   57459 -142174   57642 -142301   57813 -142534   57960
 52963 -142858   58068 -143252   58126 -143686   58123 -144124   58050
 52965 -144523   57904 -144839   57687 -145029   57406 -145055   57075
 52967 -144888   56712 -144517   56341 -143944   55985 -143192   55668
 52969 -142295   55410 -141302   55226 -140268   55124 -139247   55105
 52971 -138290   55164 -137439   55289 -136724   55467 -136166   55680
 52973 -135771   55911 -135538   56144 -135454   56364 -135502   56559
 52975 -135660   56718 -135903   56834 -136206   56903 -136540   56922
 52977 -136882   56890 -137206   56811 -137492   56687 -137719   56525
 52979 -137871   56330 -137937   56109 -137906   55872 -137773   55627
 52981 -137537   55383 -137199   55149 -136766   54933 -136247   54745
 52983 -135655   54590 -135006   54475 -134319   54404 -133612   54380
 52985 -132908   54405 -132226   54478 -131588   54595 -131013   54753
 52987 -130518   54946 -130116   55165 -129820   55401 -129634   55643
 52989 -129560   55881 -129593   56102 -129723   56294 -129933   56446
 52991 -130200   56548 -130495   56592 -130784   56572 -131030   56487
 52993 -131193   56339 -131236   56135 -131124   55888 -130833   55614
 52995 -130348   55333 -129670   55067 -128816   54839 -127816   54669
 52997 -126715   54573 -125567   54560 -124427   54633 -123351   54787
 52999 -122385   55012 -121565   55293 -120915   55611 -120443   55947
 53001 -120147   56283 -120013   56600 -120020   56887 -120142   57133
 53003 -120350   57330 -120614   57475 -120904   57567 -121194   57607
 53005 -121460   57599 -121680   57548 -121836   57460 -121913   57344
 53007 -121903   57207 -121796   57058 -121591   56905 -121287   56759
 53009 -120888   56627 -120402   56518 -119840   56439 -119215   56397
 53011 -118544   56397 -117846   56444 -117143   56539 -116455   56683
 53013 -115804   56874 -115212   57109 -114699   57382 -114279   57686
 53015 -113968   58010 -113771   58345 -113694   58678 -113731   58998
 53017 -113875   59293 -114109   59552 -114414   59765 -114762   59923
 53019 -115124   60022 -115465   60059 -115752   60036 -115949   59956
 53021 -116025   59830 -115954   59670 -115717   59491 -115307   59312
 53023 -114725   59152 -113988   59030 -113124   58963 -112170   58966
 53025 -111175   59047 -110188   59209 -109262   59449 -108442   59758
 53027 -107764   60121 -107255   60521 -106926   60938 -106777   61353
 53029 -106795   61749 -106960   62109 -107244   62424 -107615   62685
 53031 -108041   62888 -108490   63034 -108933   63124 -109345   63163
 53033 -109704   63159 -109993   63118 -110199   63049 -110313   62962
 53035 -110331   62866 -110251   62770 -110077   62683 -109814   62612
 53037 -109470   62567 -109059   62555 -108593   62580 -108092   62648
 53039 -107573   62762 -107057   62924 -106567   63134 -106123   63390
 53041 -105748   63686 -105460   64017 -105276   64375 -105207   64748
 53043 -105262   65125 -105441   65493 -105737   65839 -106138   66151
 53045 -106624   66417 -107169   66629 -107743   66779 -108312   66865
 53047 -108840   66887 -109294   66850 -109642   66762 -109858   66634
 53049 -109925   66481 -109831   66320 -109576   66168 -109172   66042
 53051 -108638   65959 -108003   65933 -107305   65973 -106586   66085
 53053 -105891   66272 -105261   66527 -104738   66842 -104351   67204
 53055 -104123   67597 -104066   68002 -104178   68403 -104450   68781
 53057 -104860   69122 -105384   69414 -105989   69650 -106642   69826
 53059 -107313   69940 -107970   69997 -108587   70000 -109143   69958
 53061 -109621   69879 -110007   69772 -110296   69649 -110484   69517
 53063 -110572   69388 -110565   69271 -110471   69172 -110301   69101
 53065 -110068   69063 -109787   69064 -109476   69108 -109154   69197
 53067 -108841   69332 -108557   69513 -108324   69737 -108161   69999
 53069 -108088   70292 -108120   70609 -108268   70937 -108539   71265
 53071 -108932   71580 -109441   71867 -110051   72112 -110738   72306
 53073 -111474   72437 -112223   72499 -112948   72492 -113609   72418
 53075 -114173   72283 -114607   72100 -114891   71882 -115010   71648
 53077 -114963   71416 -114759   71204 -114418   71030 -113967   70906
 53079 -113442   70844 -112882   70850 -112329   70926 -111822   71070
 53081 -111399   71274 -111090   71529 -110920   71819 -110902   72131
 53083 -111043   72448 -111337   72753 -111774   73032 -112332   73271
 53085 -112987   73460 -113708   73594 -114465   73667 -115227   73679
 53087 -115965   73635 -116653   73538 -117270   73396 -117800   73219
 53089 -118230   73016 -118556   72799 -118775   72576 -118890   72358
 53091 -118909   72155 -118840   71974 -118697   71823 -118494   71707
 53093 -118248   71632 -117977   71599 -117700   71612 -117437   71670
 53095 -117207   71772 -117028   71915 -116921   72093 -116900   72300
 53097 -116981   72527 -117173   72764 -117481   72998 -117905   73218
 53099 -118438   73407 -119064   73555 -119760   73647 -120495   73674
 53101 -121232   73630 -121931   73513 -122550   73326 -123049   73078
 53103 -123398   72781 -123573   72454 -123565   72117 -123377   71790
 53105 -123025   71495 -122538   71248 -121954   71062 -121315   70948
 53107 -120667   70907 -120052   70938 -119512   71034 -119078   71186
 53109 -118776   71380 -118622   71601 -118622   71833 -118774   72060
 53111 -119068   72268 -119488   72445 -120011   72578 -120610   72661
 53113 -121258   72688 -121924   72658 -122581   72571 -123201   72430
 53115 -123761   72242 -124241   72013 -124628   71754 -124910   71473
 53117 -125084   71182 -125148   70890 -125107   70608 -124970   70343
 53119 -124748   70106 -124454   69901 -124106   69735 -123721   69612
 53121 -123318   69533 -122917   69500 -122536   69512 -122194   69567
 53123 -121909   69660 -121698   69786 -121573   69938 -121547   70108
 53125 -121627   70285 -121816   70458 -122112   70614 -122508   70742
 53127 -122987   70828 -123527   70861 -124099   70831 -124666   70732
 53129 -125188   70562 -125622   70322 -125929   70022 -126072   69673
 53131 -126028   69296 -125785   68912 -125346   68544 -124733   68214
 53133 -123979   67942 -123128   67741 -122233   67621 -121345   67582
 53135 -120515   67621 -119784   67727 -119185   67886 -118739   68083
 53137 -118457   68300 -118339   68519 -118376   68725 -118551   68904
 53139 -118840   69044 -119219   69137 -119659   69177 -120129   69162
 53141 -120603   69092 -121052   68969 -121453   68797 -121786   68584
 53143 -122033   68338 -122183   68067 -122228   67781 -122164   67490
 53145 -121994   67205 -121723   66934 -121361   66687 -120920   66470
 53147 -120415   66290 -119865   66152 -119287   66058 -118703   66012
 53149 -118130   66011 -117589   66055 -117097   66141 -116671   66262
 53151 -116326   66414 -116072   66588 -115918   66775 -115869   66965
 53153 -115925   67148 -116081   67313 -116326   67447 -116646   67541
 53155 -117016   67583 -117409   67567 -117792   67486 -118126   67339
 53157 -118372   67127 -118490   66859 -118447   66547 -118217   66208
 53159 -117785   65863 -117153   65535 -116340   65248 -115378   65023
 53161 -114316   64875 -113208   64813 -112114   64839 -111089   64949
 53163 -110180   65130 -109424   65365 -108842   65636 -108442   65923
 53165 -108221   66205 -108164   66466 -108246   66693 -108441   66873
 53167 -108718   67001 -109044   67073 -109388   67087 -109722   67047
 53169 -110020   66957 -110260   66823 -110425   66652 -110500   66454
 53171 -110477   66239 -110350   66015 -110119   65792 -109788   65581
 53173 -109364   65389 -108858   65226 -108284   65096 -107657   65007
 53175 -106996   64962 -106322   64963 -105652   65012 -105008   65107
 53177 -104409   65245 -103872   65422 -103413   65632 -103044   65868
 53179 -102775   66121 -102611   66381 -102553   66639 -102599   66884
 53181 -102740   67105 -102963   67293 -103249   67437 -103575   67530
 53183 -103913   67566 -104231   67542 -104495   67457 -104668   67315
 53185 -104718   67124 -104613   66894 -104331   66643 -103859   66389
 53187 -103198   66154 -102362   65960 -101381   65826 -100300   65768
 53189  -99172   65797  -98055   65915  -97008   66119  -96082   66396
 53191  -95316   66729  -94736   67097  -94352   67479  -94158   67853
 53193  -94138   68200  -94263   68505  -94503   68757  -94820   68950
 53195  -95180   69081  -95549   69152  -95897   69167  -96199   69132
 53197  -96435   69055  -96587   68945  -96646   68813  -96605   68668
 53199  -96463   68520  -96222   68379  -95887   68254  -95469   68153
 53201  -94979   68084  -94432   68052  -93845   68062  -93237   68117
 53203  -92627   68219  -92036   68367  -91483   68560  -90988   68795
 53205  -90566   69065  -90234   69364  -90002   69683  -89878   70013
 53207  -89864   70344  -89960   70666  -90158   70966  -90447   71236
 53209  -90809   71465  -91224   71647  -91664   71774  -92103   71844
 53211  -92507   71855  -92846   71809  -93088   71713  -93204   71575
 53213  -93170   71408  -92971   71226  -92597   71049  -92054   70894
 53215  -91355   70781  -90530   70726  -89618   70745  -88667   70845
 53217  -87730   71030  -86861   71295  -86109   71631  -85513   72021
 53219  -85102   72444  -84886   72879  -84862   73304  -85014   73699
 53221  -85314   74047  -85728   74338  -86218   74563  -86745   74722
 53223  -87274   74816  -87772   74850  -88215   74833  -88581   74775
 53225  -88856   74685  -89031   74575  -89104   74456  -89074   74338
 53227  -88948   74230  -88733   74143  -88441   74083  -88086   74057
 53229  -87684   74071  -87253   74127  -86811   74229  -86378   74376
 53231  -85974   74569  -85618   74804  -85329   75078  -85122   75383
 53233  -85011   75713  -85007   76057  -85116   76407  -85339   76751
 53235  -85671   77077  -86103   77375  -86620   77634  -87201   77846
 53237  -87821   78003  -88452   78102  -89062   78139  -89620   78118
 53239  -90094   78043  -90458   77922  -90686   77767  -90763   77591
 53241  -90680   77411  -90435   77244  -90040   77106  -89515   77014
 53243  -88888   76982  -88199   77021  -87490   77135  -86809   77326
 53245  -86202   77589  -85712   77914  -85371   78285  -85203   78684
 53247  -85220   79091  -85417   79485  -85781   79846  -86284   80159
 53249  -86894   80411  -87573   80597  -88282   80713  -88985   80761
 53251  -89649   80748  -90246   80681  -90758   80573  -91168   80433
 53253  -91472   80274  -91666   80109  -91754   79948  -91744   79800
 53255  -91646   79676  -91475   79582  -91246   79524  -90977   79507
 53257  -90686   79533  -90391   79605  -90113   79721  -89871   79881
 53259  -89682   80081  -89564   80316  -89531   80580  -89598   80864
 53261  -89771   81159  -90057   81454  -90455   81738  -90960   81999
 53263  -91560   82227  -92237   82409  -92967   82537  -93724   82606
 53265  -94474   82610  -95184   82550  -95821   82430  -96353   82258
 53267  -96754   82043  -97004   81801  -97093   81547  -97018   81299
 53269  -96788   81075  -96422   80889  -95947   80758  -95398   80690
 53271  -94814   80693  -94239   80769  -93713   80915  -93277   81123
 53273  -92963   81383  -92799   81678  -92798   81992  -92967   82305
 53275  -93298   82600  -93777   82860  -94377   83070  -95067   83221
 53277  -95812   83305  -96575   83321  -97321   83271  -98019   83160
 53279  -98641   82996  -99167   82792  -99585   82558  -99888   82308
 53281 -100075   82052 -100151   81804 -100125   81573 -100011   81367
 53283  -99824   81195  -99583   81062  -99304   80971  -99009   80925
 53285  -98716   80924  -98445   80968  -98214   81054  -98039   81178
 53287  -97937   81334  -97921   81517  -98001   81716  -98186   81924
 53289  -98478   82130  -98876   82322  -99374   82489  -99960   82620
 53291 -100614   82704 -101313   82731 -102026   82695 -102720   82593
 53293 -103358   82425 -103905   82195 -104326   81913 -104596   81592
 53295 -104695   81248 -104617   80900 -104366   80567 -103957   80269
 53297 -103418   80022 -102784   79838 -102099   79725 -101406   79688
 53299 -100750   79725 -100172   79828  -99706   79986  -99378   80186
 53301  -99206   80411  -99196   80644  -99346   80867  -99642   81064
 53303 -100064   81221 -100587   81327 -101178   81374 -101805   81357
 53305 -102434   81277 -103032   81135 -103571   80937 -104027   80693
 53307 -104382   80412 -104623   80107 -104746   79788 -104750   79470
 53309 -104642   79161 -104431   78874 -104133   78616 -103764   78395
 53311 -103344   78215 -102891   78080 -102428   77992 -101973   77951
 53313 -101546   77954 -101164   77998 -100844   78079 -100599   78191
 53315 -100441   78326 -100378   78476 -100415   78632 -100554   78784
 53317 -100793   78921 -101123   79034 -101531   79110 -102001   79141
 53319 -102506   79117 -103019   79032 -103506   78882 -103929   78668
 53321 -104253   78394 -104441   78068 -104466   77704 -104306   77320
 53323 -103953   76937 -103414   76575 -102708   76256 -101868   75997
 53325 -100938   75812  -99969   75709  -99013   75688  -98119   75746
 53327  -97331   75870  -96683   76048  -96195   76260  -95879   76488
 53329  -95732   76714  -95745   76921  -95896   77093  -96160   77219
 53331  -96506   77291  -96901   77302  -97312   77253  -97709   77144
 53333  -98062   76980  -98347   76768  -98542   76517  -98634   76237
 53335  -98613   75940  -98476   75637  -98225   75338  -97866   75056
 53337  -97411   74799  -96876   74576  -96277   74392  -95634   74253
 53339  -94968   74162  -94300   74118  -93651   74122  -93038   74170
 53341  -92480   74259  -91992   74382  -91586   74534  -91272   74707
 53343  -91056   74891  -90940   75078  -90923   75258  -91001   75422
 53345  -91164   75559  -91398   75661  -91684   75719  -92000   75725
 53347  -92317   75675  -92604   75565  -92828   75396  -92954   75170
 53349  -92947   74898  -92779   74590  -92427   74264  -91881   73939
 53351  -91144   73637  -90232   73380  -89179   73187  -88031   73073
 53353  -86843   73048  -85674   73114  -84580   73263  -83612   73484
 53355  -82807   73759  -82187   74066  -81760   74384  -81519   74692
 53357  -81447   74970  -81515   75206  -81692   75386  -81940   75506
 53359  -82224   75563  -82509   75559  -82766   75497  -82967   75384
 53361  -83091   75230  -83122   75044  -83049   74838  -82867   74621
 53363  -82575   74406  -82179   74203  -81686   74021  -81109   73869
 53365  -80465   73753  -79770   73680  -79045   73654  -78309   73675
 53367  -77585   73744  -76891   73860  -76247   74019  -75669   74216
 53369  -75172   74445  -74766   74698  -74460   74967  -74258   75244
 53371  -74160   75517  -74161   75779  -74255   76020  -74429   76230
 53373  -74667   76402  -74950   76529  -75253   76605  -75550   76628
 53375  -75813   76595  -76011   76508  -76112   76372  -76089   76195
 53377  -75915   75988  -75571   75767  -75046   75548  -74342   75352
 53379  -73471   75199  -72462   75107  -71356   75093  -70204   75166
 53381  -69066   75330  -68001   75581  -67062   75906  -66293   76287
 53383  -65722   76702  -65359   77126  -65198   77536  -65218   77910
 53385  -65388   78232  -65668   78490  -66016   78680  -66393   78800
 53387  -66760   78854  -67086   78849  -67345   78794  -67518   78700
 53389  -67591   78579  -67558   78443  -67417   78304  -67173   78171
 53391  -66833   78057  -66409   77968  -65914   77912  -65365   77896
 53393  -64781   77923  -64181   77997  -63585   78117  -63013   78284
 53395  -62485   78495  -62017   78746  -61626   79030  -61325   79342
 53397  -61124   79673  -61030   80014  -61043   80356  -61163   80688
 53399  -61383   81000  -61692   81285  -62076   81533  -62515   81737
 53401  -62988   81892  -63470   81994  -63933   82042  -64350   82036
 53403  -64694   81980  -64937   81881  -65056   81748  -65031   81592
 53405  -64849   81427  -64504   81271  -63999   81139  -63350   81050
 53407  -62580   81019  -61726   81060  -60833   81182  -59953   81387
 53409  -59140   81673  -58443   82030  -57906   82441  -57559   82886
 53411  -57417   83339  -57478   83777  -57722   84177  -58119   84521
 53413  -58629   84796  -59206   84995  -59807   85118  -60389   85168
 53415  -60919   85155  -61369   85090  -61721   84985  -61962   84854
 53417  -62090   84711  -62106   84569  -62019   84438  -61838   84329
 53419  -61580   84250  -61259   84208  -60896   84207  -60509   84250
 53421  -60118   84339  -59742   84474  -59401   84653  -59112   84873
 53423  -58892   85129  -58755   85414  -58713   85721  -58774   86042
 53425  -58942   86367  -59220   86686  -59602   86989  -60080   87267
 53427  -60642   87509  -61269   87709  -61941   87858  -62632   87953
 53429  -63315   87991  -63963   87972  -64547   87901  -65041   87781
 53431  -65421   87624  -65668   87438  -65769   87238  -65716   87038
 53433  -65512   86855  -65166   86703  -64697   86597  -64133   86550
 53435  -63510   86572  -62868   86668  -62252   86840  -61707   87083
 53437  -61276   87386  -60995   87736  -60888   88112  -60968   88494
 53439  -61233   88859  -61669   89186  -62246   89457  -62928   89658
 53441  -63670   89783  -64429   89829  -65163   89801  -65834   89706
 53443  -66414   89556  -66883   89366  -67230   89150  -67452   88923
 53445  -67554   88699  -67546   88490  -67442   88307  -67260   88157
 53447  -67019   88048  -66741   87982  -66445   87963  -66153   87990
 53449  -65884   88063  -65657   88179  -65487   88333  -65392   88520
 53451  -65382   88733  -65467   88964  -65656   89205  -65949   89446
 53453  -66347   89677  -66845   89888  -67432   90068  -68094   90210
 53455  -68812   90304  -69561   90344  -70316   90326  -71047   90248
 53457  -71724   90113  -72318   89924  -72802   89690  -73153   89421
 53459  -73356   89131  -73401   88835  -73290   88549  -73030   88289
 53461  -72640   88071  -72145   87907  -71580   87807  -70982   87778
 53463  -70392   87821  -69853   87933  -69403   88108  -69075   88333
 53465  -68897   88593  -68884   88870  -69043   89144  -69366   89396
 53467  -69837   89607  -70428   89764  -71103   89853  -71824   89869
 53469  -72548   89810  -73237   89680  -73855   89486  -74376   89240
 53471  -74778   88956  -75050   88647  -75191   88330  -75204   88019
 53473  -75101   87725  -74899   87461  -74617   87234  -74277   87050
 53475  -73902   86914  -73513   86827  -73134   86788  -72783   86795
 53477  -72480   86845  -72241   86932  -72078   87051  -72004   87194
 53479  -72026   87353  -72149   87518  -72374   87681  -72698   87832
 53481  -73116   87961  -73616   88059  -74182   88116  -74794   88124
 53483  -75429   88078  -76058   87973  -76652   87809  -77178   87587
