Nutation ephemeris from nutIAU200 for Oct 1997 - Mar 1999 IAU2000               
(1x,i5,8i8,8x,i2)                  2450734 2451293  4 -1          1.E-04
 50734  -44744  -86094  -45078  -85943  -45525  -85811  -46072  -85712
 50736  -46698  -85657  -47374  -85657  -48064  -85715  -48732  -85833
 50738  -49340  -86006  -49859  -86225  -50265  -86477  -50546  -86749
 50740  -50701  -87024  -50738  -87290  -50673  -87533  -50527  -87744
 50742  -50326  -87917  -50097  -88049  -49863  -88139  -49649  -88189
 50744  -49474  -88202  -49354  -88185  -49301  -88142  -49324  -88081
 50746  -49427  -88008  -49611  -87930  -49876  -87854  -50215  -87787
 50748  -50624  -87733  -51093  -87699  -51610  -87689  -52164  -87706
 50750  -52741  -87753  -53325  -87831  -53900  -87943  -54452  -88086
 50752  -54965  -88258  -55424  -88458  -55816  -88680  -56129  -88920
 50754  -56356  -89170  -56491  -89424  -56533  -89674  -56485  -89913
 50756  -56351  -90132  -56144  -90325  -55877  -90486  -55567  -90609
 50758  -55236  -90693  -54904  -90735  -54596  -90738  -54332  -90703
 50760  -54133  -90637  -54019  -90547  -54001  -90443  -54087  -90336
 50762  -54279  -90237  -54571  -90160  -54948  -90115  -55389  -90113
 50764  -55867  -90161  -56349  -90263  -56803  -90418  -57195  -90624
 50766  -57496  -90872  -57684  -91151  -57747  -91447  -57679  -91745
 50768  -57489  -92033  -57190  -92296  -56806  -92526  -56361  -92714
 50770  -55886  -92856  -55406  -92953  -54948  -93006  -54534  -93020
 50772  -54182  -93000  -53904  -92953  -53708  -92886  -53600  -92808
 50774  -53578  -92726  -53639  -92648  -53778  -92578  -53986  -92524
 50776  -54252  -92490  -54564  -92480  -54909  -92498  -55271  -92545
 50778  -55636  -92623  -55987  -92732  -56309  -92871  -56587  -93038
 50780  -56807  -93229  -56954  -93440  -57019  -93665  -56993  -93898
 50782  -56872  -94130  -56655  -94354  -56345  -94562  -55950  -94745
 50784  -55485  -94897  -54966  -95010  -54413  -95082  -53851  -95109
 50786  -53304  -95092  -52797  -95033  -52352  -94937  -51990  -94813
 50788  -51725  -94668  -51566  -94515  -51517  -94365  -51571  -94229
 50790  -51719  -94119  -51942  -94044  -52216  -94011  -52514  -94027
 50792  -52805  -94092  -53060  -94205  -53250  -94361  -53351  -94552
 50794  -53345  -94767  -53220  -94995  -52974  -95223  -52613  -95437
 50796  -52151  -95626  -51606  -95780  -51004  -95892  -50373  -95959
 50798  -49738  -95979  -49127  -95953  -48563  -95886  -48065  -95784
 50800  -47646  -95654  -47316  -95504  -47080  -95342  -46936  -95177
 50802  -46882  -95015  -46910  -94864  -47010  -94729  -47171  -94615
 50804  -47378  -94527  -47618  -94466  -47875  -94436  -48133  -94435
 50806  -48378  -94464  -48593  -94522  -48763  -94606  -48876  -94713
 50808  -48919  -94837  -48880  -94973  -48753  -95115  -48532  -95254
 50810  -48217  -95384  -47812  -95495  -47324  -95579  -46768  -95629
 50812  -46161  -95638  -45527  -95602  -44891  -95519  -44281  -95389
 50814  -43724  -95215  -43245  -95004  -42866  -94766  -42600  -94511
 50816  -42454  -94253  -42428  -94004  -42511  -93776  -42686  -93581
 50818  -42932  -93427  -43219  -93320  -43518  -93262  -43799  -93253
 50820  -44034  -93288  -44198  -93360  -44273  -93461  -44245  -93580
 50822  -44108  -93705  -43863  -93824  -43519  -93926  -43089  -94002
 50824  -42592  -94043  -42050  -94044  -41489  -94002  -40932  -93915
 50826  -40404  -93785  -39927  -93617  -39518  -93416  -39191  -93188
 50828  -38956  -92943  -38817  -92687  -38773  -92430  -38821  -92178
 50830  -38954  -91939  -39161  -91719  -39429  -91522  -39744  -91351
 50832  -40092  -91211  -40456  -91101  -40821  -91022  -41171  -90974
 50834  -41492  -90954  -41769  -90959  -41990  -90986  -42144  -91029
 50836  -42221  -91084  -42214  -91143  -42120  -91200  -41938  -91247
 50838  -41671  -91276  -41326  -91279  -40917  -91249  -40460  -91179
 50840  -39977  -91066  -39494  -90905  -39039  -90698  -38640  -90447
 50842  -38325  -90160  -38116  -89846  -38030  -89518  -38074  -89189
 50844  -38246  -88875  -38534  -88589  -38916  -88343  -39365  -88145
 50846  -39849  -88001  -40333  -87912  -40786  -87873  -41179  -87879
 50848  -41492  -87920  -41707  -87985  -41818  -88063  -41824  -88141
 50850  -41731  -88208  -41553  -88254  -41304  -88271  -41006  -88253
 50852  -40680  -88196  -40349  -88099  -40036  -87961  -39761  -87785
 50854  -39542  -87577  -39394  -87340  -39330  -87082  -39355  -86811
 50856  -39474  -86535  -39686  -86260  -39986  -85994  -40367  -85745
 50858  -40817  -85516  -41324  -85314  -41874  -85142  -42451  -85001
 50860  -43040  -84893  -43624  -84817  -44188  -84772  -44719  -84756
 50862  -45203  -84764  -45628  -84794  -45985  -84839  -46267  -84895
 50864  -46469  -84954  -46587  -85010  -46624  -85055  -46582  -85084
 50866  -46469  -85088  -46297  -85061  -46083  -84998  -45844  -84895
 50868  -45606  -84748  -45392  -84558  -45230  -84327  -45147  -84062
 50870  -45164  -83771  -45301  -83467  -45565  -83164  -45957  -82877
 50872  -46465  -82621  -47068  -82409  -47735  -82252  -48431  -82154
 50874  -49117  -82116  -49759  -82133  -50325  -82198  -50794  -82299
 50876  -51152  -82422  -51394  -82553  -51527  -82681  -51561  -82791
 50878  -51514  -82876  -51407  -82928  -51263  -82942  -51106  -82916
 50880  -50959  -82851  -50842  -82748  -50774  -82611  -50770  -82447
 50882  -50841  -82260  -50996  -82057  -51239  -81847  -51571  -81636
 50884  -51990  -81432  -52488  -81241  -53059  -81069  -53689  -80921
 50886  -54367  -80802  -55078  -80714  -55806  -80659  -56535  -80638
 50888  -57250  -80649  -57936  -80692  -58579  -80762  -59167  -80856
 50890  -59691  -80969  -60141  -81095  -60512  -81229  -60801  -81365
 50892  -61008  -81494  -61137  -81611  -61193  -81710  -61184  -81783
 50894  -61124  -81826  -61029  -81834  -60915  -81804  -60805  -81734
 50896  -60720  -81625  -60684  -81479  -60721  -81303  -60849  -81105
 50898  -61085  -80895  -61437  -80686  -61907  -80493  -62484  -80331
 50900  -63150  -80212  -63875  -80147  -64623  -80144  -65356  -80202
 50902  -66034  -80320  -66625  -80487  -67102  -80692  -67453  -80919
 50904  -67672  -81153  -67769  -81379  -67759  -81583  -67664  -81755
 50906  -67511  -81889  -67327  -81980  -67140  -82027  -66974  -82033
 50908  -66850  -82001  -66786  -81937  -66795  -81847  -66886  -81738
 50910  -67064  -81617  -67331  -81493  -67684  -81373  -68117  -81263
 50912  -68624  -81169  -69194  -81097  -69813  -81052  -70469  -81035
 50914  -71147  -81051  -71831  -81100  -72505  -81181  -73154  -81294
 50916  -73764  -81437  -74321  -81605  -74814  -81794  -75234  -81999
 50918  -75573  -82214  -75829  -82433  -76000  -82648  -76088  -82853
 50920  -76100  -83041  -76042  -83206  -75928  -83343  -75770  -83448
 50922  -75587  -83515  -75396  -83545  -75217  -83537  -75072  -83492
 50924  -74980  -83415  -74961  -83311  -75030  -83188  -75199  -83058
 50926  -75473  -82930  -75852  -82819  -76326  -82738  -76876  -82697
 50928  -77476  -82707  -78092  -82775  -78687  -82903  -79225  -83087
 50930  -79670  -83321  -79995  -83592  -80184  -83885  -80232  -84184
 50932  -80145  -84473  -79941  -84737  -79644  -84965  -79285  -85149
 50934  -78895  -85284  -78506  -85371  -78145  -85412  -77836  -85413
 50936  -77598  -85379  -77442  -85319  -77378  -85242  -77408  -85155
 50938  -77531  -85067  -77742  -84985  -78033  -84916  -78393  -84866
 50940  -78811  -84839  -79273  -84840  -79763  -84871  -80267  -84933
 50942  -80769  -85027  -81253  -85153  -81703  -85308  -82107  -85490
 50944  -82450  -85695  -82723  -85918  -82917  -86153  -83026  -86394
 50946  -83048  -86633  -82983  -86864  -82836  -87081  -82613  -87275
 50948  -82327  -87441  -81992  -87574  -81623  -87670  -81240  -87728
 50950  -80863  -87745  -80513  -87724  -80209  -87668  -79970  -87582
 50952  -79812  -87474  -79746  -87351  -79780  -87225  -79915  -87107
 50954  -80146  -87008  -80459  -86938  -80836  -86910  -81251  -86929
 50956  -81673  -87001  -82069  -87127  -82403  -87305  -82645  -87527
 50958  -82770  -87782  -82761  -88057  -82612  -88336  -82327  -88604
 50960  -81922  -88845  -81421  -89049  -80854  -89206  -80255  -89312
 50962  -79656  -89365  -79090  -89369  -78581  -89329  -78150  -89253
 50964  -77811  -89150  -77572  -89028  -77436  -88898  -77399  -88767
 50966  -77456  -88645  -77595  -88538  -77806  -88451  -78073  -88390
 50968  -78382  -88357  -78716  -88354  -79059  -88383  -79396  -88444
 50970  -79710  -88535  -79987  -88653  -80213  -88796  -80376  -88960
 50972  -80466  -89138  -80475  -89325  -80399  -89515  -80234  -89699
 50974  -79984  -89872  -79652  -90026  -79250  -90153  -78788  -90249
 50976  -78285  -90307  -77758  -90325  -77228  -90301  -76719  -90235
 50978  -76251  -90131  -75845  -89992  -75519  -89826  -75287  -89641
 50980  -75157  -89447  -75133  -89256  -75210  -89078  -75378  -88925
 50982  -75621  -88806  -75917  -88729  -76237  -88699  -76553  -88720
 50984  -76834  -88790  -77049  -88905  -77172  -89058  -77182  -89237
 50986  -77067  -89431  -76822  -89625  -76451  -89805  -75971  -89958
 50988  -75401  -90073  -74771  -90142  -74112  -90160  -73456  -90126
 50990  -72834  -90043  -72271  -89916  -71790  -89752  -71405  -89560
 50992  -71125  -89350  -70954  -89133  -70887  -88917  -70919  -88710
 50994  -71037  -88520  -71228  -88353  -71477  -88213  -71767  -88104
 50996  -72082  -88026  -72403  -87980  -72716  -87966  -73005  -87982
 50998  -73254  -88024  -73452  -88090  -73586  -88174  -73648  -88271
 51000  -73630  -88376  -73529  -88481  -73342  -88579  -73072  -88663
 51002  -72725  -88726  -72310  -88761  -71842  -88762  -71337  -88724
 51004  -70815  -88644  -70300  -88521  -69814  -88355  -69383  -88150
 51006  -69026  -87912  -68762  -87649  -68605  -87371  -68561  -87089
 51008  -68629  -86817  -68802  -86565  -69065  -86345  -69396  -86164
 51010  -69769  -86031  -70155  -85948  -70522  -85914  -70842  -85928
 51012  -71088  -85981  -71238  -86066  -71278  -86170  -71200  -86283
 51014  -71005  -86389  -70699  -86478  -70300  -86539  -69829  -86561
 51016  -69311  -86539  -68775  -86468  -68250  -86350  -67764  -86186
 51018  -67340  -85981  -66999  -85742  -66755  -85479  -66617  -85200
 51020  -66586  -84915  -66660  -84634  -66832  -84365  -67091  -84114
 51022  -67423  -83889  -67811  -83693  -68238  -83530  -68687  -83400
 51024  -69141  -83303  -69584  -83239  -69999  -83205  -70373  -83197
 51026  -70695  -83212  -70952  -83245  -71139  -83289  -71247  -83340
 51028  -71275  -83390  -71222  -83432  -71090  -83460  -70886  -83467
 51030  -70619  -83447  -70302  -83392  -69952  -83300  -69590  -83166
 51032  -69238  -82989  -68919  -82770  -68659  -82513  -68480  -82225
 51034  -68400  -81914  -68434  -81591  -68587  -81268  -68859  -80961
 51036  -69237  -80680  -69704  -80438  -70234  -80243  -70795  -80101
 51038  -71355  -80014  -71882  -79979  -72346  -79990  -72723  -80039
 51040  -72995  -80114  -73153  -80204  -73196  -80293  -73130  -80372
 51042  -72968  -80427  -72729  -80451  -72436  -80435  -72114  -80376
 51044  -71791  -80272  -71492  -80124  -71240  -79936  -71057  -79713
 51046  -70958  -79462  -70954  -79191  -71053  -78910  -71256  -78628
 51048  -71558  -78352  -71952  -78092  -72427  -77854  -72968  -77643
 51050  -73560  -77463  -74185  -77317  -74826  -77207  -75465  -77131
 51052  -76087  -77088  -76677  -77075  -77221  -77089  -77708  -77125
 51054  -78129  -77177  -78477  -77240  -78749  -77308  -78941  -77374
 51056  -79056  -77432  -79096  -77475  -79069  -77497  -78984  -77492
 51058  -78855  -77455  -78696  -77382  -78527  -77269  -78369  -77117
 51060  -78244  -76925  -78176  -76698  -78186  -76441  -78294  -76163
 51062  -78514  -75875  -78851  -75590  -79306  -75322  -79867  -75085
 51064  -80513  -74892  -81217  -74751  -81944  -74669  -82658  -74646
 51066  -83322  -74679  -83906  -74761  -84386  -74879  -84745  -75021
 51068  -84980  -75172  -85095  -75317  -85101  -75444  -85019  -75542
 51070  -84872  -75604  -84687  -75623  -84490  -75598  -84309  -75529
 51072  -84166  -75420  -84083  -75275  -84075  -75100  -84156  -74904
 51074  -84333  -74695  -84608  -74481  -84980  -74271  -85443  -74072
 51076  -85989  -73892  -86606  -73737  -87278  -73612  -87989  -73519
 51078  -88724  -73461  -89464  -73439  -90193  -73452  -90895  -73497
 51080  -91556  -73572  -92164  -73672  -92707  -73792  -93180  -73927
 51082  -93576  -74070  -93893  -74216  -94130  -74357  -94292  -74488
 51084  -94382  -74602  -94409  -74694  -94385  -74759  -94321  -74792
 51086  -94234  -74791  -94141  -74752  -94061  -74676  -94015  -74565
 51088  -94022  -74420  -94102  -74250  -94273  -74060  -94546  -73862
 51090  -94929  -73668  -95421  -73492  -96011  -73346  -96681  -73244
 51092  -97403  -73195  -98142  -73207  -98859  -73281  -99515  -73414
 51094 -100076  -73598 -100517  -73820 -100819  -74064 -100981  -74314
 51096 -101009  -74554 -100922  -74769 -100745  -74949 -100506  -75085
 51098 -100239  -75173  -99974  -75214  -99739  -75209  -99557  -75163
 51100  -99448  -75084  -99425  -74979  -99498  -74858  -99668  -74728
 51102  -99936  -74598 -100297  -74477 -100742  -74372 -101259  -74288
 51104 -101836  -74232 -102457  -74206 -103106  -74214 -103766  -74257
 51106 -104419  -74334 -105051  -74445 -105645  -74586 -106189  -74755
 51108 -106671  -74945 -107081  -75153 -107414  -75373 -107665  -75597
 51110 -107833  -75819 -107921  -76033 -107934  -76232 -107878  -76411
 51112 -107765  -76564 -107606  -76688 -107416  -76778 -107210  -76833
 51114 -107007  -76851 -106824  -76834 -106679  -76784 -106590  -76704
 51116 -106573  -76601 -106642  -76482 -106805  -76357 -107067  -76237
 51118 -107426  -76134 -107872  -76061 -108389  -76028 -108949  -76045
 51120 -109520  -76120 -110067  -76255 -110549  -76447 -110931  -76689
 51122 -111184  -76971 -111290  -77275 -111241  -77584 -111045  -77881
 51124 -110721  -78149 -110296  -78377 -109807  -78554 -109290  -78676
 51126 -108781  -78745 -108312  -78763 -107910  -78738 -107594  -78678
 51128 -107377  -78593 -107266  -78492 -107261  -78386 -107358  -78284
 51130 -107549  -78194 -107821  -78123 -108161  -78076 -108553  -78058
 51132 -108981  -78071 -109428  -78118 -109877  -78199 -110310  -78313
 51134 -110713  -78457 -111072  -78629 -111372  -78825 -111605  -79040
 51136 -111762  -79268 -111837  -79502 -111827  -79737 -111734  -79965
 51138 -111561  -80180 -111314  -80376 -111004  -80546 -110641  -80687
 51140 -110242  -80793 -109821  -80863 -109397  -80895 -108987  -80890
 51142 -108610  -80850 -108282  -80777 -108020  -80678 -107836  -80559
 51144 -107740  -80428 -107737  -80295 -107828  -80170 -108008  -80064
 51146 -108264  -79986 -108579  -79947 -108928  -79955 -109282  -80015
 51148 -109607  -80128 -109869  -80293 -110035  -80504 -110077  -80750
 51150 -109974  -81018 -109719  -81290 -109314  -81550 -108775  -81781
 51152 -108129  -81970 -107411  -82105 -106661  -82183 -105916  -82201
 51154 -105215  -82164 -104587  -82079 -104056  -81956 -103636  -81806
 51156 -103334  -81640 -103149  -81469 -103076  -81305 -103103  -81154
 51158 -103216  -81025 -103398  -80923 -103632  -80852 -103898  -80814
 51160 -104180  -80810 -104458  -80839 -104718  -80899 -104943  -80989
 51162 -105120  -81104 -105237  -81240 -105285  -81391 -105257  -81551
 51164 -105148  -81715 -104955  -81876 -104682  -82026 -104332  -82159
 51166 -103913  -82269 -103436  -82350 -102914  -82398 -102364  -82408
 51168 -101804  -82379 -101253  -82310 -100731  -82202 -100255  -82060
 51170  -99845  -81886  -99514  -81689  -99273  -81475  -99129  -81255
 51172  -99084  -81038  -99133  -80835  -99268  -80655  -99472  -80507
 51174  -99725  -80399 -100003  -80337 -100275  -80324 -100513  -80359
 51176 -100687  -80440 -100767  -80559 -100732  -80708 -100565  -80872
 51178 -100258  -81038  -99816  -81191  -99251  -81316  -98586  -81400
 51180  -97852  -81433  -97084  -81409  -96322  -81327  -95601  -81190
 51182  -94952  -81003  -94402  -80777  -93968  -80523  -93658  -80252
 51184  -93474  -79977  -93409  -79708  -93452  -79456  -93586  -79228
 51186  -93795  -79030  -94057  -78866  -94353  -78737  -94663  -78644
 51188  -94970  -78586  -95255  -78559  -95504  -78562  -95705  -78589
 51190  -95845  -78636  -95917  -78696  -95915  -78764  -95836  -78834
 51192  -95677  -78898  -95443  -78951  -95136  -78985  -94767  -78994
 51194  -94346  -78974  -93887  -78919  -93406  -78826  -92924  -78693
 51196  -92460  -78520  -92034  -78308  -91667  -78062  -91376  -77787
 51198  -91177  -77492  -91080  -77184  -91090  -76876  -91205  -76577
 51200  -91418  -76299  -91715  -76051  -92076  -75843  -92477  -75679
 51202  -92890  -75565  -93286  -75500  -93635  -75481  -93911  -75504
 51204  -94091  -75560  -94159  -75638  -94103  -75725  -93923  -75808
 51206  -93625  -75875  -93224  -75912  -92742  -75910  -92207  -75860
 51208  -91650  -75758  -91105  -75603  -90602  -75398  -90173  -75148
 51210  -89838  -74863  -89617  -74552  -89516  -74226  -89540  -73899
 51212  -89681  -73580  -89931  -73279  -90272  -73005  -90688  -72763
 51214  -91156  -72558  -91657  -72391  -92170  -72262  -92675  -72171
 51216  -93157  -72113  -93599  -72085  -93989  -72082  -94318  -72099
 51218  -94577  -72129  -94763  -72166  -94873  -72204  -94907  -72237
 51220  -94868  -72257  -94763  -72258  -94599  -72236  -94389  -72184
 51222  -94145  -72099  -93884  -71978  -93624  -71818  -93385  -71620
 51224  -93188  -71385  -93053  -71117  -92998  -70823  -93039  -70511
 51226  -93185  -70190  -93443  -69872  -93809  -69570  -94275  -69295
 51228  -94822  -69057  -95427  -68865  -96061  -68726  -96693  -68641
 51230  -97292  -68608  -97826  -68623  -98272  -68678  -98609  -68762
 51232  -98826  -68862  -98920  -68964  -98896  -69056  -98767  -69125
 51234  -98553  -69160  -98277  -69155  -97969  -69103  -97657  -69003
 51236  -97371  -68855  -97138  -68663  -96982  -68434  -96920  -68176
 51238  -96967  -67899  -97128  -67614  -97403  -67330  -97787  -67059
 51240  -98269  -66808  -98835  -66586  -99466  -66398 -100142  -66249
 51242 -100843  -66139 -101548  -66069 -102239  -66036 -102899  -66039
 51244 -103513  -66071 -104068  -66129 -104556  -66205 -104971  -66295
 51246 -105309  -66390 -105569  -66485 -105753  -66572 -105866  -66647
 51248 -105915  -66703 -105909  -66734 -105860  -66737 -105781  -66708
 51250 -105688  -66643 -105598  -66543 -105529  -66406 -105500  -66236
 51252 -105531  -66035 -105639  -65809 -105838  -65568 -106139  -65320
 51254 -106547  -65077 -107060  -64851 -107669  -64656 -108354  -64501
 51256 -109092  -64397 -109849  -64349 -110592  -64361 -111284  -64429
 51258 -111894  -64547 -112394  -64705 -112767  -64889 -113005  -65085
 51260 -113110  -65276 -113093  -65449 -112976  -65592 -112783  -65694
 51262 -112545  -65751 -112292  -65759 -112056  -65718 -111862  -65632
 51264 -111736  -65507 -111696  -65351 -111756  -65172 -111923  -64981
 51266 -112199  -64788 -112581  -64602 -113060  -64433 -113624  -64287
 51268 -114258  -64173 -114944  -64093 -115663  -64051 -116394  -64049
 51270 -117119  -64085 -117819  -64158 -118478  -64265 -119082  -64399
 51272 -119620  -64557 -120084  -64731 -120469  -64915 -120773  -65102
 51274 -120996  -65286 -121142  -65460 -121218  -65619 -121231  -65755
 51276 -121193  -65866 -121116  -65947 -121013  -65995 -120902  -66008
 51278 -120797  -65986 -120717  -65930 -120677  -65842 -120696  -65725
 51280 -120788  -65587 -120965  -65435 -121237  -65277 -121607  -65125
 51282 -122075  -64990 -122629  -64884 -123254  -64819 -123924  -64803
 51284 -124607  -64845 -125268  -64947 -125870  -65106 -126376  -65317
 51286 -126758  -65569 -126995  -65846 -127080  -66131 -127016  -66408
 51288 -126821  -66659 -126519  -66872 -126145  -67037 -125734  -67149
 51290 -125322  -67205 -124942  -67210 -124625  -67169 -124391  -67089
 51292 -124258  -66982 -124235  -66857 -124325  -66724 -124524  -66595
