Nutation ephemeris from nutIAU200 for Oct 2000 - Mar 2002 IAU2000               
(1x,i5,8i8,8x,i2)                  2451830 2452389  4 -1          1.E-04
 51830 -173269  -25361 -173979  -25382 -174672  -25453 -175322  -25572
 51832 -175901  -25737 -176384  -25941 -176751  -26176 -176986  -26430
 51834 -177081  -26691 -177037  -26944 -176862  -27175 -176573  -27372
 51836 -176196  -27524 -175759  -27622 -175299  -27663 -174851  -27645
 51838 -174449  -27572 -174125  -27450 -173906  -27289 -173812  -27101
 51840 -173853  -26901 -174032  -26703 -174343  -26521 -174771  -26370
 51842 -175294  -26259 -175885  -26198 -176514  -26192 -177149  -26242
 51844 -177759  -26347 -178316  -26502 -178797  -26699 -179184  -26928
 51846 -179467  -27180 -179641  -27442 -179707  -27705 -179673  -27958
 51848 -179549  -28191 -179351  -28398 -179095  -28573 -178799  -28712
 51850 -178483  -28813 -178164  -28875 -177861  -28899 -177588  -28888
 51852 -177362  -28844 -177193  -28772 -177093  -28678 -177070  -28567
 51854 -177129  -28446 -177273  -28323 -177500  -28205 -177807  -28101
 51856 -178186  -28018 -178627  -27964 -179112  -27945 -179622  -27969
 51858 -180135  -28038 -180623  -28156 -181060  -28322 -181417  -28533
 51860 -181667  -28783 -181788  -29061 -181764  -29356 -181587  -29652
 51862 -181259  -29935 -180793  -30188 -180210  -30399 -179544  -30555
 51864 -178830  -30649 -178110  -30678 -177424  -30645 -176809  -30554
 51866 -176297  -30417 -175910  -30245 -175663  -30054 -175559  -29858
 51868 -175593  -29672 -175753  -29511 -176017  -29384 -176361  -29302
 51870 -176756  -29269 -177172  -29290 -177580  -29362 -177951  -29484
 51872 -178262  -29649 -178492  -29850 -178628  -30077 -178659  -30321
 51874 -178584  -30570 -178404  -30815 -178126  -31046 -177764  -31255
 51876 -177330  -31434 -176843  -31578 -176322  -31683 -175786  -31748
 51878 -175254  -31773 -174745  -31758 -174273  -31706 -173854  -31622
 51880 -173500  -31510 -173220  -31377 -173021  -31228 -172906  -31071
 51882 -172877  -30913 -172930  -30762 -173061  -30625 -173261  -30509
 51884 -173517  -30421 -173813  -30367 -174131  -30353 -174449  -30382
 51886 -174740  -30457 -174980  -30577 -175140  -30738 -175193  -30936
 51888 -175117  -31161 -174895  -31401 -174515  -31641 -173979  -31865
 51890 -173297  -32057 -172493  -32201 -171602  -32285 -170665  -32300
 51892 -169729  -32244 -168842  -32118 -168044  -31932 -167372  -31697
 51894 -166848  -31429 -166484  -31146 -166280  -30865 -166224  -30603
 51896 -166296  -30372 -166469  -30184 -166713  -30046 -166996  -29960
 51898 -167287  -29927 -167558  -29945 -167782  -30008 -167938  -30109
 51900 -168012  -30240 -167992  -30390 -167872  -30550 -167653  -30710
 51902 -167338  -30861 -166936  -30994 -166460  -31101 -165924  -31176
 51904 -165346  -31215 -164744  -31214 -164137  -31172 -163544  -31089
 51906 -162983  -30968 -162470  -30811 -162018  -30623 -161639  -30409
 51908 -161342  -30177 -161131  -29931 -161010  -29681 -160977  -29433
 51910 -161029  -29194 -161156  -28972 -161351  -28774 -161597  -28605
 51912 -161881  -28471 -162181  -28376 -162479  -28321 -162749  -28309
 51914 -162968  -28339 -163111  -28406 -163155  -28506 -163078  -28630
 51916 -162864  -28767 -162501  -28904 -161989  -29027 -161336  -29118
 51918 -160560  -29163 -159694  -29148 -158778  -29065 -157858  -28908
 51920 -156985  -28678 -156207  -28384 -155563  -28038 -155081  -27659
 51922 -154776  -27265 -154646  -26877 -154679  -26514 -154848  -26190
 51924 -155123  -25917 -155465  -25700 -155841  -25544 -156214  -25444
 51926 -156555  -25397 -156839  -25395 -157048  -25428 -157169  -25487
 51928 -157195  -25560 -157125  -25639 -156961  -25713 -156712  -25772
 51930 -156388  -25810 -156002  -25821 -155571  -25797 -155111  -25738
 51932 -154641  -25639 -154178  -25501 -153740  -25324 -153345  -25111
 51934 -153005  -24866 -152736  -24594 -152547  -24300 -152445  -23991
 51936 -152434  -23674 -152516  -23357 -152688  -23048 -152943  -22754
 51938 -153273  -22481 -153664  -22237 -154103  -22025 -154571  -21852
 51940 -155048  -21718 -155514  -21626 -155946  -21576 -156323  -21564
 51942 -156622  -21587 -156825  -21638 -156914  -21710 -156875  -21791
 51944 -156702  -21870 -156395  -21933 -155960  -21967 -155415  -21958
 51946 -154787  -21894 -154111  -21766 -153429  -21570 -152787  -21304
 51948 -152230  -20976 -151800  -20597 -151529  -20183 -151433  -19754
 51950 -151517  -19331 -151768  -18934 -152163  -18582 -152666  -18286
 51952 -153238  -18053 -153838  -17888 -154428  -17785 -154975  -17740
 51954 -155452  -17743 -155842  -17782 -156133  -17845 -156322  -17921
 51956 -156412  -17998 -156409  -18066 -156324  -18116 -156172  -18142
 51958 -155968  -18137 -155729  -18097 -155474  -18020 -155219  -17906
 51960 -154983  -17754 -154782  -17566 -154630  -17346 -154543  -17097
 51962 -154530  -16826 -154600  -16537 -154760  -16239 -155012  -15939
 51964 -155355  -15644 -155786  -15362 -156295  -15100 -156873  -14866
 51966 -157505  -14665 -158174  -14502 -158860  -14380 -159543  -14301
 51968 -160200  -14266 -160811  -14272 -161354  -14315 -161811  -14390
 51970 -162163  -14489 -162400  -14602 -162514  -14720 -162501  -14831
 51972 -162367  -14922 -162121  -14982 -161784  -14999 -161381  -14964
 51974 -160943  -14870 -160507  -14714 -160113  -14496 -159800  -14222
 51976 -159604  -13904 -159551  -13554 -159661  -13191 -159938  -12835
 51978 -160373  -12505 -160944  -12219 -161619  -11990 -162358  -11827
 51980 -163121  -11733 -163866  -11707 -164558  -11742 -165168  -11827
 51982 -165678  -11950 -166075  -12098 -166359  -12257 -166533  -12415
 51984 -166608  -12561 -166598  -12685 -166521  -12780 -166396  -12841
 51986 -166243  -12866 -166079  -12851 -165925  -12798 -165798  -12708
 51988 -165712  -12583 -165684  -12428 -165723  -12248 -165840  -12048
 51990 -166041  -11836 -166332  -11617 -166711  -11400 -167179  -11193
 51992 -167727  -11003 -168349  -10837 -169029  -10702 -169754  -10604
 51994 -170504  -10548 -171258  -10535 -171993  -10568 -172688  -10645
 51996 -173319  -10763 -173866  -10917 -174310  -11099 -174639  -11300
 51998 -174843  -11510 -174920  -11717 -174873  -11909 -174711  -12074
 52000 -174453  -12201 -174120  -12282 -173741  -12309 -173349  -12278
 52002 -172977  -12189 -172660  -12045 -172432  -11853 -172319  -11624
 52004 -172344  -11372 -172516  -11113 -172838  -10864 -173299  -10642
 52006 -173879  -10464 -174547  -10340 -175268  -10281 -176002  -10288
 52008 -176710  -10361 -177358  -10493 -177916  -10675 -178364  -10895
 52010 -178691  -11139 -178894  -11392 -178978  -11641 -178955  -11876
 52012 -178841  -12085 -178658  -12261 -178426  -12399 -178167  -12496
 52014 -177903  -12552 -177654  -12566 -177437  -12542 -177269  -12483
 52016 -177164  -12395 -177131  -12282 -177179  -12151 -177313  -12009
 52018 -177536  -11864 -177846  -11723 -178239  -11593 -178709  -11483
 52020 -179244  -11399 -179832  -11347 -180455  -11333 -181093  -11362
 52022 -181725  -11436 -182326  -11555 -182874  -11718 -183344  -11921
 52024 -183715  -12157 -183970  -12419 -184096  -12695 -184086  -12973
 52026 -183942  -13240 -183671  -13484 -183290  -13692 -182822  -13855
 52028 -182295  -13963 -181742  -14013 -181200  -14002 -180701  -13934
 52030 -180280  -13815 -179964  -13655 -179774  -13465 -179723  -13261
 52032 -179816  -13059 -180045  -12873 -180397  -12719 -180848  -12610
 52034 -181369  -12554 -181924  -12559 -182479  -12625 -182999  -12752
 52036 -183450  -12932 -183808  -13157 -184054  -13414 -184177  -13692
 52038 -184174  -13976 -184050  -14253 -183819  -14512 -183495  -14742
 52040 -183102  -14937 -182660  -15090 -182194  -15199 -181727  -15263
 52042 -181279  -15284 -180871  -15265 -180517  -15210 -180232  -15125
 52044 -180025  -15015 -179903  -14889 -179871  -14753 -179928  -14615
 52046 -180073  -14482 -180300  -14362 -180599  -14263 -180960  -14190
 52048 -181369  -14149 -181806  -14147 -182254  -14186 -182688  -14268
 52050 -183087  -14395 -183425  -14564 -183678  -14771 -183825  -15010
 52052 -183847  -15270 -183732  -15541 -183474  -15810 -183074  -16063
 52054 -182544  -16285 -181905  -16465 -181183  -16590 -180414  -16653
 52056 -179637  -16652 -178891  -16586 -178213  -16462 -177637  -16288
 52058 -177189  -16077 -176883  -15844 -176728  -15605 -176719  -15377
 52060 -176843  -15174 -177078  -15010 -177397  -14895 -177767  -14834
 52062 -178156  -14833 -178528  -14889 -178853  -14998 -179104  -15155
 52064 -179258  -15348 -179302  -15567 -179227  -15800 -179033  -16033
 52066 -178726  -16256 -178318  -16457 -177826  -16626 -177270  -16758
 52068 -176672  -16847 -176057  -16891 -175447  -16889 -174863  -16843
 52070 -174325  -16756 -173848  -16633 -173446  -16481 -173129  -16306
 52072 -172902  -16116 -172768  -15917 -172727  -15719 -172774  -15528
 52074 -172902  -15352 -173102  -15197 -173361  -15070 -173662  -14976
 52076 -173990  -14919 -174323  -14902 -174641  -14928 -174919  -14995
 52078 -175136  -15102 -175267  -15244 -175292  -15415 -175193  -15606
 52080 -174956  -15806 -174574  -16001 -174050  -16177 -173395  -16319
 52082 -172629  -16415 -171782  -16451 -170892  -16422 -170003  -16322
 52084 -169159  -16155 -168401  -15925 -167765  -15647 -167277  -15334
 52086 -166952  -15004 -166791  -14676 -166785  -14368 -166913  -14095
 52088 -167148  -13869 -167455  -13698 -167800  -13586 -168146  -13534
 52090 -168461  -13538 -168717  -13592 -168890  -13687 -168964  -13811
 52092 -168929  -13953 -168781  -14102 -168524  -14246 -168166  -14374
 52094 -167720  -14476 -167203  -14545 -166637  -14575 -166041  -14562
 52096 -165438  -14504 -164851  -14402 -164298  -14257 -163799  -14074
 52098 -163369  -13858 -163020  -13614 -162761  -13351 -162596  -13075
 52100 -162527  -12795 -162553  -12519 -162667  -12253 -162862  -12005
 52102 -163125  -11781 -163444  -11588 -163801  -11429 -164178  -11308
 52104 -164557  -11226 -164916  -11186 -165233  -11185 -165487  -11221
 52106 -165657  -11290 -165724  -11385 -165672  -11496 -165488  -11614
 52108 -165167  -11726 -164709  -11819 -164124  -11878 -163432  -11890
 52110 -162662  -11844 -161849  -11731 -161037  -11547 -160273  -11293
 52112 -159602  -10977 -159061  -10610 -158680  -10210 -158474   -9797
 52114 -158445   -9390 -158581   -9011 -158855   -8674 -159234   -8393
 52116 -159678   -8176 -160149   -8024 -160606   -7936 -161017   -7906
 52118 -161355   -7923 -161599   -7978 -161738   -8057 -161766   -8149
 52120 -161685   -8240 -161503   -8320 -161231   -8379 -160886   -8409
 52122 -160485   -8403 -160050   -8357 -159601   -8269 -159158   -8138
 52124 -158743   -7966 -158372   -7754 -158064   -7508 -157831   -7232
 52126 -157685   -6934 -157631   -6621 -157674   -6301 -157814   -5981
 52128 -158047   -5669 -158366   -5373 -158762   -5099 -159222   -4854
 52130 -159729   -4642 -160268   -4468 -160819   -4333 -161363   -4239
 52132 -161879   -4186 -162346   -4171 -162746   -4190 -163060   -4239
 52134 -163272   -4310 -163369   -4395 -163341   -4482 -163187   -4561
 52136 -162907   -4620 -162512   -4646 -162020   -4627 -161456   -4552
 52138 -160855   -4414 -160256   -4209 -159701   -3937 -159235   -3605
 52140 -158896   -3224 -158715   -2810 -158709   -2384 -158882   -1967
 52142 -159221   -1579 -159702   -1241 -160287    -964 -160933    -758
 52144 -161596    -624 -162233    -560 -162808    -556 -163294    -602
 52146 -163673    -683 -163935    -786 -164079    -897 -164112   -1002
 52148 -164047   -1091 -163899   -1153 -163687   -1183 -163433   -1174
 52150 -163158   -1124 -162883   -1032 -162628    -898 -162411    -725
 52152 -162250    -517 -162158    -278 -162147     -16 -162225     264
 52154 -162398     554 -162667     845 -163030    1131 -163482    1404
 52156 -164015    1655 -164617    1880 -165274    2071 -165969    2226
 52158 -166684    2339 -167400    2411 -168095    2441 -168750    2430
 52160 -169345    2382 -169863    2301 -170287    2195 -170605    2071
 52162 -170807    1939 -170889    1808 -170852    1690 -170702    1595
 52164 -170451    1536 -170118    1521 -169728    1560 -169312    1657
 52166 -168905    1816 -168545    2035 -168270    2309 -168114    2626
 52168 -168104    2972 -168257    3329 -168578    3676 -169057    3992
 52170 -169670    4259 -170382    4463 -171150    4594 -171927    4649
 52172 -172668    4631 -173336    4549 -173899    4415 -174340    4245
 52174 -174649    4054 -174828    3859 -174888    3673 -174845    3509
 52176 -174719    3376 -174534    3280 -174313    3227 -174081    3218
 52178 -173860    3252 -173669    3328 -173527    3441 -173449    3588
 52180 -173447    3761 -173530    3954 -173704    4161 -173972    4372
 52182 -174334    4582 -174786    4781 -175321    4962 -175929    5119
 52184 -176597    5245 -177310    5334 -178049    5384 -178795    5391
 52186 -179528    5355 -180225    5275 -180868    5156 -181436    5000
 52188 -181912    4816 -182284    4610 -182540    4391 -182675    4170
 52190 -182690    3957 -182589    3764 -182385    3601 -182093    3477
 52192 -181737    3401 -181342    3379 -180939    3414 -180561    3506
 52194 -180241    3652 -180010    3845 -179896    4073 -179919    4324
 52196 -180091    4580 -180413    4824 -180875    5036 -181454    5201
 52198 -182118    5305 -182826    5339 -183536    5299 -184203    5188
 52200 -184789    5014 -185262    4787 -185602    4525 -185799    4243
 52202 -185854    3958 -185780    3685 -185594    3438 -185321    3227
 52204 -184987    3058 -184619    2936 -184244    2863 -183887    2835
 52206 -183568    2851 -183306    2906 -183117    2993 -183009    3106
 52208 -182992    3237 -183068    3379 -183239    3523 -183502    3662
 52210 -183851    3787 -184278    3893 -184770    3973 -185315    4019
 52212 -185895    4029 -186491    3997 -187084    3923 -187651    3805
 52214 -188172    3646 -188625    3447 -188990    3215 -189251    2957
 52216 -189394    2682 -189412    2400 -189302    2122 -189068    1860
 52218 -188719    1626 -188272    1430 -187750    1281 -187179    1185
 52220 -186590    1147 -186015    1167 -185488    1243 -185037    1369
 52222 -184690    1534 -184468    1728 -184383    1935 -184440    2139
 52224 -184632    2325 -184946    2477 -185358    2580 -185834    2626
 52226 -186340    2607 -186834    2520 -187278    2369 -187637    2160
 52228 -187882    1905 -187992    1618 -187959    1314 -187783    1010
 52230 -187474     721 -187051     460 -186536     238 -185959      61
 52232 -185349     -64 -184733    -138 -184140    -162 -183591    -140
 52234 -183106     -78 -182700      19 -182384     141 -182165     281
 52236 -182043     430 -182020     580 -182089     723 -182244     852
 52238 -182474     960 -182766    1040 -183106    1087 -183475    1098
 52240 -183855    1069 -184226     998 -184565     886 -184852     733
 52242 -185065     544 -185185     325 -185194      82 -185079    -174
 52244 -184833    -433 -184453    -683 -183944    -910 -183320   -1103
 52246 -182602   -1251 -181815   -1344 -180992   -1377 -180169   -1346
 52248 -179383   -1253 -178668   -1104 -178054    -907 -177566    -676
 52250 -177219    -424 -177020    -167 -176965      78 -177040     295
 52252 -177225     472 -177491     597 -177803     664 -178126     668
 52254 -178424     611 -178662     497 -178811     335 -178847     134
 52256 -178755     -90 -178528    -325 -178168    -555 -177685    -767
 52258 -177096    -949 -176424   -1090 -175695   -1184 -174938   -1226
 52260 -174181   -1217 -173450   -1156 -172770   -1048 -172161    -900
 52262 -171637    -717 -171209    -510 -170884    -285 -170664     -53
 52264 -170545     178 -170523     401 -170588     607 -170728     791
 52266 -170929     945 -171176    1067 -171449    1152 -171732    1197
 52268 -172002    1203 -172240    1168 -172425    1097 -172536     991
 52270 -172556     858 -172467     704 -172257     538 -171917     372
 52272 -171444     217 -170844      86 -170128      -8 -169318     -52
 52274 -168443     -39 -167536      40 -166639     187 -165792     399
 52276 -165033     670 -164397     988 -163909    1338 -163582    1703
 52278 -163418    2064 -163409    2404 -163532    2706 -163760    2957
 52280 -164057    3150 -164386    3279 -164708    3344 -164989    3351
 52282 -165198    3305 -165310    3218 -165309    3101 -165184    2969
 52284 -164936    2834 -164569    2710 -164097    2610 -163536    2542
 52286 -162910    2515 -162242    2535 -161560    2605 -160888    2725
 52288 -160252    2893 -159674    3105 -159172    3355 -158761    3635
 52290 -158451    3938 -158247    4254 -158150    4574 -158158    4890
 52292 -158263    5194 -158455    5478 -158721    5735 -159045    5962
 52294 -159412    6152 -159803    6304 -160197    6417 -160577    6490
 52296 -160922    6524 -161213    6522 -161431    6488 -161561    6429
 52298 -161587    6352 -161499    6265 -161288    6178 -160953    6103
 52300 -160498    6052 -159933    6037 -159277    6069 -158557    6158
 52302 -157806    6312 -157063    6533 -156371    6820 -155770    7167
 52304 -155299    7561 -154984    7988 -154843    8427 -154878    8857
 52306 -155077    9257 -155415    9611 -155858    9905 -156363   10129
 52308 -156886   10282 -157386   10366 -157827   10388 -158178   10359
 52310 -158419   10292 -158539   10202 -158535   10103 -158412   10009
 52312 -158181    9934 -157859    9886 -157467    9875 -157029    9907
 52314 -156568    9985 -156110   10110 -155678   10282 -155294   10497
 52316 -154976   10751 -154740   11037 -154598   11347 -154559   11675
 52318 -154625   12009 -154797   12343 -155070   12668 -155436   12975
 52320 -155884   13258 -156400   13510 -156967   13727 -157568   13906
 52322 -158185   14043 -158796   14139 -159384   14194 -159930   14212
 52324 -160415   14194 -160823   14147 -161141   14077 -161356   13991
 52326 -161461   13899 -161451   13810 -161326   13734 -161091   13682
 52328 -160757   13664 -160342   13692 -159869   13773 -159369   13913
 52330 -158875   14117 -158428   14382 -158064   14704 -157821   15073
 52332 -157729   15473 -157805   15884 -158056   16287 -158472   16658
 52334 -159029   16978 -159689   17232 -160409   17410 -161137   17508
 52336 -161829   17531 -162442   17486 -162946   17388 -163321   17253
 52338 -163558   17097 -163660   16938 -163638   16791 -163510   16668
 52340 -163298   16581 -163029   16534 -162727   16535 -162420   16582
 52342 -162131   16677 -161883   16816 -161695   16994 -161583   17206
 52344 -161560   17444 -161634   17701 -161810   17968 -162088   18237
 52346 -162467   18500 -162941   18748 -163498   18974 -164128   19172
 52348 -164815   19335 -165542   19460 -166290   19544 -167041   19585
 52350 -167774   19583 -168470   19541 -169110   19462 -169679   19349
 52352 -170162   19211 -170546   19052 -170823   18883 -170990   18712
 52354 -171044   18549 -170989   18403 -170835   18285 -170594   18203
 52356 -170286   18166 -169933   18180 -169563   18251 -169207   18379
 52358 -168898   18564 -168671   18799 -168555   19074 -168576   19378
 52360 -168751   19691 -169086   19995 -169574   20269 -170192   20494
 52362 -170908   20654 -171677   20736 -172450   20738 -173176   20660
 52364 -173813   20512 -174326   20308 -174691   20065 -174901   19803
 52366 -174959   19541 -174880   19295 -174688   19080 -174410   18907
 52368 -174077   18782 -173721   18708 -173370   18687 -173050   18714
 52370 -172785   18786 -172592   18897 -172485   19038 -172475   19203
 52372 -172566   19382 -172760   19566 -173055   19748 -173447   19919
 52374 -173925   20071 -174479   20198 -175096   20294 -175758   20353
 52376 -176448   20372 -177147   20349 -177834   20284 -178491   20177
 52378 -179098   20030 -179636   19848 -180089   19636 -180446   19402
 52380 -180694   19153 -180830   18899 -180850   18650 -180759   18415
 52382 -180563   18204 -180276   18027 -179916   17891 -179502   17804
 52384 -179062   17769 -178622   17790 -178211   17865 -177861   17991
 52386 -177598   18161 -177446   18365 -177426   18590 -177548   18819
 52388 -177813   19036 -178213   19222 -178725   19361 -179320   19439
