Nutation ephemeris from nutIAU200 for Oct 2004 - Mar 2006 IAU2000               
(1x,i5,8i8,8x,i2)                  2453291 2453850  4 -1          1.E-04
 53291 -100614   82704 -101313   82731 -102026   82695 -102720   82593
 53293 -103358   82425 -103905   82195 -104326   81913 -104596   81592
 53295 -104695   81248 -104617   80900 -104366   80567 -103957   80269
 53297 -103418   80022 -102784   79838 -102099   79725 -101406   79688
 53299 -100750   79725 -100172   79828  -99706   79986  -99378   80186
 53301  -99206   80411  -99196   80644  -99346   80867  -99642   81064
 53303 -100064   81221 -100587   81327 -101178   81374 -101805   81357
 53305 -102434   81277 -103032   81135 -103571   80937 -104027   80693
 53307 -104382   80412 -104623   80107 -104746   79788 -104750   79470
 53309 -104642   79161 -104431   78874 -104133   78616 -103764   78395
 53311 -103344   78215 -102891   78080 -102428   77992 -101973   77951
 53313 -101546   77954 -101164   77998 -100844   78079 -100599   78191
 53315 -100441   78326 -100378   78476 -100415   78632 -100554   78784
 53317 -100793   78921 -101123   79034 -101531   79110 -102001   79141
 53319 -102506   79117 -103019   79032 -103506   78882 -103929   78668
 53321 -104253   78394 -104441   78068 -104466   77704 -104306   77320
 53323 -103953   76937 -103414   76575 -102708   76256 -101868   75997
 53325 -100938   75812  -99969   75709  -99013   75688  -98119   75746
 53327  -97331   75870  -96683   76048  -96195   76260  -95879   76488
 53329  -95732   76714  -95745   76921  -95896   77093  -96160   77219
 53331  -96506   77291  -96901   77302  -97312   77253  -97709   77144
 53333  -98062   76980  -98347   76768  -98542   76517  -98634   76237
 53335  -98613   75940  -98476   75637  -98225   75338  -97866   75056
 53337  -97411   74799  -96876   74576  -96277   74392  -95634   74253
 53339  -94968   74162  -94300   74118  -93651   74122  -93038   74170
 53341  -92480   74259  -91992   74382  -91586   74534  -91272   74707
 53343  -91056   74891  -90940   75078  -90923   75258  -91001   75422
 53345  -91164   75559  -91398   75661  -91684   75719  -92000   75725
 53347  -92317   75675  -92604   75565  -92828   75396  -92954   75170
 53349  -92947   74898  -92779   74590  -92427   74264  -91881   73939
 53351  -91144   73637  -90232   73380  -89179   73187  -88031   73073
 53353  -86843   73048  -85674   73114  -84580   73263  -83612   73484
 53355  -82807   73759  -82187   74066  -81760   74384  -81519   74692
 53357  -81447   74970  -81515   75206  -81692   75386  -81940   75506
 53359  -82224   75563  -82509   75559  -82766   75497  -82967   75384
 53361  -83091   75230  -83122   75044  -83049   74838  -82867   74621
 53363  -82575   74406  -82179   74203  -81686   74021  -81109   73869
 53365  -80465   73753  -79770   73680  -79045   73654  -78309   73675
 53367  -77585   73744  -76891   73860  -76247   74019  -75669   74216
 53369  -75172   74445  -74766   74698  -74460   74967  -74258   75244
 53371  -74160   75517  -74161   75779  -74255   76020  -74429   76230
 53373  -74667   76402  -74950   76529  -75253   76605  -75550   76628
 53375  -75813   76595  -76011   76508  -76112   76372  -76089   76195
 53377  -75915   75988  -75571   75767  -75046   75548  -74342   75352
 53379  -73471   75199  -72462   75107  -71356   75093  -70204   75166
 53381  -69066   75330  -68001   75581  -67062   75906  -66293   76287
 53383  -65722   76702  -65359   77126  -65198   77536  -65218   77910
 53385  -65388   78232  -65668   78490  -66016   78680  -66393   78800
 53387  -66760   78854  -67086   78849  -67345   78794  -67518   78700
 53389  -67591   78579  -67558   78443  -67417   78304  -67173   78171
 53391  -66833   78057  -66409   77968  -65914   77912  -65365   77896
 53393  -64781   77923  -64181   77997  -63585   78117  -63013   78284
 53395  -62485   78495  -62017   78746  -61626   79030  -61325   79342
 53397  -61124   79673  -61030   80014  -61043   80356  -61163   80688
 53399  -61383   81000  -61692   81285  -62076   81533  -62515   81737
 53401  -62988   81892  -63470   81994  -63933   82042  -64350   82036
 53403  -64694   81980  -64937   81881  -65056   81748  -65031   81592
 53405  -64849   81427  -64504   81271  -63999   81139  -63350   81050
 53407  -62580   81019  -61726   81060  -60833   81182  -59953   81387
 53409  -59140   81673  -58443   82030  -57906   82441  -57559   82886
 53411  -57417   83339  -57478   83777  -57722   84177  -58119   84521
 53413  -58629   84796  -59206   84995  -59807   85118  -60389   85168
 53415  -60919   85155  -61369   85090  -61721   84985  -61962   84854
 53417  -62090   84711  -62106   84569  -62019   84438  -61838   84329
 53419  -61580   84250  -61259   84208  -60896   84207  -60509   84250
 53421  -60118   84339  -59742   84474  -59401   84653  -59112   84873
 53423  -58892   85129  -58755   85414  -58713   85721  -58774   86042
 53425  -58942   86367  -59220   86686  -59602   86989  -60080   87267
 53427  -60642   87509  -61269   87709  -61941   87858  -62632   87953
 53429  -63315   87991  -63963   87972  -64547   87901  -65041   87781
 53431  -65421   87624  -65668   87438  -65769   87238  -65716   87038
 53433  -65512   86855  -65166   86703  -64697   86597  -64133   86550
 53435  -63510   86572  -62868   86668  -62252   86840  -61707   87083
 53437  -61276   87386  -60995   87736  -60888   88112  -60968   88494
 53439  -61233   88859  -61669   89186  -62246   89457  -62928   89658
 53441  -63670   89783  -64429   89829  -65163   89801  -65834   89706
 53443  -66414   89556  -66883   89366  -67230   89150  -67452   88923
 53445  -67554   88699  -67546   88490  -67442   88307  -67260   88157
 53447  -67019   88048  -66741   87982  -66445   87963  -66153   87990
 53449  -65884   88063  -65657   88179  -65487   88333  -65392   88520
 53451  -65382   88733  -65467   88964  -65656   89205  -65949   89446
 53453  -66347   89677  -66845   89888  -67432   90068  -68094   90210
 53455  -68812   90304  -69561   90344  -70316   90326  -71047   90248
 53457  -71724   90113  -72318   89924  -72802   89690  -73153   89421
 53459  -73356   89131  -73401   88835  -73290   88549  -73030   88289
 53461  -72640   88071  -72145   87907  -71580   87807  -70982   87778
 53463  -70392   87821  -69853   87933  -69403   88108  -69075   88333
 53465  -68897   88593  -68884   88870  -69043   89144  -69366   89396
 53467  -69837   89607  -70428   89764  -71103   89853  -71824   89869
 53469  -72548   89810  -73237   89680  -73855   89486  -74376   89240
 53471  -74778   88956  -75050   88647  -75191   88330  -75204   88019
 53473  -75101   87725  -74899   87461  -74617   87234  -74277   87050
 53475  -73902   86914  -73513   86827  -73134   86788  -72783   86795
 53477  -72480   86845  -72241   86932  -72078   87051  -72004   87194
 53479  -72026   87353  -72149   87518  -72374   87681  -72698   87832
 53481  -73116   87961  -73616   88059  -74182   88116  -74794   88124
 53483  -75429   88078  -76058   87973  -76652   87809  -77178   87587
 53485  -77606   87312  -77908   86994  -78062   86645  -78051   86281
 53487  -77870   85917  -77523   85572  -77026   85264  -76403   85008
 53489  -75688   84816  -74922   84697  -74148   84654  -73413   84685
 53491  -72755   84783  -72213   84937  -71812   85133  -71572   85353
 53493  -71498   85578  -71589   85791  -71829   85973  -72197   86109
 53495  -72661   86188  -73188   86202  -73739   86147  -74277   86024
 53497  -74768   85836  -75180   85592  -75489   85303  -75678   84982
 53499  -75737   84643  -75666   84301  -75468   83967  -75157   83656
 53501  -74748   83377  -74262   83138  -73721   82946  -73150   82803
 53503  -72571   82712  -72007   82670  -71479   82675  -71005   82723
 53505  -70601   82808  -70280   82923  -70050   83060  -69919   83211
 53507  -69889   83366  -69959   83516  -70125   83653  -70379   83766
 53509  -70709   83847  -71097   83888  -71525   83882  -71968   83823
 53511  -72399   83707  -72788   83534  -73103   83306  -73314   83028
 53513  -73393   82709  -73314   82361  -73064   82002  -72634   81648
 53515  -72031   81319  -71272   81034  -70386   80809  -69414   80658
 53517  -68403   80587  -67403   80599  -66465   80689  -65634   80847
 53519  -64944   81058  -64420   81305  -64074   81565  -63907   81821
 53521  -63904   82053  -64044   82244  -64297   82382  -64630   82458
 53523  -65003   82469  -65382   82412  -65730   82292  -66017   82115
 53525  -66217   81892  -66311   81632  -66286   81349  -66136   81056
 53527  -65863   80766  -65473   80492  -64979   80244  -64398   80032
 53529  -63749   79863  -63057   79742  -62343   79672  -61631   79653
 53531  -60943   79684  -60300   79761  -59720   79880  -59218   80034
 53533  -58804   80214  -58489   80415  -58275   80625  -58165   80836
 53535  -58154   81040  -58238   81227  -58405   81388  -58641   81515
 53537  -58931   81602  -59253   81642  -59584   81632  -59897   81568
 53539  -60164   81450  -60357   81281  -60445   81067  -60401   80815
 53541  -60204   80539  -59836   80253  -59291   79976  -58571   79725
 53543  -57694   79520  -56690   79379  -55599   79316  -54472   79338
 53545  -53364   79447  -52331   79639  -51422   79901  -50676   80216
 53547  -50118   80561  -49757   80915  -49589   81254  -49593   81559
 53549  -49740   81813  -49993   82004  -50312   82127  -50656   82179
 53551  -50986   82165  -51270   82089  -51479   81962  -51593   81795
 53553  -51596   81601  -51481   81392  -51247   81181  -50900   80981
 53555  -50448   80804  -49907   80657  -49294   80550  -48629   80487
 53557  -47935   80473  -47233   80510  -46547   80597  -45897   80732
 53559  -45302   80910  -44779   81126  -44343   81374  -44003   81644
 53561  -43766   81929  -43635   82220  -43609   82506  -43682   82779
 53563  -43847   83031  -44092   83253  -44400   83438  -44753   83580
 53565  -45130   83675  -45508   83720  -45861   83714  -46163   83657
 53567  -46387   83553  -46507   83409  -46501   83234  -46347   83038
 53569  -46033   82836  -45552   82645  -44907   82481  -44113   82364
 53571  -43197   82308  -42198   82328  -41163   82433  -40146   82625
 53573  -39204   82899  -38389   83245  -37744   83643  -37296   84071
 53575  -37058   84504  -37022   84917  -37168   85287  -37460   85597
 53577  -37856   85836  -38309   85998  -38775   86083  -39212   86097
 53579  -39587   86050  -39872   85953  -40050   85821  -40111   85667
 53581  -40052   85506  -39878   85351  -39597   85214  -39223   85104
 53583  -38774   85030  -38268   84998  -37727   85013  -37172   85077
 53585  -36626   85190  -36108   85351  -35639   85556  -35236   85801
 53587  -34914   86079  -34685   86383  -34558   86705  -34538   87035
 53589  -34625   87364  -34817   87683  -35107   87983  -35484   88255
 53591  -35933   88492  -36438   88688  -36978   88837  -37531   88936
 53593  -38072   88984  -38577   88982  -39021   88932  -39381   88839
 53595  -39633   88711  -39759   88557  -39744   88390  -39578   88222
 53597  -39260   88068  -38795   87945  -38198   87867  -37495   87849
 53599  -36721   87903  -35917   88035  -35133   88248  -34421   88539
 53601  -33829   88897  -33398   89305  -33160   89742  -33126   90181
 53603  -33294   90599  -33644   90971  -34141   91279  -34740   91509
 53605  -35391   91655  -36046   91718  -36660   91706  -37196   91628
 53607  -37628   91500  -37939   91338  -38122   91158  -38177   90975
 53609  -38115   90803  -37947   90655  -37693   90540  -37373   90466
 53611  -37008   90437  -36622   90456  -36235   90524  -35870   90641
 53613  -35546   90803  -35281   91005  -35090   91244  -34988   91510
 53615  -34982   91797  -35082   92095  -35288   92397  -35600   92691
 53617  -36014   92969  -36520   93222  -37106   93442  -37756   93621
 53619  -38450   93754  -39166   93836  -39880   93866  -40568   93842
 53621  -41204   93769  -41765   93650  -42228   93492  -42574   93303
 53623  -42789   93096  -42863   92882  -42792   92675  -42580   92490
 53625  -42239   92339  -41787   92237  -41249   92194  -40661   92219
 53627  -40061   92318  -39492   92489  -38997   92729  -38619   93027
 53629  -38391   93368  -38341   93731  -38478   94095  -38802   94436
 53631  -39294   94731  -39922   94962  -40645   95116  -41413   95184
 53633  -42177   95167  -42892   95071  -43518   94908  -44027   94693
 53635  -44401   94443  -44634   94175  -44728   93908  -44696   93657
 53637  -44555   93433  -44327   93247  -44036   93106  -43706   93014
 53639  -43362   92973  -43028   92982  -42725   93040  -42473   93142
 53641  -42288   93282  -42184   93455  -42172   93651  -42260   93864
 53643  -42451   94084  -42748   94302  -43147   94509  -43641   94695
 53645  -44220   94851  -44870   94971  -45573   95046  -46308   95071
 53647  -47051   95043  -47778   94961  -48461   94825  -49076   94639
 53649  -49599   94409  -50007   94144  -50284   93855  -50420   93553
 53651  -50409   93253  -50253   92969  -49964   92715  -49557   92504
 53653  -49059   92348  -48499   92254  -47913   92229  -47339   92273
 53655  -46816   92384  -46382   92554  -46070   92771  -45906   93021
 53657  -45907   93285  -46078   93542  -46413   93772  -46894   93956
 53659  -47489   94078  -48161   94125  -48865   94093  -49555   93979
 53661  -50188   93789  -50725   93535  -51138   93230  -51409   92892
 53663  -51530   92538  -51505   92186  -51345   91852  -51070   91549
 53665  -50704   91288  -50273   91075  -49805   90916  -49328   90811
 53667  -48866   90760  -48442   90757  -48075   90799  -47783   90879
 53669  -47577   90990  -47467   91123  -47459   91269  -47554   91419
 53671  -47751   91564  -48047   91695  -48431   91803  -48893   91880
 53673  -49417   91918  -49984   91911  -50573   91853  -51159   91743
 53675  -51717   91578  -52219   91361  -52639   91095  -52952   90788
 53677  -53137   90449  -53177   90090  -53064   89725  -52795   89370
 53679  -52377   89040  -51826   88750  -51166   88513  -50430   88339
 53681  -49652   88235  -48874   88202  -48136   88239  -47475   88340
 53683  -46927   88493  -46517   88684  -46263   88896  -46172   89110
 53685  -46241   89309  -46456   89473  -46794   89587  -47222   89640
 53687  -47704   89622  -48199   89529  -48664   89364  -49063   89132
 53689  -49363   88843  -49537   88511  -49569   88151  -49454   87781
 53691  -49193   87416  -48799   87073  -48291   86763  -47692   86498
 53693  -47029   86284  -46332   86127  -45629   86026  -44946   85980
 53695  -44307   85986  -43732   86036  -43238   86125  -42837   86243
 53697  -42537   86383  -42342   86533  -42252   86686  -42265   86831
 53699  -42373   86961  -42566   87066  -42831   87139  -43152   87174
 53701  -43509   87164  -43882   87105  -44245   86996  -44574   86835
 53703  -44841   86624  -45020   86368  -45088   86074  -45021   85751
 53705  -44804   85412  -44425   85071  -43885   84745  -43191   84451
 53707  -42363   84204  -41427   84018  -40422   83903  -39390   83866
 53709  -38378   83906  -37431   84020  -36589   84196  -35887   84422
 53711  -35347   84677  -34981   84944  -34788   85203  -34754   85433
 53713  -34858   85619  -35069   85749  -35351   85813  -35664   85807
 53715  -35969   85730  -36228   85589  -36410   85390  -36487   85145
 53717  -36440   84867  -36258   84571  -35938   84273  -35484   83987
 53719  -34910   83727  -34233   83504  -33477   83328  -32668   83204
 53721  -31833   83136  -30999   83126  -30194   83170  -29441   83265
 53723  -28760   83404  -28166   83580  -27673   83784  -27286   84006
 53725  -27010   84237  -26842   84466  -26779   84686  -26810   84887
 53727  -26926   85062  -27110   85202  -27345   85304  -27612   85361
 53729  -27890   85371  -28155   85333  -28382   85246  -28547   85113
 53731  -28626   84939  -28595   84730  -28433   84497  -28125   84250
 53733  -27661   84003  -27037   83774  -26261   83577  -25350   83429
 53735  -24332   83345  -23245   83336  -22134   83409  -21051   83564
 53737  -20045   83795  -19163   84092  -18442   84436  -17905   84808
 53739  -17563   85183  -17410   85540  -17426   85857  -17580   86119
 53741  -17834   86313  -18144   86434  -18467   86481  -18763   86458
 53743  -18997   86373  -19140   86237  -19170   86063  -19076   85867
 53745  -18852   85663  -18501   85466  -18032   85289  -17461   85143
 53747  -16806   85037  -16091   84980  -15341   84976  -14581   85026
 53749  -13837   85131  -13134   85287  -12491   85490  -11929   85733
 53751  -11462   86009  -11100   86308  -10850   86621  -10713   86938
 53753  -10688   87249  -10766   87545  -10939   87817  -11192   88059
 53755  -11510   88264  -11874   88426  -12263   88543  -12657   88613
 53757  -13031   88634  -13364   88610  -13632   88542  -13814   88437
 53759  -13890   88301  -13842   88144  -13657   87978  -13327   87814
 53761  -12849   87668  -12230   87554  -11485   87487  -10638   87481
 53763   -9724   87547   -8785   87691   -7870   87917   -7029   88218
 53765   -6311   88586   -5757   89002   -5395   89444   -5238   89888
 53767   -5282   90308   -5504   90680   -5870   90988   -6335   91218
 53769   -6849   91364   -7362   91428   -7831   91417   -8219   91342
 53771   -8498   91218   -8653   91062   -8675   90889   -8566   90717
 53773   -8334   90560   -7996   90430   -7570   90337   -7079   90289
 53775   -6547   90291   -5999   90346   -5459   90454   -4952   90612
 53777   -4497   90817   -4114   91064   -3820   91345   -3625   91652
 53779   -3538   91976   -3564   92307   -3702   92636   -3949   92953
 53781   -4295   93249   -4731   93517   -5240   93748   -5805   93938
 53783   -6406   94082   -7022   94177   -7632   94223   -8211   94221
 53785   -8739   94174   -9193   94086   -9556   93965   -9810   93817
 53787   -9943   93653   -9943   93484   -9809   93322   -9540   93180
 53789   -9146   93072   -8641   93009   -8050   93004   -7401   93065
 53791   -6734   93198   -6089   93405   -5513   93683   -5049   94021
 53793   -4736   94405   -4604   94814   -4667   95225   -4926   95611
 53795   -5362   95950   -5942   96220   -6619   96407   -7342   96504
 53797   -8057   96512   -8713   96437   -9272   96294   -9704   96101
 53799   -9992   95875  -10133   95636  -10132   95403  -10005   95191
 53801   -9771   95014   -9455   94879   -9085   94795   -8688   94764
 53803   -8289   94788   -7915   94863   -7586   94988   -7323   95156
 53805   -7141   95360   -7054   95593   -7070   95846   -7195   96109
 53807   -7430   96374   -7773   96631   -8218   96870   -8756   97083
 53809   -9372   97263  -10051   97403  -10774   97497  -11520   97543
 53811  -12267   97538  -12992   97483  -13673   97380  -14287   97233
 53813  -14815   97048  -15239   96832  -15546   96597  -15726   96351
 53815  -15775   96107  -15693   95876  -15487   95672  -15169   95506
 53817  -14758   95387  -14279   95326  -13762   95329  -13242   95398
 53819  -12755   95534  -12340   95732  -12034   95982  -11868   96269
 53821  -11866   96577  -12040   96883  -12390   97165  -12900   97401
 53823  -13540   97570  -14268   97660  -15035   97660  -15788   97570
 53825  -16475   97397  -17055   97153  -17494   96856  -17776   96526
 53827  -17894   96184  -17857   95850  -17681   95542  -17392   95273
 53829  -17019   95054  -16594   94891  -16148   94785  -15711   94738
 53831  -15308   94745  -14962   94801  -14693   94899  -14514   95031
 53833  -14436   95188  -14465   95361  -14605   95540  -14852   95716
 53835  -15204   95879  -15650   96021  -16181   96134  -16780   96210
 53837  -17430   96244  -18112   96231  -18805   96169  -19485   96056
 53839  -20128   95893  -20713   95683  -21216   95432  -21620   95147
 53841  -21907   94837  -22066   94511  -22091   94183  -21980   93864
 53843  -21740   93567  -21381   93305  -20922   93088  -20387   92925
 53845  -19804   92822  -19205   92785  -18625   92812  -18100   92901
 53847  -17661   93044  -17340   93229  -17160   93442  -17135   93666
 53849  -17271   93882  -17563   94069  -17991   94209  -18527   94286
