Nutation ephemeris from nutIAU200 for Oct 2015 - Mar 2017 IAU2000               
(1x,i5,8i8,8x,i2)                  2457308 2457867  4 -1          1.E-04
 57308  -10853  -87617  -11517  -87731  -12145  -87875  -12723  -88044
 57310  -13239  -88235  -13685  -88443  -14052  -88662  -14336  -88886
 57312  -14535  -89107  -14652  -89319  -14690  -89516  -14659  -89691
 57314  -14569  -89838  -14434  -89953  -14272  -90034  -14100  -90076
 57316  -13940  -90082  -13812  -90051  -13736  -89989  -13731  -89902
 57318  -13814  -89796  -13996  -89684  -14283  -89576  -14673  -89485
 57320  -15157  -89424  -15716  -89404  -16323  -89435  -16947  -89523
 57322  -17550  -89669  -18097  -89871  -18554  -90120  -18896  -90404
 57324  -19107  -90710  -19182  -91021  -19127  -91321  -18961  -91597
 57326  -18705  -91839  -18388  -92038  -18042  -92192  -17694  -92298
 57328  -17371  -92361  -17095  -92385  -16884  -92377  -16750  -92342
 57330  -16701  -92291  -16741  -92229  -16868  -92165  -17079  -92107
 57332  -17367  -92060  -17723  -92030  -18135  -92022  -18591  -92040
 57334  -19077  -92087  -19578  -92164  -20078  -92272  -20564  -92411
 57336  -21019  -92579  -21430  -92775  -21783  -92994  -22067  -93231
 57338  -22273  -93482  -22395  -93739  -22429  -93997  -22375  -94247
 57340  -22237  -94483  -22023  -94698  -21742  -94886  -21410  -95042
 57342  -21043  -95161  -20659  -95242  -20280  -95284  -19926  -95288
 57344  -19617  -95258  -19372  -95199  -19206  -95118  -19131  -95024
 57346  -19154  -94928  -19277  -94839  -19492  -94771  -19788  -94733
 57348  -20145  -94734  -20539  -94783  -20939  -94883  -21313  -95035
 57350  -21628  -95236  -21854  -95480  -21969  -95756  -21954  -96050
 57352  -21805  -96348  -21527  -96634  -21132  -96896  -20644  -97122
 57354  -20090  -97303  -19503  -97435  -18912  -97518  -18349  -97552
 57356  -17836  -97544  -17395  -97500  -17038  -97429  -16775  -97340
 57358  -16609  -97240  -16537  -97139  -16553  -97044  -16651  -96962
 57360  -16817  -96898  -17040  -96858  -17304  -96844  -17596  -96858
 57362  -17900  -96903  -18199  -96978  -18480  -97082  -18727  -97213
 57364  -18926  -97369  -19065  -97546  -19133  -97738  -19121  -97941
 57366  -19024  -98147  -18838  -98349  -18564  -98541  -18208  -98714
 57368  -17777  -98863  -17283  -98979  -16744  -99059  -16179  -99099
 57370  -15609  -99096  -15056  -99052  -14544  -98968  -14094  -98851
 57372  -13724  -98706  -13447  -98543  -13272  -98372  -13202  -98204
 57374  -13233  -98049  -13353  -97920  -13547  -97824  -13791  -97769
 57376  -14060  -97760  -14325  -97800  -14555  -97886  -14724  -98015
 57378  -14805  -98179  -14780  -98367  -14637  -98569  -14371  -98770
 57380  -13987  -98958  -13498  -99121  -12924  -99248  -12289  -99332
 57382  -11624  -99367  -10957  -99353  -10318  -99291   -9731  -99186
 57384   -9218  -99045   -8794  -98876   -8469  -98687   -8245  -98489
 57386   -8123  -98290   -8095  -98098   -8153  -97920   -8283  -97762
 57388   -8473  -97628   -8707  -97523   -8968  -97447   -9241  -97402
 57390   -9510  -97387   -9759  -97401   -9975  -97442  -10144  -97506
 57392  -10254  -97588  -10295  -97685  -10260  -97790  -10143  -97897
 57394   -9941  -97999   -9656  -98090   -9292  -98160   -8857  -98205
 57396   -8364  -98216   -7829  -98190   -7274  -98121   -6720  -98009
 57398   -6193  -97854   -5717  -97659   -5315  -97431   -5006  -97176
 57400   -4804  -96907   -4717  -96634   -4745  -96369   -4879  -96126
 57402   -5104  -95914   -5399  -95742   -5736  -95617   -6087  -95540
 57404   -6422  -95512   -6712  -95529   -6932  -95584   -7062  -95668
 57406   -7089  -95770   -7006  -95878   -6814  -95981   -6520  -96067
 57408   -6138  -96126   -5689  -96150   -5196  -96132   -4684  -96069
 57410   -4179  -95961   -3708  -95810   -3293  -95619   -2952  -95396
 57412   -2700  -95147   -2546  -94883   -2494  -94610   -2543  -94339
 57414   -2688  -94078   -2918  -93833   -3221  -93610   -3584  -93414
 57416   -3989  -93247   -4421  -93113   -4864  -93011   -5300  -92940
 57418   -5716  -92899   -6097  -92884   -6431  -92893   -6707  -92920
 57420   -6916  -92961   -7052  -93009   -7111  -93059   -7090  -93103
 57422   -6991  -93136   -6819  -93151   -6582  -93140   -6292  -93098
 57424   -5963  -93020   -5616  -92903   -5272  -92743   -4955  -92542
 57426   -4691  -92303   -4502  -92031   -4410  -91735   -4429  -91425
 57428   -4569  -91115   -4829  -90818   -5200  -90548   -5663  -90316
 57430   -6193  -90131   -6758  -89998   -7326  -89921   -7864  -89895
 57432   -8343  -89916   -8738  -89973   -9033  -90056   -9220  -90152
 57434   -9297  -90249   -9271  -90334   -9156  -90398   -8968  -90432
 57436   -8730  -90428   -8466  -90385   -8199  -90299   -7954  -90172
 57438   -7751  -90008   -7610  -89810   -7547  -89586   -7571  -89343
 57440   -7690  -89089   -7906  -88832   -8216  -88581   -8615  -88342
 57442   -9093  -88123   -9637  -87928  -10234  -87763  -10867  -87629
 57444  -11520  -87529  -12177  -87462  -12821  -87428  -13439  -87424
 57446  -14017  -87446  -14542  -87492  -15007  -87555  -15403  -87630
 57448  -15725  -87712  -15970  -87795  -16140  -87872  -16236  -87936
 57450  -16264  -87982  -16232  -88005  -16152  -87998  -16039  -87957
 57452  -15909  -87880  -15783  -87764  -15683  -87611  -15631  -87423
 57454  -15648  -87204  -15756  -86964  -15969  -86712  -16297  -86460
 57456  -16741  -86223  -17293  -86013  -17934  -85845  -18638  -85728
 57458  -19372  -85668  -20100  -85667  -20784  -85723  -21394  -85828
 57460  -21903  -85971  -22296  -86139  -22567  -86316  -22719  -86489
 57462  -22765  -86645  -22723  -86774  -22618  -86867  -22474  -86919
 57464  -22317  -86929  -22173  -86898  -22065  -86827  -22011  -86722
 57466  -22027  -86589  -22125  -86436  -22312  -86268  -22591  -86096
 57468  -22961  -85926  -23417  -85765  -23953  -85621  -24556  -85499
 57470  -25215  -85404  -25914  -85339  -26639  -85307  -27373  -85308
 57472  -28101  -85343  -28806  -85410  -29475  -85506  -30095  -85627
 57474  -30655  -85769  -31148  -85927  -31566  -86094  -31907  -86265
 57476  -32171  -86434  -32358  -86595  -32474  -86740  -32525  -86866
 57478  -32523  -86966  -32479  -87036  -32407  -87073  -32326  -87076
 57480  -32252  -87043  -32206  -86975  -32206  -86876  -32272  -86750
 57482  -32421  -86605  -32666  -86450  -33014  -86297  -33467  -86158
 57484  -34017  -86046  -34649  -85974  -35337  -85951  -36049  -85986
 57486  -36749  -86080  -37399  -86233  -37964  -86436  -38415  -86679
 57488  -38735  -86946  -38918  -87222  -38967  -87490  -38900  -87737
 57490  -38739  -87950  -38513  -88121  -38253  -88246  -37990  -88324
 57492  -37751  -88356  -37560  -88349  -37435  -88308  -37392  -88240
 57494  -37439  -88155  -37579  -88060  -37812  -87964  -38135  -87874
 57496  -38539  -87798  -39014  -87740  -39548  -87707  -40128  -87702
 57498  -40738  -87728  -41361  -87786  -41984  -87877  -42589  -88000
 57500  -43162  -88152  -43690  -88330  -44161  -88532  -44565  -88750
 57502  -44895  -88981  -45145  -89218  -45315  -89454  -45405  -89684
 57504  -45419  -89900  -45364  -90098  -45249  -90271  -45087  -90415
 57506  -44890  -90528  -44676  -90605  -44461  -90648  -44263  -90655
 57508  -44100  -90630  -43989  -90575  -43947  -90498  -43987  -90405
 57510  -44117  -90305  -44343  -90209  -44663  -90128  -45069  -90073
 57512  -45544  -90056  -46067  -90086  -46606  -90168  -47128  -90307
 57514  -47597  -90500  -47978  -90742  -48244  -91023  -48373  -91327
 57516  -48357  -91639  -48199  -91943  -47915  -92223  -47528  -92465
 57518  -47071  -92660  -46578  -92804  -46084  -92896  -45621  -92938
 57520  -45215  -92936  -44888  -92898  -44653  -92833  -44518  -92751
 57522  -44485  -92661  -44552  -92572  -44710  -92492  -44951  -92428
 57524  -45261  -92386  -45625  -92370  -46029  -92383  -46456  -92427
 57526  -46890  -92503  -47315  -92610  -47716  -92747  -48078  -92911
 57528  -48389  -93098  -48638  -93305  -48816  -93526  -48916  -93754
 57530  -48936  -93985  -48873  -94211  -48731  -94425  -48515  -94622
 57532  -48233  -94796  -47897  -94941  -47521  -95053  -47120  -95130
 57534  -46713  -95169  -46317  -95172  -45951  -95139  -45633  -95075
 57536  -45379  -94984  -45203  -94873  -45113  -94750  -45117  -94625
 57538  -45213  -94508  -45398  -94409  -45660  -94338  -45980  -94305
 57540  -46336  -94315  -46700  -94375  -47041  -94486  -47326  -94646
 57542  -47524  -94848  -47611  -95085  -47566  -95342  -47381  -95605
 57544  -47057  -95858  -46608  -96086  -46055  -96276  -45430  -96419
 57546  -44767  -96508  -44102  -96542  -43469  -96524  -42897  -96459
 57548  -42411  -96356  -42025  -96224  -41749  -96075  -41583  -95918
 57550  -41525  -95764  -41564  -95621  -41690  -95496  -41887  -95395
 57552  -42139  -95322  -42428  -95280  -42737  -95269  -43050  -95291
 57554  -43350  -95343  -43623  -95423  -43854  -95529  -44031  -95657
 57556  -44144  -95801  -44186  -95956  -44151  -96116  -44035  -96275
 57558  -43840  -96426  -43567  -96563  -43224  -96679  -42820  -96768
 57560  -42368  -96826  -41884  -96848  -41384  -96832  -40888  -96777
 57562  -40415  -96684  -39987  -96555  -39619  -96396  -39329  -96213
 57564  -39128  -96013  -39024  -95806  -39019  -95603  -39109  -95413
 57566  -39284  -95246  -39530  -95112  -39826  -95018  -40146  -94968
 57568  -40463  -94967  -40748  -95012  -40972  -95100  -41108  -95226
 57570  -41136  -95378  -41042  -95545  -40819  -95713  -40471  -95869
 57572  -40009  -96000  -39455  -96092  -38836  -96139  -38184  -96134
 57574  -37534  -96076  -36916  -95966  -36361  -95811  -35892  -95618
 57576  -35526  -95397  -35273  -95159  -35135  -94914  -35108  -94673
 57578  -35184  -94445  -35348  -94237  -35586  -94056  -35880  -93904
 57580  -36211  -93785  -36561  -93700  -36913  -93648  -37249  -93627
 57582  -37556  -93634  -37820  -93666  -38029  -93718  -38175  -93786
 57584  -38250  -93863  -38250  -93943  -38172  -94021  -38018  -94089
 57586  -37791  -94141  -37499  -94172  -37150  -94175  -36759  -94145
 57588  -36341  -94079  -35914  -93975  -35498  -93831  -35115  -93649
 57590  -34784  -93432  -34525  -93186  -34354  -92918  -34282  -92638
 57592  -34316  -92356  -34454  -92083  -34691  -91829  -35012  -91606
 57594  -35399  -91422  -35825  -91282  -36265  -91190  -36688  -91147
 57596  -37067  -91149  -37374  -91191  -37589  -91264  -37695  -91358
 57598  -37685  -91459  -37557  -91557  -37320  -91637  -36986  -91689
 57600  -36579  -91704  -36122  -91675  -35647  -91597  -35181  -91470
 57602  -34755  -91297  -34394  -91083  -34118  -90835  -33944  -90563
 57604  -33880  -90277  -33929  -89987  -34086  -89703  -34344  -89434
 57606  -34689  -89188  -35106  -88970  -35575  -88785  -36080  -88634
 57608  -36600  -88518  -37119  -88436  -37619  -88387  -38086  -88367
 57610  -38508  -88371  -38873  -88395  -39174  -88434  -39404  -88481
 57612  -39561  -88531  -39643  -88578  -39653  -88614  -39594  -88634
 57614  -39474  -88633  -39302  -88605  -39092  -88544  -38860  -88449
 57616  -38622  -88317  -38398  -88147  -38210  -87940  -38077  -87700
 57618  -38019  -87433  -38052  -87147  -38189  -86851  -38434  -86557
 57620  -38788  -86276  -39240  -86021  -39775  -85802  -40370  -85629
 57622  -40996  -85506  -41622  -85435  -42216  -85416  -42750  -85444
 57624  -43198  -85509  -43542  -85602  -43771  -85709  -43883  -85818
 57626  -43883  -85916  -43785  -85991  -43607  -86035  -43373  -86039
 57628  -43110  -85999  -42844  -85914  -42603  -85784  -42412  -85614
 57630  -42291  -85409  -42258  -85177  -42324  -84927  -42495  -84669
 57632  -42772  -84411  -43149  -84163  -43619  -83932  -44167  -83727
 57634  -44779  -83552  -45436  -83411  -46120  -83306  -46814  -83237
 57636  -47498  -83203  -48158  -83202  -48779  -83229  -49348  -83281
 57638  -49857  -83352  -50298  -83437  -50667  -83528  -50962  -83622
 57640  -51183  -83710  -51333  -83788  -51418  -83849  -51447  -83888
 57642  -51428  -83901  -51375  -83884  -51303  -83833  -51228  -83747
 57644  -51168  -83626  -51143  -83472  -51171  -83287  -51271  -83077
 57646  -51458  -82850  -51744  -82615  -52136  -82384  -52632  -82168
 57648  -53224  -81981  -53894  -81834  -54618  -81735  -55366  -81691
 57650  -56102  -81705  -56792  -81774  -57405  -81891  -57914  -82046
 57652  -58302  -82226  -58562  -82416  -58697  -82602  -58717  -82771
 57654  -58643  -82910  -58498  -83012  -58312  -83070  -58114  -83082
 57656  -57930  -83049  -57787  -82974  -57707  -82863  -57707  -82722
 57658  -57799  -82561  -57990  -82389  -58281  -82213  -58671  -82044
 57660  -59153  -81889  -59714  -81755  -60343  -81648  -61022  -81573
 57662  -61735  -81532  -62464  -81528  -63191  -81559  -63899  -81624
 57664  -64574  -81721  -65200  -81845  -65768  -81992  -66269  -82156
 57666  -66697  -82331  -67048  -82510  -67323  -82689  -67523  -82860
 57668  -67653  -83018  -67721  -83157  -67735  -83273  -67708  -83362
 57670  -67651  -83420  -67579  -83446  -67509  -83438  -67457  -83398
 57672  -67439  -83326  -67474  -83227  -67576  -83105  -67758  -82969
 57674  -68031  -82826  -68401  -82688  -68866  -82565  -69418  -82471
 57676  -70041  -82414  -70712  -82407  -71400  -82455  -72070  -82561
 57678  -72686  -82723  -73212  -82936  -73620  -83188  -73892  -83465
 57680  -74018  -83750  -74004  -84026  -73865  -84280  -73626  -84497
 57682  -73318  -84669  -72975  -84790  -72632  -84861  -72318  -84884
 57684  -72061  -84864  -71881  -84809  -71793  -84727  -71806  -84629
 57686  -71922  -84524  -72140  -84422  -72452  -84330  -72849  -84256
 57688  -73316  -84206  -73839  -84185  -74401  -84197  -74984  -84242
 57690  -75572  -84323  -76147  -84437  -76692  -84584  -77195  -84759
 57692  -77642  -84958  -78024  -85176  -78332  -85407  -78563  -85646
 57694  -78714  -85886  -78786  -86120  -78783  -86343  -78712  -86548
 57696  -78581  -86731  -78402  -86888  -78186  -87014  -77949  -87108
 57698  -77705  -87169  -77470  -87196  -77260  -87191  -77091  -87156
 57700  -76976  -87097  -76930  -87017  -76962  -86926  -77079  -86830
 57702  -77284  -86739  -77574  -86665  -77942  -86616  -78372  -86603
 57704  -78841  -86636  -79323  -86719  -79783  -86857  -80187  -87049
 57706  -80501  -87290  -80694  -87569  -80743  -87873  -80639  -88185
 57708  -80383  -88488  -79990  -88765  -79486  -89002  -78906  -89187
 57710  -78288  -89316  -77673  -89388  -77096  -89405  -76588  -89376
 57712  -76172  -89309  -75862  -89215  -75666  -89106  -75584  -88992
 57714  -75610  -88884  -75733  -88790  -75940  -88718  -76215  -88672
 57716  -76540  -88657  -76896  -88675  -77266  -88727  -77632  -88812
 57718  -77977  -88929  -78287  -89075  -78548  -89246  -78749  -89438
 57720  -78881  -89644  -78937  -89860  -78915  -90078  -78813  -90293
 57722  -78634  -90498  -78382  -90687  -78065  -90855  -77695  -90996
 57724  -77282  -91107  -76842  -91184  -76390  -91226  -75942  -91233
 57726  -75515  -91205  -75125  -91145  -74787  -91056  -74513  -90945
 57728  -74314  -90817  -74199  -90680  -74170  -90542  -74226  -90412
 57730  -74363  -90300  -74568  -90215  -74827  -90165  -75118  -90157
 57732  -75414  -90195  -75686  -90282  -75903  -90417  -76034  -90595
 57734  -76051  -90807  -75933  -91042  -75668  -91284  -75254  -91517
 57736  -74703  -91724  -74038  -91892  -73290  -92008  -72498  -92066
 57738  -71705  -92062  -70950  -92001  -70267  -91888  -69683  -91734
 57740  -69217  -91550  -68878  -91351  -68664  -91147  -68569  -90950
 57742  -68581  -90771  -68683  -90615  -68855  -90490  -69078  -90398
 57744  -69330  -90341  -69594  -90319  -69850  -90330  -70083  -90373
 57746  -70276  -90442  -70419  -90534  -70501  -90644  -70515  -90766
 57748  -70455  -90894  -70318  -91021  -70106  -91142  -69822  -91250
 57750  -69470  -91339  -69060  -91404  -68603  -91440  -68113  -91443
 57752  -67603  -91411  -67092  -91342  -66597  -91236  -66135  -91096
 57754  -65723  -90924  -65375  -90725  -65104  -90506  -64920  -90274
 57756  -64828  -90038  -64828  -89806  -64915  -89588  -65082  -89392
 57758  -65312  -89227  -65589  -89100  -65888  -89014  -66184  -88974
 57760  -66449  -88979  -66656  -89027  -66779  -89111  -66796  -89223
 57762  -66689  -89352  -66450  -89485  -66079  -89607  -65586  -89705
 57764  -64990  -89765  -64319  -89776  -63607  -89733  -62892  -89631
 57766  -62212  -89473  -61601  -89265  -61088  -89014  -60693  -88735
 57768  -60427  -88438  -60293  -88137  -60285  -87845  -60389  -87571
 57770  -60590  -87324  -60865  -87111  -61193  -86934  -61552  -86795
 57772  -61922  -86694  -62282  -86628  -62616  -86594  -62909  -86589
 57774  -63151  -86605  -63330  -86639  -63443  -86683  -63483  -86732
 57776  -63451  -86779  -63347  -86819  -63176  -86844  -62945  -86850
 57778  -62661  -86831  -62337  -86783  -61986  -86702  -61623  -86587
 57780  -61265  -86435  -60931  -86248  -60637  -86027  -60402  -85776
 57782  -60240  -85501  -60164  -85209  -60182  -84908  -60300  -84607
 57784  -60514  -84317  -60819  -84048  -61201  -83808  -61643  -83604
 57786  -62122  -83444  -62612  -83330  -63086  -83263  -63518  -83240
 57788  -63881  -83257  -64154  -83307  -64319  -83378  -64367  -83460
 57790  -64294  -83541  -64105  -83606  -63813  -83644  -63439  -83645
 57792  -63007  -83601  -62550  -83507  -62098  -83360  -61686  -83164
 57794  -61342  -82923  -61092  -82646  -60954  -82343  -60938  -82026
 57796  -61049  -81708  -61280  -81399  -61621  -81112  -62054  -80853
 57798  -62561  -80629  -63119  -80444  -63705  -80301  -64297  -80197
 57800  -64877  -80131  -65425  -80099  -65929  -80096  -66376  -80116
 57802  -66758  -80154  -67070  -80202  -67310  -80254  -67477  -80304
 57804  -67574  -80345  -67607  -80372  -67582  -80380  -67510  -80363
 57806  -67401  -80318  -67270  -80242  -67131  -80133  -66999  -79989
 57808  -66894  -79812  -66830  -79604  -66826  -79368  -66897  -79111
 57810  -67055  -78839  -67308  -78561  -67660  -78288  -68110  -78030
 57812  -68649  -77797  -69261  -77599  -69927  -77445  -70620  -77339
 57814  -71311  -77284  -71970  -77280  -72569  -77322  -73082  -77403
 57816  -73490  -77513  -73780  -77641  -73948  -77772  -73998  -77894
 57818  -73940  -77995  -73794  -78064  -73583  -78093  -73336  -78077
 57820  -73082  -78012  -72850  -77900  -72669  -77745  -72563  -77552
 57822  -72550  -77330  -72646  -77090  -72856  -76842  -73180  -76597
 57824  -73613  -76365  -74144  -76156  -74756  -75978  -75430  -75836
 57826  -76146  -75734  -76880  -75673  -77613  -75652  -78325  -75669
 57828  -78998  -75721  -79619  -75801  -80177  -75904  -80663  -76023
 57830  -81074  -76152  -81409  -76284  -81668  -76411  -81856  -76529
 57832  -81980  -76631  -82048  -76713  -82071  -76770  -82060  -76798
 57834  -82029  -76796  -81993  -76761  -81967  -76694  -81967  -76596
 57836  -82009  -76468  -82107  -76315  -82277  -76143  -82529  -75958
 57838  -82871  -75769  -83308  -75586  -83836  -75420  -84447  -75281
 57840  -85127  -75178  -85853  -75122  -86597  -75117  -87329  -75167
 57842  -88014  -75270  -88623  -75422  -89127  -75613  -89508  -75831
 57844  -89754  -76062  -89865  -76291  -89850  -76504  -89729  -76687
 57846  -89525  -76832  -89269  -76929  -88994  -76977  -88731  -76976
 57848  -88510  -76928  -88355  -76840  -88287  -76720  -88321  -76577
 57850  -88463  -76423  -88716  -76267  -89075  -76119  -89532  -75990
 57852  -90072  -75886  -90680  -75814  -91335  -75778  -92018  -75781
 57854  -92708  -75824  -93385  -75906  -94031  -76023  -94631  -76171
 57856  -95170  -76346  -95639  -76541  -96031  -76749  -96343  -76964
 57858  -96575  -77179  -96730  -77386  -96812  -77580  -96830  -77756
 57860  -96795  -77909  -96716  -78035  -96609  -78130  -96486  -78194
 57862  -96362  -78225  -96253  -78224  -96172  -78193  -96136  -78134
 57864  -96156  -78051  -96245  -77951  -96412  -77840  -96664  -77726
 57866  -97002  -77618  -97425  -77527  -97924  -77462  -98483  -77433
