Nutation ephemeris from nutIAU200 for Oct 2001 - Mar 2003 IAU2000               
(1x,i5,8i8,8x,i2)                  2452195 2452754  4 -1          1.E-04
 52195 -179896    4073 -179919    4324 -180091    4580 -180413    4824
 52197 -180875    5036 -181454    5201 -182118    5305 -182826    5339
 52199 -183536    5299 -184203    5188 -184789    5014 -185262    4787
 52201 -185602    4525 -185799    4243 -185854    3958 -185780    3685
 52203 -185594    3438 -185321    3227 -184987    3058 -184619    2936
 52205 -184244    2863 -183887    2835 -183568    2851 -183306    2906
 52207 -183117    2993 -183009    3106 -182992    3237 -183068    3379
 52209 -183239    3523 -183502    3662 -183851    3787 -184278    3893
 52211 -184770    3973 -185315    4019 -185895    4029 -186491    3997
 52213 -187084    3923 -187651    3805 -188172    3646 -188625    3447
 52215 -188990    3215 -189251    2957 -189394    2682 -189412    2400
 52217 -189302    2122 -189068    1860 -188719    1626 -188272    1430
 52219 -187750    1281 -187179    1185 -186590    1147 -186015    1167
 52221 -185488    1243 -185037    1369 -184690    1534 -184468    1728
 52223 -184383    1935 -184440    2139 -184632    2325 -184946    2477
 52225 -185358    2580 -185834    2626 -186340    2607 -186834    2520
 52227 -187278    2369 -187637    2160 -187882    1905 -187992    1618
 52229 -187959    1314 -187783    1010 -187474     721 -187051     460
 52231 -186536     238 -185959      61 -185349     -64 -184733    -138
 52233 -184140    -162 -183591    -140 -183106     -78 -182700      19
 52235 -182384     141 -182165     281 -182043     430 -182020     580
 52237 -182089     723 -182244     852 -182474     960 -182766    1040
 52239 -183106    1087 -183475    1098 -183855    1069 -184226     998
 52241 -184565     886 -184852     733 -185065     544 -185185     325
 52243 -185194      82 -185079    -174 -184833    -433 -184453    -683
 52245 -183944    -910 -183320   -1103 -182602   -1251 -181815   -1344
 52247 -180992   -1377 -180169   -1346 -179383   -1253 -178668   -1104
 52249 -178054    -907 -177566    -676 -177219    -424 -177020    -167
 52251 -176965      78 -177040     295 -177225     472 -177491     597
 52253 -177803     664 -178126     668 -178424     611 -178662     497
 52255 -178811     335 -178847     134 -178755     -90 -178528    -325
 52257 -178168    -555 -177685    -767 -177096    -949 -176424   -1090
 52259 -175695   -1184 -174938   -1226 -174181   -1217 -173450   -1156
 52261 -172770   -1048 -172161    -900 -171637    -717 -171209    -510
 52263 -170884    -285 -170664     -53 -170545     178 -170523     401
 52265 -170588     607 -170728     791 -170929     945 -171176    1067
 52267 -171449    1152 -171732    1197 -172002    1203 -172240    1168
 52269 -172425    1097 -172536     991 -172556     858 -172467     704
 52271 -172257     538 -171917     372 -171444     217 -170844      86
 52273 -170128      -8 -169318     -52 -168443     -39 -167536      40
 52275 -166639     187 -165792     399 -165033     670 -164397     988
 52277 -163909    1338 -163582    1703 -163418    2064 -163409    2404
 52279 -163532    2706 -163760    2957 -164057    3150 -164386    3279
 52281 -164708    3344 -164989    3351 -165198    3305 -165310    3218
 52283 -165309    3101 -165184    2969 -164936    2834 -164569    2710
 52285 -164097    2610 -163536    2542 -162910    2515 -162242    2535
 52287 -161560    2605 -160888    2725 -160252    2893 -159674    3105
 52289 -159172    3355 -158761    3635 -158451    3938 -158247    4254
 52291 -158150    4574 -158158    4890 -158263    5194 -158455    5478
 52293 -158721    5735 -159045    5962 -159412    6152 -159803    6304
 52295 -160197    6417 -160577    6490 -160922    6524 -161213    6522
 52297 -161431    6488 -161561    6429 -161587    6352 -161499    6265
 52299 -161288    6178 -160953    6103 -160498    6052 -159933    6037
 52301 -159277    6069 -158557    6158 -157806    6312 -157063    6533
 52303 -156371    6820 -155770    7167 -155299    7561 -154984    7988
 52305 -154843    8427 -154878    8857 -155077    9257 -155415    9611
 52307 -155858    9905 -156363   10129 -156886   10282 -157386   10366
 52309 -157827   10388 -158178   10359 -158419   10292 -158539   10202
 52311 -158535   10103 -158412   10009 -158181    9934 -157859    9886
 52313 -157467    9875 -157029    9907 -156568    9985 -156110   10110
 52315 -155678   10282 -155294   10497 -154976   10751 -154740   11037
 52317 -154598   11347 -154559   11675 -154625   12009 -154797   12343
 52319 -155070   12668 -155436   12975 -155884   13258 -156400   13510
 52321 -156967   13727 -157568   13906 -158185   14043 -158796   14139
 52323 -159384   14194 -159930   14212 -160415   14194 -160823   14147
 52325 -161141   14077 -161356   13991 -161461   13899 -161451   13810
 52327 -161326   13734 -161091   13682 -160757   13664 -160342   13692
 52329 -159869   13773 -159369   13913 -158875   14117 -158428   14382
 52331 -158064   14704 -157821   15073 -157729   15473 -157805   15884
 52333 -158056   16287 -158472   16658 -159029   16978 -159689   17232
 52335 -160409   17410 -161137   17508 -161829   17531 -162442   17486
 52337 -162946   17388 -163321   17253 -163558   17097 -163660   16938
 52339 -163638   16791 -163510   16668 -163298   16581 -163029   16534
 52341 -162727   16535 -162420   16582 -162131   16677 -161883   16816
 52343 -161695   16994 -161583   17206 -161560   17444 -161634   17701
 52345 -161810   17968 -162088   18237 -162467   18500 -162941   18748
 52347 -163498   18974 -164128   19172 -164815   19335 -165542   19460
 52349 -166290   19544 -167041   19585 -167774   19583 -168470   19541
 52351 -169110   19462 -169679   19349 -170162   19211 -170546   19052
 52353 -170823   18883 -170990   18712 -171044   18549 -170989   18403
 52355 -170835   18285 -170594   18203 -170286   18166 -169933   18180
 52357 -169563   18251 -169207   18379 -168898   18564 -168671   18799
 52359 -168555   19074 -168576   19378 -168751   19691 -169086   19995
 52361 -169574   20269 -170192   20494 -170908   20654 -171677   20736
 52363 -172450   20738 -173176   20660 -173813   20512 -174326   20308
 52365 -174691   20065 -174901   19803 -174959   19541 -174880   19295
 52367 -174688   19080 -174410   18907 -174077   18782 -173721   18708
 52369 -173370   18687 -173050   18714 -172785   18786 -172592   18897
 52371 -172485   19038 -172475   19203 -172566   19382 -172760   19566
 52373 -173055   19748 -173447   19919 -173925   20071 -174479   20198
 52375 -175096   20294 -175758   20353 -176448   20372 -177147   20349
 52377 -177834   20284 -178491   20177 -179098   20030 -179636   19848
 52379 -180089   19636 -180446   19402 -180694   19153 -180830   18899
 52381 -180850   18650 -180759   18415 -180563   18204 -180276   18027
 52383 -179916   17891 -179502   17804 -179062   17769 -178622   17790
 52385 -178211   17865 -177861   17991 -177598   18161 -177446   18365
 52387 -177426   18590 -177548   18819 -177813   19036 -178213   19222
 52389 -178725   19361 -179320   19439 -179956   19445 -180588   19374
 52391 -181170   19227 -181657   19013 -182014   18744 -182218   18437
 52393 -182256   18112 -182132   17787 -181861   17482 -181466   17212
 52395 -180980   16989 -180437   16820 -179872   16707 -179318   16652
 52397 -178805   16650 -178356   16695 -177990   16780 -177721   16896
 52399 -177557   17034 -177502   17183 -177555   17336 -177710   17482
 52401 -177960   17615 -178294   17726 -178699   17809 -179158   17860
 52403 -179655   17873 -180171   17846 -180686   17777 -181180   17667
 52405 -181633   17516 -182027   17329 -182342   17109 -182565   16863
 52407 -182681   16598 -182683   16325 -182567   16052 -182332   15790
 52409 -181986   15550 -181539   15341 -181009   15172 -180416   15052
 52411 -179787   14985 -179150   14974 -178534   15020 -177970   15118
 52413 -177484   15264 -177101   15448 -176841   15659 -176715   15881
 52415 -176727   16100 -176872   16301 -177135   16466 -177494   16583
 52417 -177915   16640 -178362   16630 -178792   16550 -179164   16402
 52419 -179439   16194 -179587   15938 -179583   15649 -179419   15346
 52421 -179095   15046 -178625   14768 -178032   14527 -177346   14335
 52423 -176602   14199 -175838   14123 -175087   14107 -174381   14147
 52425 -173746   14237 -173203   14368 -172765   14530 -172441   14714
 52427 -172233   14908 -172139   15103 -172151   15290 -172261   15461
 52429 -172454   15608 -172716   15725 -173029   15808 -173375   15852
 52431 -173734   15856 -174087   15820 -174414   15743 -174694   15627
 52433 -174909   15477 -175043   15298 -175079   15096 -175006   14879
 52435 -174816   14657 -174506   14440 -174077   14239 -173538   14065
 52437 -172902   13928 -172189   13837 -171423   13800 -170634   13820
 52439 -169854   13901 -169116   14040 -168450   14232 -167885   14469
 52441 -167443   14738 -167139   15026 -166979   15316 -166960   15594
 52443 -167070   15844 -167287   16051 -167583   16204 -167923   16296
 52445 -168270   16322 -168584   16283 -168829   16184 -168972   16034
 52447 -168989   15845 -168863   15633 -168586   15412 -168163   15201
 52449 -167608   15015 -166941   14866 -166193   14767 -165395   14724
 52451 -164583   14741 -163789   14817 -163045   14948 -162376   15128
 52453 -161804   15349 -161342   15600 -160999   15870 -160777   16150
 52455 -160672   16428 -160678   16695 -160782   16943 -160970   17164
 52457 -161226   17354 -161530   17507 -161864   17620 -162208   17693
 52459 -162541   17724 -162844   17717 -163097   17672 -163284   17595
 52461 -163388   17491 -163395   17366 -163293   17230 -163077   17091
 52463 -162743   16960 -162293   16847 -161736   16764 -161085   16721
 52465 -160362   16726 -159594   16788 -158810   16911 -158047   17096
 52467 -157338   17341 -156719   17639 -156218   17979 -155857   18348
 52469 -155649   18728 -155598   19103 -155694   19454 -155918   19767
 52471 -156241   20027 -156630   20226 -157045   20358 -157446   20423
 52473 -157796   20425 -158062   20371 -158216   20275 -158242   20148
 52475 -158128   20007 -157877   19868 -157495   19744 -156999   19651
 52477 -156413   19598 -155764   19595 -155082   19646 -154400   19754
 52479 -153747   19917 -153151   20131 -152637   20391 -152221   20686
 52481 -151918   21008 -151735   21345 -151673   21688 -151728   22026
 52483 -151892   22349 -152153   22649 -152495   22919 -152900   23155
 52485 -153350   23351 -153824   23506 -154302   23619 -154764   23691
 52487 -155191   23723 -155565   23719 -155870   23685 -156091   23626
 52489 -156215   23548 -156235   23462 -156143   23374 -155938   23296
 52491 -155625   23238 -155209   23210 -154707   23221 -154137   23282
 52493 -153525   23398 -152902   23575 -152303   23814 -151763   24112
 52495 -151319   24462 -150999   24852 -150829   25269 -150821   25693
 52497 -150978   26105 -151287   26486 -151725   26818 -152257   27088
 52499 -152842   27288 -153437   27413 -153998   27467 -154486   27456
 52501 -154870   27393 -155129   27292 -155250   27169 -155231   27040
 52503 -155080   26921 -154811   26826 -154446   26767 -154012   26753
 52505 -153536   26789 -153049   26879 -152579   27023 -152154   27217
 52507 -151797   27457 -151528   27735 -151361   28042 -151308   28370
 52509 -151372   28707 -151553   29044 -151847   29371 -152242   29679
 52511 -152728   29960 -153286   30207 -153900   30416 -154549   30584
 52513 -155214   30708 -155873   30789 -156508   30828 -157099   30828
 52515 -157631   30793 -158087   30729 -158455   30643 -158726   30541
 52517 -158893   30433 -158953   30327 -158905   30232 -158756   30159
 52519 -158513   30116 -158192   30113 -157810   30156 -157393   30253
 52521 -156969   30408 -156569   30621 -156227   30889 -155977   31208
 52523 -155848   31565 -155864   31945 -156041   32332 -156381   32703
 52525 -156872   33041 -157490   33324 -158198   33539 -158951   33676
 52527 -159700   33732 -160398   33711 -161002   33622 -161480   33480
 52529 -161813   33302 -161992   33107 -162022   32914 -161917   32739
 52531 -161700   32597 -161399   32498 -161044   32449 -160667   32454
 52533 -160298   32514 -159966   32625 -159694   32783 -159502   32981
 52535 -159408   33211 -159420   33464 -159546   33731 -159787   34000
 52537 -160139   34263 -160594   34510 -161142   34734 -161769   34927
 52539 -162457   35083 -163187   35198 -163941   35270 -164697   35298
 52541 -165436   35282 -166138   35224 -166785   35129 -167362   35001
 52543 -167854   34846 -168252   34672 -168548   34488 -168738   34300
 52545 -168821   34119 -168803   33954 -168689   33813 -168491   33705
 52547 -168225   33637 -167911   33616 -167571   33646 -167231   33729
 52549 -166921   33867 -166668   34055 -166504   34288 -166453   34555
 52551 -166536   34843 -166767   35135 -167148   35413 -167670   35656
 52553 -168310   35846 -169034   35967 -169796   36010 -170547   35969
 52555 -171235   35848 -171816   35656 -172253   35408 -172525   35125
 52557 -172625   34827 -172558   34535 -172347   34268 -172018   34042
 52559 -171606   33866 -171150   33748 -170683   33689 -170241   33688
 52561 -169851   33740 -169538   33839 -169319   33974 -169207   34137
 52563 -169209   34318 -169327   34507 -169558   34693 -169895   34867
 52565 -170329   35021 -170845   35148 -171428   35241 -172060   35295
 52567 -172721   35308 -173393   35276 -174053   35201 -174683   35084
 52569 -175264   34926 -175778   34734 -176210   34512 -176548   34267
 52571 -176784   34008 -176912   33744 -176931   33482 -176843   33233
 52573 -176656   33006 -176380   32808 -176030   32648 -175624   32531
 52575 -175184   32463 -174733   32446 -174296   32482 -173900   32567
 52577 -173571   32698 -173332   32867 -173204   33065 -173201   33278
 52579 -173334   33491 -173601   33687 -173991   33851 -174483   33964
 52581 -175046   34013 -175639   33989 -176214   33886 -176724   33705
 52583 -177122   33456 -177372   33151 -177448   32811 -177341   32456
 52585 -177054   32109 -176609   31791 -176035   31517 -175373   31301
 52587 -174664   31149 -173949   31063 -173267   31041 -172650   31075
 52589 -172124   31158 -171705   31279 -171406   31426 -171231   31589
 52591 -171178   31755 -171241   31915 -171411   32059 -171673   32180
 52593 -172011   32270 -172409   32324 -172846   32339 -173303   32313
 52595 -173760   32243 -174195   32131 -174591   31979 -174927   31790
 52597 -175189   31570 -175361   31324 -175434   31061 -175398   30789
 52599 -175250   30516 -174992   30253 -174628   30009 -174167   29792
 52601 -173624   29612 -173017   29476 -172368   29388 -171700   29353
 52603 -171040   29371 -170413   29441 -169845   29559 -169360   29718
 52605 -168977   29910 -168712   30123 -168575   30343 -168566   30557
 52607 -168679   30750 -168901   30906 -169208   31013 -169568   31060
 52609 -169944   31038 -170293   30946 -170574   30785 -170746   30564
 52611 -170775   30293 -170636   29991 -170319   29678 -169826   29373
 52613 -169173   29097 -168389   28868 -167512   28697 -166584   28593
 52615 -165648   28560 -164747   28594 -163917   28689 -163185   28836
 52617 -162571   29022 -162089   29236 -161741   29464 -161526   29694
 52619 -161434   29915 -161452   30117 -161566   30293 -161755   30435
 52621 -162001   30540 -162282   30604 -162578   30625 -162867   30605
 52623 -163130   30543 -163348   30444 -163504   30311 -163581   30150
 52625 -163567   29968 -163451   29772 -163228   29570 -162893   29373
 52627 -162450   29191 -161903   29031 -161264   28905 -160551   28820
 52629 -159782   28784 -158982   28801 -158179   28873 -157400   29002
 52631 -156675   29183 -156029   29411 -155487   29677 -155065   29970
 52633 -154775   30276 -154620   30581 -154597   30870 -154692   31128
 52635 -154885   31343 -155147   31505 -155445   31605 -155741   31639
 52637 -155998   31609 -156178   31518 -156247   31376 -156179   31195
 52639 -155956   30992 -155571   30783 -155027   30588 -154340   30424
 52641 -153535   30305 -152647   30244 -151714   30248 -150777   30320
 52643 -149877   30458 -149048   30657 -148319   30907 -147714   31197
 52645 -147244   31513 -146916   31843 -146725   32172 -146664   32490
 52647 -146719   32787 -146871   33053 -147101   33283 -147386   33472
 52649 -147705   33617 -148035   33719 -148356   33778 -148648   33796
 52651 -148891   33777 -149070   33727 -149171   33650 -149181   33554
 52653 -149093   33447 -148899   33338 -148599   33235 -148195   33148
 52655 -147694   33087 -147106   33061 -146449   33078 -145744   33145
 52657 -145015   33266 -144291   33445 -143603   33681 -142981   33970
 52659 -142454   34304 -142045   34673 -141772   35064 -141646   35462
 52661 -141666   35849 -141823   36211 -142098   36531 -142463   36797
 52663 -142884   37001 -143323   37138 -143741   37206 -144100   37212
 52665 -144366   37162 -144512   37068 -144520   36946 -144379   36811
 52667 -144090   36680 -143662   36570 -143116   36494 -142476   36466
 52669 -141775   36494 -141048   36583 -140331   36736 -139659   36949
 52671 -139063   37216 -138570   37529 -138198   37877 -137961   38246
 52673 -137862   38625 -137898   39001 -138063   39361 -138340   39696
 52675 -138712   39998 -139159   40259 -139657   40477 -140184   40648
 52677 -140717   40773 -141235   40853 -141718   40892 -142148   40894
 52679 -142510   40864 -142791   40809 -142981   40737 -143074   40656
 52681 -143064   40574 -142953   40500 -142744   40444 -142443   40413
 52683 -142063   40417 -141619   40463 -141132   40557 -140625   40705
 52685 -140126   40909 -139664   41167 -139271   41477 -138975   41831
 52687 -138801   42218 -138769   42624 -138889   43032 -139161   43424
 52689 -139573   43783 -140102   44091 -140716   44336 -141374   44508
 52691 -142034   44605 -142650   44629 -143183   44587 -143601   44490
 52693 -143881   44356 -144010   44200 -143987   44041 -143820   43896
 52695 -143529   43780 -143137   43707 -142677   43685 -142180   43720
 52697 -141681   43815 -141212   43968 -140805   44175 -140483   44429
 52699 -140269   44721 -140177   45038 -140214   45371 -140382   45706
 52701 -140677   46032 -141089   46338 -141603   46615 -142202   46856
 52703 -142864   47054 -143568   47205 -144290   47309 -145007   47365
 52705 -145700   47376 -146347   47345 -146933   47278 -147444   47180
 52707 -147867   47060 -148195   46924 -148423   46782 -148550   46642
 52709 -148577   46513 -148510   46402 -148359   46319 -148135   46271
 52711 -147854   46264 -147536   46304 -147202   46394 -146880   46537
 52713 -146594   46732 -146374   46974 -146245   47257 -146233   47572
 52715 -146355   47903 -146623   48236 -147037   48551 -147588   48830
 52717 -148252   49056 -148996   49214 -149775   49294 -150543   49292
 52719 -151251   49211 -151854   49060 -152319   48854 -152621   48611
 52721 -152751   48352 -152716   48098 -152531   47867 -152223   47675
 52723 -151826   47535 -151376   47453 -150911   47434 -150466   47475
 52725 -150074   47574 -149762   47722 -149550   47911 -149455   48130
 52727 -149484   48368 -149641   48613 -149923   48854 -150322   49079
 52729 -150825   49280 -151417   49448 -152079   49577 -152789   49662
 52731 -153526   49700 -154267   49690 -154991   49634 -155678   49534
 52733 -156308   49395 -156866   49222 -157339   49022 -157718   48802
 52735 -157995   48572 -158169   48340 -158241   48113 -158215   47902
 52737 -158099   47714 -157904   47557 -157644   47437 -157337   47359
 52739 -157003   47329 -156662   47347 -156339   47415 -156057   47531
 52741 -155842   47691 -155715   47888 -155697   48111 -155804   48349
 52743 -156044   48586 -156418   48807 -156916   48993 -157518   49127
 52745 -158191   49196 -158893   49188 -159578   49098 -160194   48927
 52747 -160695   48685 -161041   48386 -161208   48050 -161184   47700
 52749 -160975   47359 -160603   47047 -160101   46784 -159508   46581
 52751 -158870   46445 -158230   46379 -157629   46379 -157099   46438
 52753 -156669   46547 -156357   46694 -156174   46866 -156125   47052
