Nutation ephemeris from nutIAU200 for Oct 1999 - Mar 2001 IAU2000               
(1x,i5,8i8,8x,i2)                  2451464 2452023  4 -1          1.E-04
 51464 -146462  -53479 -146745  -53683 -146943  -53884 -147062  -54075
 51466 -147109  -54250 -147093  -54402 -147026  -54528 -146922  -54624
 51468 -146794  -54687 -146657  -54717 -146528  -54711 -146421  -54673
 51470 -146352  -54603 -146336  -54505 -146387  -54385 -146515  -54248
 51472 -146729  -54104 -147035  -53959 -147432  -53826 -147915  -53713
 51474 -148473  -53633 -149087  -53593 -149734  -53604 -150381  -53670
 51476 -150997  -53793 -151544  -53971 -151990  -54198 -152307  -54462
 51478 -152475  -54750 -152487  -55045 -152345  -55329 -152067  -55585
 51480 -151677  -55801 -151211  -55966 -150706  -56073 -150201  -56122
 51482 -149733  -56114 -149333  -56058 -149027  -55961 -148832  -55835
 51484 -148759  -55692 -148809  -55545 -148978  -55404 -149256  -55280
 51486 -149628  -55183 -150075  -55118 -150577  -55092 -151111  -55107
 51488 -151655  -55164 -152187  -55262 -152688  -55399 -153139  -55570
 51490 -153527  -55770 -153839  -55992 -154068  -56230 -154210  -56475
 51492 -154264  -56720 -154232  -56957 -154121  -57181 -153940  -57384
 51494 -153699  -57561 -153412  -57709 -153093  -57824 -152757  -57904
 51496 -152420  -57949 -152097  -57958 -151803  -57934 -151553  -57880
 51498 -151361  -57799 -151237  -57698 -151190  -57583 -151226  -57461
 51500 -151349  -57340 -151556  -57231 -151842  -57142 -152195  -57083
 51502 -152597  -57062 -153026  -57088 -153452  -57166 -153844  -57297
 51504 -154167  -57482 -154386  -57713 -154473  -57981 -154405  -58273
 51506 -154170  -58570 -153770  -58855 -153221  -59109 -152550  -59317
 51508 -151797  -59466 -151006  -59551 -150222  -59568 -149488  -59524
 51510 -148841  -59426 -148307  -59286 -147904  -59118 -147638  -58937
 51512 -147509  -58755 -147505  -58585 -147613  -58438 -147812  -58321
 51514 -148079  -58241 -148393  -58202 -148728  -58204 -149063  -58247
 51516 -149378  -58328 -149653  -58445 -149873  -58592 -150026  -58763
 51518 -150101  -58950 -150093  -59148 -149999  -59349 -149820  -59545
 51520 -149560  -59729 -149226  -59895 -148828  -60037 -148377  -60149
 51522 -147888  -60229 -147376  -60273 -146856  -60281 -146347  -60251
 51524 -145862  -60185 -145418  -60087 -145028  -59959 -144705  -59807
 51526 -144457  -59637 -144292  -59456 -144213  -59271 -144220  -59091
 51528 -144309  -58924 -144471  -58779 -144693  -58664 -144958  -58586
 51530 -145243  -58551 -145523  -58564 -145767  -58625 -145946  -58733
 51532 -146027  -58884 -145985  -59068 -145795  -59273 -145446  -59484
 51534 -144935  -59683 -144274  -59852 -143486  -59976 -142609  -60040
 51536 -141687  -60037 -140768  -59963 -139899  -59822 -139124  -59622
 51538 -138473  -59377 -137967  -59102 -137616  -58813 -137416  -58526
 51540 -137355  -58256 -137414  -58013 -137569  -57805 -137794  -57640
 51542 -138062  -57518 -138347  -57441 -138627  -57406 -138879  -57409
 51544 -139087  -57446 -139237  -57511 -139317  -57596 -139320  -57694
 51546 -139243  -57798 -139084  -57902 -138846  -57997 -138534  -58077
 51548 -138157  -58136 -137724  -58168 -137249  -58169 -136746  -58136
 51550 -136230  -58067 -135719  -57960 -135228  -57816 -134774  -57637
 51552 -134373  -57427 -134037  -57190 -133779  -56931 -133606  -56659
 51554 -133523  -56380 -133531  -56103 -133628  -55836 -133806  -55588
 51556 -134054  -55366 -134356  -55177 -134692  -55027 -135041  -54920
 51558 -135377  -54859 -135672  -54843 -135900  -54870 -136035  -54932
 51560 -136054  -55023 -135940  -55130 -135681  -55240 -135278  -55338
 51562 -134739  -55407 -134085  -55434 -133346  -55406 -132562  -55314
 51564 -131777  -55155 -131037  -54931 -130384  -54648 -129852  -54318
 51566 -129467  -53958 -129241  -53582 -129172  -53209 -129252  -52854
 51568 -129459  -52530 -129768  -52247 -130150  -52010 -130575  -51822
 51570 -131015  -51683 -131445  -51590 -131842  -51538 -132189  -51520
 51572 -132473  -51530 -132683  -51559 -132816  -51600 -132868  -51645
 51574 -132842  -51687 -132741  -51718 -132572  -51732 -132346  -51724
 51576 -132072  -51689 -131764  -51622 -131438  -51521 -131107  -51384
 51578 -130790  -51212 -130501  -51004 -130258  -50764 -130076  -50495
 51580 -129967  -50202 -129942  -49893 -130008  -49574 -130170  -49253
 51582 -130426  -48941 -130772  -48645 -131196  -48375 -131685  -48137
 51584 -132220  -47939 -132779  -47784 -133337  -47676 -133869  -47614
 51586 -134347  -47596 -134748  -47618 -135050  -47672 -135236  -47747
 51588 -135294  -47832 -135221  -47915 -135019  -47981 -134701  -48018
 51590 -134289  -48013 -133810  -47956 -133300  -47841 -132796  -47667
 51592 -132337  -47433 -131962  -47148 -131699  -46821 -131574  -46466
 51594 -131597  -46098 -131772  -45735 -132089  -45390 -132530  -45078
 51596 -133071  -44808 -133682  -44587 -134334  -44419 -134996  -44303
 51598 -135642  -44236 -136248  -44213 -136796  -44227 -137272  -44269
 51600 -137669  -44330 -137981  -44404 -138209  -44479 -138356  -44550
 51602 -138428  -44609 -138435  -44649 -138387  -44666 -138297  -44654
 51604 -138178  -44611 -138045  -44535 -137915  -44424 -137802  -44278
 51606 -137723  -44100 -137692  -43891 -137725  -43657 -137833  -43402
 51608 -138026  -43134 -138311  -42860 -138691  -42589 -139164  -42331
 51610 -139723  -42094 -140356  -41888 -141046  -41720 -141772  -41598
 51612 -142508  -41524 -143227  -41500 -143902  -41526 -144505  -41596
 51614 -145013  -41703 -145407  -41838 -145674  -41988 -145810  -42142
 51616 -145817  -42285 -145705  -42404 -145493  -42488 -145207  -42526
 51618 -144877  -42513 -144536  -42445 -144219  -42321 -143960  -42146
 51620 -143788  -41927 -143729  -41675 -143797  -41403 -144003  -41123
 51622 -144346  -40852 -144815  -40602 -145394  -40385 -146060  -40211
 51624 -146785  -40087 -147541  -40014 -148298  -39994 -149030  -40022
 51626 -149714  -40095 -150331  -40204 -150868  -40342 -151316  -40498
 51628 -151673  -40664 -151939  -40831 -152119  -40991 -152221  -41137
 51630 -152257  -41261 -152238  -41360 -152179  -41429 -152094  -41465
 51632 -151999  -41467 -151909  -41434 -151841  -41367 -151809  -41269
 51634 -151827  -41142 -151909  -40992 -152064  -40823 -152303  -40642
 51636 -152630  -40458 -153048  -40279 -153554  -40115 -154139  -39974
 51638 -154793  -39867 -155495  -39800 -156224  -39781 -156952  -39814
 51640 -157649  -39899 -158284  -40035 -158830  -40216 -159262  -40433
 51642 -159561  -40674 -159718  -40925 -159731  -41172 -159610  -41399
 51644 -159374  -41594 -159047  -41744 -158663  -41842 -158254  -41884
 51646 -157858  -41869 -157509  -41800 -157237  -41685 -157066  -41532
 51648 -157014  -41354 -157092  -41163 -157299  -40973 -157632  -40797
 51650 -158076  -40646 -158614  -40531 -159220  -40458 -159870  -40434
 51652 -160536  -40459 -161192  -40533 -161813  -40653 -162376  -40814
 51654 -162867  -41008 -163271  -41226 -163581  -41461 -163795  -41702
 51656 -163914  -41941 -163946  -42169 -163898  -42380 -163783  -42566
 51658 -163614  -42724 -163408  -42849 -163180  -42939 -162946  -42993
 51660 -162723  -43011 -162526  -42995 -162368  -42947 -162265  -42872
 51662 -162226  -42774 -162262  -42659 -162379  -42534 -162581  -42406
 51664 -162870  -42285 -163240  -42178 -163685  -42095 -164191  -42045
 51666 -164739  -42036 -165307  -42073 -165867  -42161 -166389  -42301
 51668 -166841  -42492 -167192  -42727 -167417  -42997 -167495  -43289
 51670 -167416  -43587 -167181  -43876 -166803  -44138 -166305  -44358
 51672 -165720  -44526 -165086  -44632 -164445  -44676 -163837  -44658
 51674 -163299  -44584 -162861  -44465 -162544  -44313 -162360  -44141
 51676 -162314  -43964 -162400  -43795 -162606  -43647 -162915  -43529
 51678 -163303  -43450 -163747  -43415 -164218  -43427 -164692  -43487
 51680 -165144  -43591 -165551  -43737 -165894  -43918 -166160  -44127
 51682 -166338  -44355 -166421  -44594 -166409  -44835 -166304  -45070
 51684 -166114  -45290 -165849  -45489 -165520  -45660 -165143  -45800
 51686 -164735  -45904 -164311  -45971 -163889  -46000 -163485  -45992
 51688 -163114  -45950 -162790  -45877 -162527  -45777 -162333  -45656
 51690 -162217  -45519 -162184  -45375 -162236  -45230 -162371  -45092
 51692 -162585  -44970 -162867  -44872 -163204  -44805 -163579  -44778
 51694 -163968  -44795 -164346  -44859 -164683  -44973 -164949  -45135
 51696 -165113  -45339 -165148  -45575 -165035  -45832 -164760  -46094
 51698 -164322  -46344 -163735  -46564 -163021  -46738 -162217  -46854
 51700 -161366  -46902 -160515  -46880 -159710  -46792 -158992  -46644
 51702 -158394  -46449 -157937  -46223 -157632  -45981 -157478  -45739
 51704 -157465  -45513 -157574  -45313 -157783  -45151 -158065  -45032
 51706 -158391  -44960 -158735  -44936 -159069  -44958 -159371  -45023
 51708 -159621  -45125 -159802  -45257 -159903  -45412 -159917  -45581
 51710 -159839  -45755 -159671  -45927 -159417  -46087 -159085  -46230
 51712 -158685  -46348 -158231  -46435 -157739  -46489 -157224  -46506
 51714 -156703  -46485 -156194  -46425 -155713  -46329 -155275  -46200
 51716 -154894  -46040 -154581  -45856 -154345  -45653 -154192  -45438
 51718 -154126  -45218 -154146  -45002 -154249  -44796 -154428  -44608
 51720 -154670  -44446 -154962  -44317 -155285  -44226 -155617  -44178
 51722 -155933  -44175 -156206  -44217 -156409  -44303 -156513  -44426
 51724 -156494  -44579 -156334  -44750 -156018  -44924 -155546  -45085
 51726 -154927  -45217 -154182  -45303 -153344  -45330 -152458  -45288
 51728 -151570  -45174 -150730  -44991 -149983  -44745 -149366  -44450
 51730 -148903  -44124 -148607  -43783 -148474  -43446 -148492  -43129
 51732 -148640  -42846 -148889  -42606 -149208  -42415 -149566  -42277
 51734 -149932  -42189 -150280  -42149 -150587  -42151 -150834  -42188
 51736 -151008  -42252 -151100  -42334 -151104  -42427 -151021  -42520
 51738 -150852  -42607 -150606  -42679 -150290  -42730 -149918  -42753
 51740 -149502  -42746 -149058  -42703 -148602  -42623 -148152  -42505
 51742 -147724  -42351 -147334  -42162 -146997  -41941 -146725  -41693
 51744 -146530  -41423 -146419  -41140 -146396  -40848 -146464  -40557
 51746 -146620  -40273 -146857  -40006 -147167  -39761 -147535  -39547
 51748 -147946  -39368 -148378  -39229 -148811  -39133 -149220  -39081
 51750 -149580  -39071 -149866  -39101 -150055  -39164 -150127  -39251
 51752 -150065  -39351 -149861  -39452 -149514  -39538 -149033  -39595
 51754 -148438  -39608 -147758  -39565 -147032  -39457 -146305  -39280
 51756 -145624  -39035 -145031  -38730 -144567  -38376 -144257  -37990
 51758 -144115  -37591 -144142  -37197 -144326  -36827 -144643  -36494
 51760 -145063  -36209 -145552  -35979 -146075  -35806 -146601  -35689
 51762 -147099  -35622 -147548  -35599 -147928  -35611 -148228  -35649
 51764 -148441  -35703 -148564  -35764 -148600  -35823 -148554  -35872
 51766 -148436  -35903 -148257  -35911 -148029  -35890 -147767  -35836
 51768 -147487  -35747 -147206  -35623 -146940  -35461 -146704  -35265
 51770 -146515  -35037 -146385  -34780 -146328  -34499 -146353  -34202
 51772 -146466  -33894 -146670  -33584 -146967  -33280 -147350  -32989
 51774 -147813  -32720 -148342  -32480 -148922  -32275 -149534  -32110
 51776 -150157  -31988 -150766  -31912 -151339  -31879 -151851  -31888
 51778 -152279  -31933 -152605  -32005 -152812  -32097 -152891  -32196
 51780 -152837  -32289 -152655  -32364 -152357  -32408 -151964  -32408
 51782 -151503  -32354 -151009  -32240 -150522  -32063 -150083  -31825
 51784 -149731  -31533 -149500  -31197 -149414  -30833 -149488  -30457
 51786 -149722  -30089 -150107  -29745 -150621  -29441 -151234  -29187
 51788 -151912  -28991 -152619  -28855 -153320  -28778 -153987  -28754
 51790 -154593  -28776 -155122  -28834 -155560  -28919 -155904  -29018
 51792 -156152  -29122 -156309  -29222 -156384  -29309 -156387  -29375
 51794 -156333  -29416 -156235  -29426 -156111  -29403 -155975  -29344
 51796 -155845  -29250 -155737  -29121 -155666  -28958 -155646  -28766
 51798 -155690  -28548 -155809  -28311 -156012  -28060 -156303  -27802
 51800 -156686  -27547 -157158  -27302 -157714  -27075 -158343  -26875
 51802 -159031  -26709 -159761  -26583 -160511  -26501 -161257  -26467
 51804 -161974  -26480 -162636  -26538 -163221  -26636 -163707  -26767
 51806 -164078  -26922 -164323  -27089 -164436  -27256 -164421  -27411
 51808 -164288  -27540 -164055  -27632 -163747  -27678 -163392  -27670
 51810 -163025  -27604 -162683  -27480 -162399  -27303 -162207  -27079
 51812 -162133  -26820 -162197  -26540 -162407  -26254 -162763  -25979
 51814 -163253  -25731 -163858  -25522 -164549  -25364 -165293  -25263
 51816 -166058  -25222 -166808  -25240 -167514  -25311 -168152  -25428
 51818 -168702  -25581 -169152  -25759 -169499  -25951 -169742  -26146
 51820 -169889  -26334 -169949  -26507 -169936  -26656 -169865  -26776
 51822 -169753  -26864 -169617  -26916 -169475  -26932 -169343  -26911
 51824 -169238  -26855 -169174  -26768 -169164  -26652 -169220  -26512
 51826 -169352  -26355 -169567  -26187 -169868  -26015 -170256  -25848
 51828 -170729  -25693 -171280  -25560 -171898  -25455 -172567  -25387
 51830 -173269  -25361 -173979  -25382 -174672  -25453 -175322  -25572
 51832 -175901  -25737 -176384  -25941 -176751  -26176 -176986  -26430
 51834 -177081  -26691 -177037  -26944 -176862  -27175 -176573  -27372
 51836 -176196  -27524 -175759  -27622 -175299  -27663 -174851  -27645
 51838 -174449  -27572 -174125  -27450 -173906  -27289 -173812  -27101
 51840 -173853  -26901 -174032  -26703 -174343  -26521 -174771  -26370
 51842 -175294  -26259 -175885  -26198 -176514  -26192 -177149  -26242
 51844 -177759  -26347 -178316  -26502 -178797  -26699 -179184  -26928
 51846 -179467  -27180 -179641  -27442 -179707  -27705 -179673  -27958
 51848 -179549  -28191 -179351  -28398 -179095  -28573 -178799  -28712
 51850 -178483  -28813 -178164  -28875 -177861  -28899 -177588  -28888
 51852 -177362  -28844 -177193  -28772 -177093  -28678 -177070  -28567
 51854 -177129  -28446 -177273  -28323 -177500  -28205 -177807  -28101
 51856 -178186  -28018 -178627  -27964 -179112  -27945 -179622  -27969
 51858 -180135  -28038 -180623  -28156 -181060  -28322 -181417  -28533
 51860 -181667  -28783 -181788  -29061 -181764  -29356 -181587  -29652
 51862 -181259  -29935 -180793  -30188 -180210  -30399 -179544  -30555
 51864 -178830  -30649 -178110  -30678 -177424  -30645 -176809  -30554
 51866 -176297  -30417 -175910  -30245 -175663  -30054 -175559  -29858
 51868 -175593  -29672 -175753  -29511 -176017  -29384 -176361  -29302
 51870 -176756  -29269 -177172  -29290 -177580  -29362 -177951  -29484
 51872 -178262  -29649 -178492  -29850 -178628  -30077 -178659  -30321
 51874 -178584  -30570 -178404  -30815 -178126  -31046 -177764  -31255
 51876 -177330  -31434 -176843  -31578 -176322  -31683 -175786  -31748
 51878 -175254  -31773 -174745  -31758 -174273  -31706 -173854  -31622
 51880 -173500  -31510 -173220  -31377 -173021  -31228 -172906  -31071
 51882 -172877  -30913 -172930  -30762 -173061  -30625 -173261  -30509
 51884 -173517  -30421 -173813  -30367 -174131  -30353 -174449  -30382
 51886 -174740  -30457 -174980  -30577 -175140  -30738 -175193  -30936
 51888 -175117  -31161 -174895  -31401 -174515  -31641 -173979  -31865
 51890 -173297  -32057 -172493  -32201 -171602  -32285 -170665  -32300
 51892 -169729  -32244 -168842  -32118 -168044  -31932 -167372  -31697
 51894 -166848  -31429 -166484  -31146 -166280  -30865 -166224  -30603
 51896 -166296  -30372 -166469  -30184 -166713  -30046 -166996  -29960
 51898 -167287  -29927 -167558  -29945 -167782  -30008 -167938  -30109
 51900 -168012  -30240 -167992  -30390 -167872  -30550 -167653  -30710
 51902 -167338  -30861 -166936  -30994 -166460  -31101 -165924  -31176
 51904 -165346  -31215 -164744  -31214 -164137  -31172 -163544  -31089
 51906 -162983  -30968 -162470  -30811 -162018  -30623 -161639  -30409
 51908 -161342  -30177 -161131  -29931 -161010  -29681 -160977  -29433
 51910 -161029  -29194 -161156  -28972 -161351  -28774 -161597  -28605
 51912 -161881  -28471 -162181  -28376 -162479  -28321 -162749  -28309
 51914 -162968  -28339 -163111  -28406 -163155  -28506 -163078  -28630
 51916 -162864  -28767 -162501  -28904 -161989  -29027 -161336  -29118
 51918 -160560  -29163 -159694  -29148 -158778  -29065 -157858  -28908
 51920 -156985  -28678 -156207  -28384 -155563  -28038 -155081  -27659
 51922 -154776  -27265 -154646  -26877 -154679  -26514 -154848  -26190
 51924 -155123  -25917 -155465  -25700 -155841  -25544 -156214  -25444
 51926 -156555  -25397 -156839  -25395 -157048  -25428 -157169  -25487
 51928 -157195  -25560 -157125  -25639 -156961  -25713 -156712  -25772
 51930 -156388  -25810 -156002  -25821 -155571  -25797 -155111  -25738
 51932 -154641  -25639 -154178  -25501 -153740  -25324 -153345  -25111
 51934 -153005  -24866 -152736  -24594 -152547  -24300 -152445  -23991
 51936 -152434  -23674 -152516  -23357 -152688  -23048 -152943  -22754
 51938 -153273  -22481 -153664  -22237 -154103  -22025 -154571  -21852
 51940 -155048  -21718 -155514  -21626 -155946  -21576 -156323  -21564
 51942 -156622  -21587 -156825  -21638 -156914  -21710 -156875  -21791
 51944 -156702  -21870 -156395  -21933 -155960  -21967 -155415  -21958
 51946 -154787  -21894 -154111  -21766 -153429  -21570 -152787  -21304
 51948 -152230  -20976 -151800  -20597 -151529  -20183 -151433  -19754
 51950 -151517  -19331 -151768  -18934 -152163  -18582 -152666  -18286
 51952 -153238  -18053 -153838  -17888 -154428  -17785 -154975  -17740
 51954 -155452  -17743 -155842  -17782 -156133  -17845 -156322  -17921
 51956 -156412  -17998 -156409  -18066 -156324  -18116 -156172  -18142
 51958 -155968  -18137 -155729  -18097 -155474  -18020 -155219  -17906
 51960 -154983  -17754 -154782  -17566 -154630  -17346 -154543  -17097
 51962 -154530  -16826 -154600  -16537 -154760  -16239 -155012  -15939
 51964 -155355  -15644 -155786  -15362 -156295  -15100 -156873  -14866
 51966 -157505  -14665 -158174  -14502 -158860  -14380 -159543  -14301
 51968 -160200  -14266 -160811  -14272 -161354  -14315 -161811  -14390
 51970 -162163  -14489 -162400  -14602 -162514  -14720 -162501  -14831
 51972 -162367  -14922 -162121  -14982 -161784  -14999 -161381  -14964
 51974 -160943  -14870 -160507  -14714 -160113  -14496 -159800  -14222
 51976 -159604  -13904 -159551  -13554 -159661  -13191 -159938  -12835
 51978 -160373  -12505 -160944  -12219 -161619  -11990 -162358  -11827
 51980 -163121  -11733 -163866  -11707 -164558  -11742 -165168  -11827
 51982 -165678  -11950 -166075  -12098 -166359  -12257 -166533  -12415
 51984 -166608  -12561 -166598  -12685 -166521  -12780 -166396  -12841
 51986 -166243  -12866 -166079  -12851 -165925  -12798 -165798  -12708
 51988 -165712  -12583 -165684  -12428 -165723  -12248 -165840  -12048
 51990 -166041  -11836 -166332  -11617 -166711  -11400 -167179  -11193
 51992 -167727  -11003 -168349  -10837 -169029  -10702 -169754  -10604
 51994 -170504  -10548 -171258  -10535 -171993  -10568 -172688  -10645
 51996 -173319  -10763 -173866  -10917 -174310  -11099 -174639  -11300
 51998 -174843  -11510 -174920  -11717 -174873  -11909 -174711  -12074
 52000 -174453  -12201 -174120  -12282 -173741  -12309 -173349  -12278
 52002 -172977  -12189 -172660  -12045 -172432  -11853 -172319  -11624
 52004 -172344  -11372 -172516  -11113 -172838  -10864 -173299  -10642
 52006 -173879  -10464 -174547  -10340 -175268  -10281 -176002  -10288
 52008 -176710  -10361 -177358  -10493 -177916  -10675 -178364  -10895
 52010 -178691  -11139 -178894  -11392 -178978  -11641 -178955  -11876
 52012 -178841  -12085 -178658  -12261 -178426  -12399 -178167  -12496
 52014 -177903  -12552 -177654  -12566 -177437  -12542 -177269  -12483
 52016 -177164  -12395 -177131  -12282 -177179  -12151 -177313  -12009
 52018 -177536  -11864 -177846  -11723 -178239  -11593 -178709  -11483
 52020 -179244  -11399 -179832  -11347 -180455  -11333 -181093  -11362
 52022 -181725  -11436 -182326  -11555 -182874  -11718 -183344  -11921
