Nutation ephemeris from nutIAU200 for Oct 1996 - Mar 1998 IAU2000               
(1x,i5,8i8,8x,i2)                  2450369 2450928  4 -1          1.E-04
 50369   11640  -86902   11012  -87059   10444  -87249    9953  -87467
 50371    9554  -87705    9256  -87956    9067  -88210    8985  -88458
 50373    9007  -88688    9119  -88893    9306  -89064    9546  -89194
 50375    9814  -89279   10082  -89319   10322  -89315   10507  -89270
 50377   10614  -89193   10624  -89092   10524  -88979   10307  -88867
 50379    9977  -88768    9543  -88694    9022  -88656    8440  -88662
 50381    7822  -88718    7200  -88825    6603  -88981    6060  -89182
 50383    5591  -89420    5215  -89684    4940  -89965    4770  -90250
 50385    4700  -90530    4721  -90794    4818  -91034    4976  -91246
 50387    5174  -91424    5394  -91566    5618  -91674    5828  -91746
 50389    6009  -91787    6147  -91801    6232  -91791    6255  -91762
 50391    6211  -91721    6096  -91674    5910  -91625    5653  -91582
 50393    5331  -91551    4950  -91537    4518  -91545    4048  -91580
 50395    3554  -91647    3051  -91748    2558  -91885    2094  -92058
 50397    1679  -92266    1331  -92504    1070  -92769     910  -93051
 50399     862  -93343     930  -93634    1114  -93913    1406  -94168
 50401    1789  -94391    2243  -94573    2741  -94708    3253  -94793
 50403    3748  -94828    4196  -94818    4571  -94769    4850  -94691
 50405    5019  -94594    5072  -94492    5009  -94397    4837  -94320
 50407    4573  -94273    4237  -94263    3854  -94297    3451  -94377
 50409    3057  -94504    2697  -94675    2396  -94883    2172  -95122
 50411    2040  -95383    2008  -95655    2077  -95927    2243  -96191
 50413    2497  -96436    2826  -96656    3212  -96845    3637  -96998
 50415    4081  -97114    4525  -97192    4952  -97234    5346  -97243
 50417    5692  -97223    5979  -97179    6201  -97117    6351  -97042
 50419    6427  -96960    6429  -96879    6360  -96803    6226  -96739
 50421    6034  -96693    5794  -96668    5518  -96670    5220  -96701
 50423    4917  -96765    4625  -96862    4364  -96994    4152  -97157
 50425    4008  -97349    3951  -97565    3996  -97797    4154  -98036
 50427    4431  -98273    4828  -98495    5335  -98691    5938  -98850
 50429    6612  -98964    7327  -99025    8049  -99030    8742  -98982
 50431    9373  -98884    9912  -98747   10336  -98580   10633  -98400
 50433   10799  -98218   10840  -98050   10769  -97907   10609  -97798
 50435   10384  -97732   10123  -97710    9853  -97735    9603  -97804
 50437    9395  -97912    9251  -98052    9186  -98217    9209  -98396
 50439    9326  -98581    9535  -98761    9831  -98928   10203  -99075
 50441   10640  -99194   11124  -99281   11638  -99332   12164  -99346
 50443   12682  -99322   13176  -99263   13630  -99171   14031  -99051
 50445   14368  -98908   14633  -98747   14822  -98576   14931  -98399
 50447   14964  -98224   14923  -98056   14815  -97902   14649  -97766
 50449   14434  -97653   14185  -97566   13916  -97509   13641  -97483
 50451   13378  -97489   13145  -97527   12958  -97594   12835  -97688
 50453   12794  -97803   12847  -97932   13006  -98068   13277  -98201
 50455   13662  -98320   14155  -98414   14741  -98472   15399  -98485
 50457   16100  -98445   16810  -98349   17491  -98196   18105  -97992
 50459   18619  -97746   19007  -97471   19254  -97182   19356  -96896
 50461   19321  -96627   19166  -96390   18917  -96194   18604  -96046
 50463   18261  -95949   17918  -95902   17603  -95899   17340  -95934
 50465   17146  -95999   17034  -96084   17010  -96178   17074  -96274
 50467   17222  -96360   17445  -96431   17732  -96477   18069  -96496
 50469   18440  -96482   18828  -96433   19215  -96349   19586  -96230
 50471   19923  -96079   20214  -95898   20445  -95692   20608  -95467
 50473   20695  -95227   20703  -94980   20630  -94732   20479  -94488
 50475   20254  -94256   19962  -94039   19613  -93845   19220  -93675
 50477   18794  -93535   18352  -93425   17909  -93347   17480  -93301
 50479   17084  -93286   16734  -93299   16448  -93336   16238  -93392
 50481   16117  -93460   16092  -93534   16170  -93603   16349  -93660
 50483   16625  -93693   16986  -93694   17412  -93654   17880  -93566
 50485   18359  -93425   18813  -93232   19208  -92990   19509  -92707
 50487   19689  -92394   19728  -92067   19621  -91743   19370  -91438
 50489   18996  -91168   18523  -90945   17985  -90776   17420  -90663
 50491   16861  -90605   16340  -90596   15881  -90627   15501  -90689
 50493   15212  -90769   15015  -90856   14908  -90941   14882  -91014
 50495   14926  -91068   15026  -91095   15165  -91093   15326  -91059
 50497   15492  -90990   15648  -90889   15777  -90756   15865  -90593
 50499   15900  -90406   15872  -90199   15774  -89976   15599  -89744
 50501   15346  -89509   15015  -89277   14608  -89054   14132  -88846
 50503   13594  -88659   13006  -88496   12380  -88362   11730  -88260
 50505   11072  -88190   10421  -88154    9794  -88150    9207  -88177
 50507    8675  -88230    8211  -88305    7826  -88397    7529  -88498
 50509    7326  -88602    7218  -88698    7202  -88780    7271  -88839
 50511    7412  -88866    7607  -88856    7835  -88801    8067  -88701
 50513    8276  -88554    8429  -88363    8499  -88137    8459  -87884
 50515    8293  -87620    7991  -87358    7557  -87116    7004  -86907
 50517    6357  -86746    5648  -86640    4914  -86593    4193  -86605
 50519    3517  -86669    2913  -86777    2401  -86916    1991  -87075
 50521    1685  -87240    1477  -87401    1356  -87547    1306  -87670
 50523    1311  -87764    1351  -87826    1407  -87853    1461  -87846
 50525    1496  -87807    1497  -87737    1452  -87640    1349  -87521
 50527    1180  -87386     940  -87239     624  -87086     233  -86935
 50529    -231  -86789    -765  -86657   -1362  -86543   -2012  -86451
 50531   -2704  -86388   -3423  -86354   -4156  -86354   -4886  -86389
 50533   -5597  -86457   -6271  -86557   -6894  -86687   -7451  -86841
 50535   -7930  -87015   -8321  -87202   -8618  -87394   -8820  -87582
 50537   -8929  -87760   -8950  -87918   -8896  -88049   -8782  -88147
 50539   -8626  -88205   -8452  -88222   -8285  -88195   -8152  -88127
 50541   -8077  -88022   -8085  -87886   -8195  -87731   -8419  -87567
 50543   -8764  -87410   -9225  -87272   -9789  -87167  -10434  -87107
 50545  -11130  -87100  -11843  -87150  -12538  -87257  -13182  -87415
 50547  -13746  -87617  -14212  -87851  -14566  -88104  -14807  -88363
 50549  -14940  -88616  -14978  -88851  -14937  -89061  -14839  -89238
 50551  -14705  -89379  -14557  -89482  -14414  -89549  -14296  -89581
 50553  -14217  -89581  -14190  -89555  -14226  -89508  -14331  -89445
 50555  -14509  -89372  -14763  -89296  -15090  -89223  -15489  -89159
 50557  -15952  -89109  -16471  -89079  -17037  -89073  -17636  -89095
 50559  -18255  -89149  -18878  -89235  -19489  -89356  -20070  -89509
 50561  -20604  -89694  -21076  -89906  -21472  -90141  -21779  -90391
 50563  -21990  -90651  -22100  -90910  -22110  -91161  -22024  -91394
 50565  -21855  -91602  -21616  -91776  -21327  -91912  -21011  -92005
 50567  -20693  -92055  -20399  -92061  -20153  -92028  -19978  -91961
 50569  -19895  -91870  -19915  -91766  -20046  -91659  -20289  -91563
 50571  -20634  -91489  -21067  -91450  -21564  -91454  -22098  -91507
 50573  -22637  -91613  -23150  -91770  -23606  -91974  -23981  -92217
 50575  -24255  -92488  -24417  -92776  -24463  -93069  -24398  -93352
 50577  -24235  -93616  -23992  -93852  -23688  -94053  -23347  -94215
 50579  -22993  -94336  -22646  -94418  -22328  -94462  -22053  -94473
 50581  -21837  -94457  -21688  -94418  -21613  -94363  -21616  -94300
 50583  -21697  -94234  -21853  -94172  -22080  -94120  -22370  -94082
 50585  -22714  -94066  -23100  -94073  -23516  -94109  -23946  -94176
 50587  -24375  -94274  -24786  -94405  -25162  -94568  -25486  -94760
 50589  -25742  -94977  -25916  -95214  -25995  -95465  -25973  -95720
 50591  -25844  -95972  -25612  -96211  -25283  -96426  -24871  -96610
 50593  -24393  -96756  -23874  -96857  -23340  -96910  -22820  -96916
 50595  -22340  -96877  -21928  -96799  -21605  -96691  -21387  -96563
 50597  -21282  -96426  -21294  -96294  -21414  -96179  -21630  -96091
 50599  -21922  -96041  -22265  -96035  -22630  -96076  -22988  -96166
 50601  -23311  -96302  -23571  -96479  -23748  -96688  -23827  -96919
 50603  -23797  -97162  -23659  -97405  -23416  -97635  -23082  -97845
 50605  -22672  -98024  -22206  -98167  -21707  -98271  -21199  -98332
 50607  -20701  -98353  -20236  -98336  -19820  -98285  -19466  -98206
 50609  -19185  -98104  -18983  -97988  -18863  -97862  -18825  -97735
 50611  -18866  -97613  -18978  -97502  -19155  -97407  -19385  -97333
 50613  -19656  -97283  -19954  -97262  -20266  -97271  -20574  -97311
 50615  -20862  -97382  -21114  -97483  -21313  -97612  -21444  -97764
 50617  -21492  -97933  -21447  -98114  -21299  -98298  -21046  -98477
 50619  -20689  -98639  -20235  -98777  -19698  -98879  -19098  -98940
 50621  -18461  -98952  -17817  -98914  -17196  -98824  -16630  -98688
 50623  -16147  -98513  -15770  -98309  -15514  -98087  -15385  -97864
 50625  -15380  -97650  -15488  -97461  -15690  -97306  -15961  -97193
 50627  -16272  -97128  -16592  -97111  -16894  -97142  -17149  -97215
 50629  -17336  -97323  -17438  -97458  -17443  -97608  -17347  -97764
 50631  -17152  -97914  -16864  -98048  -16497  -98159  -16067  -98238
 50633  -15593  -98282  -15096  -98286  -14597  -98250  -14117  -98175
 50635  -13675  -98063  -13286  -97919  -12965  -97749  -12720  -97558
 50637  -12557  -97354  -12480  -97143  -12486  -96933  -12572  -96730
 50639  -12732  -96539  -12956  -96367  -13232  -96217  -13547  -96094
 50641  -13889  -95999  -14241  -95934  -14588  -95900  -14915  -95896
 50643  -15204  -95921  -15441  -95972  -15612  -96044  -15704  -96132
 50645  -15706  -96231  -15612  -96331  -15416  -96425  -15121  -96502
 50647  -14734  -96555  -14266  -96574  -13738  -96550  -13175  -96479
 50649  -12605  -96356  -12062  -96182  -11579  -95960  -11185  -95699
 50651  -10907  -95409  -10760  -95105  -10750  -94801  -10874  -94514
 50653  -11116  -94257  -11452  -94041  -11853  -93873  -12286  -93759
 50655  -12718  -93697  -13119  -93683  -13462  -93710  -13728  -93770
 50657  -13903  -93851  -13981  -93943  -13963  -94035  -13853  -94116
 50659  -13663  -94177  -13407  -94213  -13102  -94216  -12769  -94183
 50661  -12425  -94112  -12091  -94004  -11786  -93860  -11526  -93683
 50663  -11325  -93478  -11194  -93251  -11142  -93007  -11174  -92753
 50665  -11291  -92497  -11490  -92245  -11768  -92002  -12117  -91776
 50667  -12527  -91570  -12985  -91390  -13479  -91238  -13994  -91115
 50669  -14515  -91025  -15026  -90965  -15513  -90935  -15959  -90933
 50671  -16352  -90956  -16679  -90998  -16929  -91055  -17094  -91119
 50673  -17167  -91184  -17147  -91242  -17036  -91285  -16840  -91303
 50675  -16572  -91289  -16248  -91236  -15892  -91138  -15529  -90992
 50677  -15192  -90797  -14912  -90557  -14718  -90279  -14636  -89973
 50679  -14686  -89654  -14874  -89337  -15198  -89039  -15642  -88775
 50681  -16181  -88557  -16782  -88393  -17410  -88288  -18027  -88240
 50683  -18600  -88243  -19103  -88290  -19516  -88367  -19829  -88464
 50685  -20039  -88568  -20151  -88668  -20175  -88752  -20125  -88813
 50687  -20019  -88844  -19877  -88841  -19719  -88802  -19564  -88727
 50689  -19430  -88617  -19335  -88474  -19292  -88302  -19314  -88107
 50691  -19410  -87895  -19584  -87671  -19841  -87442  -20180  -87215
 50693  -20597  -86995  -21088  -86790  -21643  -86604  -22253  -86443
 50695  -22903  -86309  -23581  -86205  -24271  -86133  -24959  -86094
 50697  -25628  -86086  -26265  -86108  -26855  -86157  -27385  -86229
 50699  -27844  -86318  -28225  -86419  -28521  -86525  -28730  -86630
 50701  -28850  -86725  -28888  -86803  -28850  -86857  -28749  -86880
 50703  -28602  -86866  -28430  -86810  -28256  -86711  -28107  -86568
 50705  -28012  -86385  -27996  -86168  -28083  -85927  -28291  -85673
 50707  -28628  -85423  -29092  -85192  -29670  -84995  -30339  -84845
 50709  -31067  -84751  -31815  -84719  -32546  -84746  -33224  -84829
 50711  -33819  -84958  -34310  -85119  -34688  -85298  -34952  -85483
 50713  -35109  -85659  -35173  -85817  -35163  -85947  -35101  -86043
 50715  -35010  -86102  -34911  -86123  -34826  -86107  -34772  -86057
 50717  -34765  -85976  -34818  -85870  -34940  -85743  -35139  -85603
 50719  -35417  -85456  -35775  -85308  -36211  -85166  -36720  -85036
 50721  -37296  -84923  -37927  -84832  -38602  -84767  -39310  -84732
 50723  -40034  -84729  -40759  -84759  -41471  -84821  -42154  -84915
 50725  -42792  -85038  -43373  -85186  -43886  -85354  -44320  -85537
 50727  -44669  -85728  -44930  -85920  -45103  -86106  -45191  -86278
 50729  -45201  -86430  -45144  -86555  -45035  -86647  -44891  -86702
 50731  -44732  -86717  -44582  -86692  -44464  -86627  -44401  -86527
 50733  -44415  -86398  -44525  -86250  -44744  -86094  -45078  -85943
 50735  -45525  -85811  -46072  -85712  -46698  -85657  -47374  -85657
 50737  -48064  -85715  -48732  -85833  -49340  -86006  -49859  -86225
 50739  -50265  -86477  -50546  -86749  -50701  -87024  -50738  -87290
 50741  -50673  -87533  -50527  -87744  -50326  -87917  -50097  -88049
 50743  -49863  -88139  -49649  -88189  -49474  -88202  -49354  -88185
 50745  -49301  -88142  -49324  -88081  -49427  -88008  -49611  -87930
 50747  -49876  -87854  -50215  -87787  -50624  -87733  -51093  -87699
 50749  -51610  -87689  -52164  -87706  -52741  -87753  -53325  -87831
 50751  -53900  -87943  -54452  -88086  -54965  -88258  -55424  -88458
 50753  -55816  -88680  -56129  -88920  -56356  -89170  -56491  -89424
 50755  -56533  -89674  -56485  -89913  -56351  -90132  -56144  -90325
 50757  -55877  -90486  -55567  -90609  -55236  -90693  -54904  -90735
 50759  -54596  -90738  -54332  -90703  -54133  -90637  -54019  -90547
 50761  -54001  -90443  -54087  -90336  -54279  -90237  -54571  -90160
 50763  -54948  -90115  -55389  -90113  -55867  -90161  -56349  -90263
 50765  -56803  -90418  -57195  -90624  -57496  -90872  -57684  -91151
 50767  -57747  -91447  -57679  -91745  -57489  -92033  -57190  -92296
 50769  -56806  -92526  -56361  -92714  -55886  -92856  -55406  -92953
 50771  -54948  -93006  -54534  -93020  -54182  -93000  -53904  -92953
 50773  -53708  -92886  -53600  -92808  -53578  -92726  -53639  -92648
 50775  -53778  -92578  -53986  -92524  -54252  -92490  -54564  -92480
 50777  -54909  -92498  -55271  -92545  -55636  -92623  -55987  -92732
 50779  -56309  -92871  -56587  -93038  -56807  -93229  -56954  -93440
 50781  -57019  -93665  -56993  -93898  -56872  -94130  -56655  -94354
 50783  -56345  -94562  -55950  -94745  -55485  -94897  -54966  -95010
 50785  -54413  -95082  -53851  -95109  -53304  -95092  -52797  -95033
 50787  -52352  -94937  -51990  -94813  -51725  -94668  -51566  -94515
 50789  -51517  -94365  -51571  -94229  -51719  -94119  -51942  -94044
 50791  -52216  -94011  -52514  -94027  -52805  -94092  -53060  -94205
 50793  -53250  -94361  -53351  -94552  -53345  -94767  -53220  -94995
 50795  -52974  -95223  -52613  -95437  -52151  -95626  -51606  -95780
 50797  -51004  -95892  -50373  -95959  -49738  -95979  -49127  -95953
 50799  -48563  -95886  -48065  -95784  -47646  -95654  -47316  -95504
 50801  -47080  -95342  -46936  -95177  -46882  -95015  -46910  -94864
 50803  -47010  -94729  -47171  -94615  -47378  -94527  -47618  -94466
 50805  -47875  -94436  -48133  -94435  -48378  -94464  -48593  -94522
 50807  -48763  -94606  -48876  -94713  -48919  -94837  -48880  -94973
 50809  -48753  -95115  -48532  -95254  -48217  -95384  -47812  -95495
 50811  -47324  -95579  -46768  -95629  -46161  -95638  -45527  -95602
 50813  -44891  -95519  -44281  -95389  -43724  -95215  -43245  -95004
 50815  -42866  -94766  -42600  -94511  -42454  -94253  -42428  -94004
 50817  -42511  -93776  -42686  -93581  -42932  -93427  -43219  -93320
 50819  -43518  -93262  -43799  -93253  -44034  -93288  -44198  -93360
 50821  -44273  -93461  -44245  -93580  -44108  -93705  -43863  -93824
 50823  -43519  -93926  -43089  -94002  -42592  -94043  -42050  -94044
 50825  -41489  -94002  -40932  -93915  -40404  -93785  -39927  -93617
 50827  -39518  -93416  -39191  -93188  -38956  -92943  -38817  -92687
 50829  -38773  -92430  -38821  -92178  -38954  -91939  -39161  -91719
 50831  -39429  -91522  -39744  -91351  -40092  -91211  -40456  -91101
 50833  -40821  -91022  -41171  -90974  -41492  -90954  -41769  -90959
 50835  -41990  -90986  -42144  -91029  -42221  -91084  -42214  -91143
 50837  -42120  -91200  -41938  -91247  -41671  -91276  -41326  -91279
 50839  -40917  -91249  -40460  -91179  -39977  -91066  -39494  -90905
 50841  -39039  -90698  -38640  -90447  -38325  -90160  -38116  -89846
 50843  -38030  -89518  -38074  -89189  -38246  -88875  -38534  -88589
 50845  -38916  -88343  -39365  -88145  -39849  -88001  -40333  -87912
 50847  -40786  -87873  -41179  -87879  -41492  -87920  -41707  -87985
 50849  -41818  -88063  -41824  -88141  -41731  -88208  -41553  -88254
 50851  -41304  -88271  -41006  -88253  -40680  -88196  -40349  -88099
 50853  -40036  -87961  -39761  -87785  -39542  -87577  -39394  -87340
 50855  -39330  -87082  -39355  -86811  -39474  -86535  -39686  -86260
 50857  -39986  -85994  -40367  -85745  -40817  -85516  -41324  -85314
 50859  -41874  -85142  -42451  -85001  -43040  -84893  -43624  -84817
 50861  -44188  -84772  -44719  -84756  -45203  -84764  -45628  -84794
 50863  -45985  -84839  -46267  -84895  -46469  -84954  -46587  -85010
 50865  -46624  -85055  -46582  -85084  -46469  -85088  -46297  -85061
 50867  -46083  -84998  -45844  -84895  -45606  -84748  -45392  -84558
 50869  -45230  -84327  -45147  -84062  -45164  -83771  -45301  -83467
 50871  -45565  -83164  -45957  -82877  -46465  -82621  -47068  -82409
 50873  -47735  -82252  -48431  -82154  -49117  -82116  -49759  -82133
 50875  -50325  -82198  -50794  -82299  -51152  -82422  -51394  -82553
 50877  -51527  -82681  -51561  -82791  -51514  -82876  -51407  -82928
 50879  -51263  -82942  -51106  -82916  -50959  -82851  -50842  -82748
 50881  -50774  -82611  -50770  -82447  -50841  -82260  -50996  -82057
 50883  -51239  -81847  -51571  -81636  -51990  -81432  -52488  -81241
 50885  -53059  -81069  -53689  -80921  -54367  -80802  -55078  -80714
 50887  -55806  -80659  -56535  -80638  -57250  -80649  -57936  -80692
 50889  -58579  -80762  -59167  -80856  -59691  -80969  -60141  -81095
 50891  -60512  -81229  -60801  -81365  -61008  -81494  -61137  -81611
 50893  -61193  -81710  -61184  -81783  -61124  -81826  -61029  -81834
 50895  -60915  -81804  -60805  -81734  -60720  -81625  -60684  -81479
 50897  -60721  -81303  -60849  -81105  -61085  -80895  -61437  -80686
 50899  -61907  -80493  -62484  -80331  -63150  -80212  -63875  -80147
 50901  -64623  -80144  -65356  -80202  -66034  -80320  -66625  -80487
 50903  -67102  -80692  -67453  -80919  -67672  -81153  -67769  -81379
 50905  -67759  -81583  -67664  -81755  -67511  -81889  -67327  -81980
 50907  -67140  -82027  -66974  -82033  -66850  -82001  -66786  -81937
 50909  -66795  -81847  -66886  -81738  -67064  -81617  -67331  -81493
 50911  -67684  -81373  -68117  -81263  -68624  -81169  -69194  -81097
 50913  -69813  -81052  -70469  -81035  -71147  -81051  -71831  -81100
 50915  -72505  -81181  -73154  -81294  -73764  -81437  -74321  -81605
 50917  -74814  -81794  -75234  -81999  -75573  -82214  -75829  -82433
 50919  -76000  -82648  -76088  -82853  -76100  -83041  -76042  -83206
 50921  -75928  -83343  -75770  -83448  -75587  -83515  -75396  -83545
 50923  -75217  -83537  -75072  -83492  -74980  -83415  -74961  -83311
 50925  -75030  -83188  -75199  -83058  -75473  -82930  -75852  -82819
 50927  -76326  -82738  -76876  -82697  -77476  -82707  -78092  -82775
