*Bulletin A values from usno.finals.daily (34028 2011-12-29 13:52)
  11 10  1  0   0    0.179960  0.000017   0.376818  0.000014 -0.3216267  0.0000034 I
  11 10  2  0   0    0.180026  0.000018   0.374965  0.000022 -0.3226265  0.0000042 I
  11 10  3  0   0    0.180192  0.000011   0.373165  0.000020 -0.3235332  0.0000057 I
  11 10  4  0   0    0.180777  0.000012   0.371253  0.000020 -0.3244540  0.0000058 I
  11 10  5  0   0    0.181837  0.000016   0.369417  0.000022 -0.3254629  0.0000056 I
  11 10  6  0   0    0.182979  0.000016   0.367920  0.000021 -0.3266072  0.0000056 I
  11 10  7  0   0    0.183900  0.000018   0.366625  0.000022 -0.3278873  0.0000056 I
  11 10  8  0   0    0.184895  0.000017   0.365364  0.000013 -0.3292323  0.0000068 I
  11 10  9  0   0    0.185848  0.000022   0.364137  0.000018 -0.3306281  0.0000065 I
  11 10 10  0   0    0.186309  0.000022   0.362745  0.000018 -0.3320216  0.0000068 I
  11 10 11  0   0    0.186301  0.000020   0.361266  0.000016 -0.3333629  0.0000075 I
  11 10 12  0   0    0.186150  0.000024   0.359859  0.000022 -0.3346365  0.0000068 I
  11 10 13  0   0    0.185891  0.000024   0.358439  0.000021 -0.3357824  0.0000069 I
  11 10 14  0   0    0.185582  0.000023   0.356828  0.000021 -0.3367606  0.0000067 I
  11 10 15  0   0    0.185101  0.000018   0.354996  0.000017 -0.3375426  0.0000071 I
  11 10 16  0   0    0.184614  0.000021   0.353017  0.000021 -0.3381477  0.0000049 I
  11 10 17  0   0    0.184459  0.000021   0.351186  0.000025 -0.3386560  0.0000049 I
  11 10 18  0   0    0.184706  0.000016   0.349594  0.000021 -0.3391624  0.0000049 I
  11 10 19  0   0    0.185382  0.000015   0.348204  0.000020 -0.3397258  0.0000047 I
  11 10 20  0   0    0.186198  0.000015   0.346842  0.000020 -0.3404069  0.0000045 I
  11 10 21  0   0    0.186799  0.000016   0.345291  0.000019 -0.3412751  0.0000045 I
  11 10 22  0   0    0.187006  0.000012   0.343849  0.000016 -0.3423645  0.0000076 I
  11 10 23  0   0    0.187055  0.000019   0.342672  0.000018 -0.3436781  0.0000068 I
  11 10 24  0   0    0.187312  0.000019   0.341625  0.000019 -0.3451571  0.0000067 I
  11 10 25  0   0    0.187655  0.000019   0.340391  0.000020 -0.3467461  0.0000068 I
  11 10 26  0   0    0.187710  0.000021   0.338828  0.000023 -0.3482764  0.0000064 I
  11 10 27  0   0    0.187566  0.000020   0.336953  0.000023 -0.3496431  0.0000065 I
  11 10 28  0   0    0.187515  0.000020   0.334904  0.000023 -0.3508072  0.0000060 I
  11 10 29  0   0    0.187611  0.000012   0.332686  0.000015 -0.3517723  0.0000060 I
  11 10 30  0   0    0.187599  0.000014   0.330330  0.000015 -0.3526039  0.0000067 I
  11 10 31  0   0    0.187305  0.000014   0.328188  0.000015 -0.3534092  0.0000070 I
  11 11  1  0   0    0.186910  0.000013   0.326363  0.000011 -0.3542915  0.0000077 I
  11 11  2  0   0    0.186821  0.000022   0.324866  0.000020 -0.3552942  0.0000068 I
  11 11  3  0   0    0.187039  0.000023   0.323837  0.000020 -0.3564175  0.0000067 I
  11 11  4  0   0    0.187153  0.000023   0.322983  0.000020 -0.3576691  0.0000067 I
  11 11  5  0   0    0.186860  0.000023   0.321862  0.000020 -0.3590685  0.0000067 I
  11 11  6  0   0    0.186248  0.000027   0.320283  0.000023 -0.3604856  0.0000063 I
  11 11  7  0   0    0.185508  0.000026   0.318302  0.000022 -0.3618765  0.0000066 I
  11 11  8  0   0    0.184870  0.000019   0.316135  0.000014 -0.3632028  0.0000074 I
  11 11  9  0   0    0.184754  0.000034   0.314227  0.000021 -0.3643660  0.0000054 I
  11 11 10  0   0    0.184810  0.000034   0.312662  0.000022 -0.3653534  0.0000056 I
  11 11 11  0   0    0.184319  0.000034   0.310998  0.000023 -0.3662324  0.0000054 I
  11 11 12  0   0    0.183202  0.000031   0.309271  0.000020 -0.3669536  0.0000055 I
  11 11 13  0   0    0.181766  0.000031   0.307469  0.000023 -0.3676348  0.0000047 I
  11 11 14  0   0    0.180517  0.000031   0.305791  0.000024 -0.3682970  0.0000047 I
  11 11 15  0   0    0.179419  0.000010   0.304474  0.000018 -0.3690021  0.0000053 I
  11 11 16  0   0    0.178350  0.000014   0.303255  0.000022 -0.3698026  0.0000059 I
  11 11 17  0   0    0.177469  0.000014   0.302301  0.000022 -0.3707388  0.0000059 I
  11 11 18  0   0    0.176767  0.000013   0.301592  0.000022 -0.3718735  0.0000059 I
  11 11 19  0   0    0.176075  0.000013   0.300658  0.000019 -0.3732073  0.0000069 I
  11 11 20  0   0    0.175324  0.000015   0.299615  0.000021 -0.3746932  0.0000063 I
  11 11 21  0   0    0.174423  0.000027   0.298666  0.000029 -0.3762335  0.0000064 I
  11 11 22  0   0    0.173125  0.000025   0.297524  0.000025 -0.3777391  0.0000058 I
  11 11 23  0   0    0.171613  0.000025   0.296083  0.000025 -0.3791609  0.0000058 I
  11 11 24  0   0    0.170095  0.000027   0.294435  0.000026 -0.3804001  0.0000058 I
  11 11 25  0   0    0.168438  0.000028   0.292605  0.000025 -0.3814200  0.0000059 I
  11 11 26  0   0    0.166984  0.000027   0.290816  0.000023 -0.3822651  0.0000070 I
  11 11 27  0   0    0.166268  0.000019   0.289502  0.000020 -0.3830228  0.0000095 I
  11 11 28  0   0    0.165568  0.000019   0.288713  0.000021 -0.3837920  0.0000096 I
  11 11 29  0   0    0.164129  0.000020   0.287822  0.000021 -0.3846187  0.0000094 I
  11 11 30  0   0    0.162455  0.000020   0.286571  0.000021 -0.3855406  0.0000078 I
  11 12  1  0   0    0.161132  0.000018   0.285201  0.000022 -0.3865701  0.0000077 I
  11 12  2  0   0    0.160481  0.000018   0.284075  0.000022 -0.3877231  0.0000077 I
  11 12  3  0   0    0.160130  0.000014   0.283180  0.000016 -0.3889212  0.0000055 I
  11 12  4  0   0    0.159788  0.000020   0.282260  0.000016 -0.3900084  0.0000045 I
  11 12  5  0   0    0.159494  0.000020   0.281557  0.000015 -0.3910185  0.0000044 I
  11 12  6  0   0    0.158860  0.000021   0.281108  0.000013 -0.3919302  0.0000035 I
  11 12  7  0   0    0.157692  0.000022   0.280557  0.000015 -0.3927127  0.0000046 I
  11 12  8  0   0    0.156044  0.000023   0.279853  0.000014 -0.3933508  0.0000049 I
  11 12  9  0   0    0.154674  0.000024   0.279022  0.000015 -0.3939120  0.0000065 I
  11 12 10  0   0    0.153885  0.000020   0.278298  0.000016 -0.3944544  0.0000086 I
  11 12 11  0   0    0.152995  0.000025   0.277765  0.000020 -0.3950304  0.0000082 I
  11 12 12  0   0    0.152113  0.000024   0.277143  0.000021 -0.3956156  0.0000082 I
  11 12 13  0   0    0.151257  0.000023   0.276524  0.000020 -0.3962875  0.0000094 I
  11 12 14  0   0    0.149922  0.000022   0.276018  0.000019 -0.3971278  0.0000093 I
  11 12 15  0   0    0.148463  0.000022   0.275417  0.000019 -0.3981644  0.0000081 I
  11 12 16  0   0    0.147138  0.000080   0.274908  0.000081 -0.3993971  0.0000085 I
  11 12 17  0   0    0.145734  0.000081   0.274701  0.000079 -0.4007791  0.0000126 I
  11 12 18  0   0    0.144337  0.000088   0.274636  0.000087 -0.4022273  0.0000134 I
  11 12 19  0   0    0.142639  0.000095   0.274310  0.000095 -0.4037196  0.0000143 I
  11 12 20  0   0    0.140416  0.000092   0.273325  0.000091 -0.4051381  0.0000146 I
  11 12 21  0   0    0.138066  0.000092   0.272015  0.000091 -0.4063676  0.0000172 I
  11 12 22  0   0    0.135879  0.000096   0.270782  0.000093 -0.4073654  0.0000097 I
  11 12 23  0   0    0.134139  0.000098   0.269656  0.000093 -0.4081896  0.0000112 I
  11 12 24  0   0    0.132756  0.000095   0.268701  0.000094 -0.4089350  0.0000070 I
  11 12 25  0   0    0.131358  0.000094   0.268014  0.000102 -0.4097307  0.0000044 I
  11 12 26  0   0    0.129605  0.000093   0.267430  0.000092 -0.4106846  0.0000038 I
  11 12 27  0   0    0.127765  0.000092   0.266837  0.000093 -0.4118483  0.0000038 I
  11 12 28  0   0    0.126135  0.000091   0.266327  0.000092 -0.4132043  0.0000037 I
  11 12 29  0   0    0.124521  0.000091   0.265781  0.000093 -0.4146654  0.0000036 I
  11 12 30  0   0    0.123096  0.000616   0.265341  0.000427 -0.4160965  0.0001080 P
  11 12 31  0   0    0.121665  0.000914   0.264853  0.000704 -0.4174514  0.0002041 P
  12  1  1  0   0    0.120332  0.001152   0.264519  0.000942 -0.4187051  0.0003028 P
  12  1  2  0   0    0.119009  0.001358   0.264285  0.001159 -0.4198475  0.0004021 P
  12  1  3  0   0    0.117669  0.001542   0.264099  0.001361 -0.4208678  0.0005017 P
  12  1  4  0   0    0.116344  0.001710   0.263961  0.001552 -0.4217530  0.0006014 P
  12  1  5  0   0    0.115040  0.001868   0.263863  0.001734 -0.4225148  0.0007012 P
  12  1  6  0   0    0.113756  0.002015   0.263785  0.001909 -0.4231935  0.0007500 P
  12  1  7  0   0    0.112494  0.002155   0.263730  0.002078 -0.4238479  0.0005500 P
  12  1  8  0   0    0.111255  0.002289   0.263714  0.002242 -0.4245500  0.0007548 P
  12  1  9  0   0    0.110029  0.002416   0.263736  0.002401 -0.4253578  0.0009344 P
  12  1 10  0   0    0.108808  0.002539   0.263785  0.002557 -0.4263369  0.0010994 P
  12  1 11  0   0    0.107593  0.002658   0.263855  0.002708 -0.4275358  0.0012543 P
  12  1 12  0   0    0.106386  0.002772   0.263946  0.002857 -0.4289103  0.0014016 P
  12  1 13  0   0    0.105190  0.002884   0.264056  0.003002 -0.4303853  0.0015429 P
  12  1 14  0   0    0.104005  0.002992   0.264184  0.003145 -0.4318975  0.0016792 P
  12  1 15  0   0    0.102832  0.003097   0.264331  0.003285 -0.4333875  0.0018113 P
  12  1 16  0   0    0.101669  0.003199   0.264499  0.003423 -0.4347783  0.0019399 P
  12  1 17  0   0    0.100516  0.003300   0.264688  0.003559 -0.4360048  0.0020652 P
  12  1 18  0   0    0.099371  0.003397   0.264894  0.003693 -0.4370419  0.0021877 P
  12  1 19  0   0    0.098236  0.003493   0.265119  0.003825 -0.4379062  0.0023077 P
  12  1 20  0   0    0.097110  0.003587   0.265361  0.003955 -0.4386598  0.0024255 P
  12  1 21  0   0    0.095995  0.003679   0.265620  0.004084 -0.4393745  0.0025411 P
  12  1 22  0   0    0.094891  0.003770   0.265897  0.004211 -0.4401302  0.0026548 P
  12  1 23  0   0    0.093797  0.003858   0.266192  0.004337 -0.4409847  0.0027668 P
  12  1 24  0   0    0.092715  0.003945   0.266504  0.004461 -0.4419609  0.0028772 P
  12  1 25  0   0    0.091643  0.004031   0.266833  0.004584 -0.4430304  0.0029860 P
  12  1 26  0   0    0.090582  0.004116   0.267179  0.004705 -0.4441456  0.0030934 P
  12  1 27  0   0    0.089533  0.004199   0.267542  0.004826 -0.4452555  0.0031995 P
  12  1 28  0   0    0.088496  0.004281   0.267921  0.004945 -0.4463143  0.0033043 P
  12  1 29  0   0    0.087470  0.004362   0.268316  0.005063 -0.4472846  0.0034080 P
  12  1 30  0   0    0.086458  0.004441   0.268727  0.005180 -0.4481416  0.0035105 P
  12  1 31  0   0    0.085457  0.004520   0.269155  0.005296 -0.4488785  0.0036120 P
  12  2  1  0   0    0.084470  0.004597   0.269598  0.005411 -0.4495032  0.0037124 P
  12  2  2  0   0    0.083495  0.004674   0.270056  0.005526 -0.4500439  0.0038119 P
  12  2  3  0   0    0.082534  0.004750   0.270530  0.005639 -0.4505444  0.0039105 P
  12  2  4  0   0    0.081586  0.004824   0.271019  0.005751 -0.4510630  0.0040082 P
  12  2  5  0   0    0.080653  0.004898   0.271522  0.005863 -0.4516668  0.0041051 P
  12  2  6  0   0    0.079733  0.004971   0.272040  0.005973 -0.4524203  0.0042012 P
  12  2  7  0   0    0.078828  0.005044   0.272573  0.006083 -0.4533697  0.0042965 P
  12  2  8  0   0    0.077937  0.005115   0.273119  0.006192 -0.4545291  0.0043911 P
  12  2  9  0   0    0.077061  0.005186   0.273680  0.006301 -0.4558766  0.0044849 P
  12  2 10  0   0    0.076200  0.005256   0.274254  0.006408 -0.4573477  0.0045781 P
  12  2 11  0   0    0.075354  0.005325   0.274841  0.006515 -0.4588470  0.0046706 P
  12  2 12  0   0    0.074524  0.005394   0.275442  0.006622 -0.4602710  0.0047625 P
  12  2 13  0   0    0.073709  0.005462   0.276055  0.006727 -0.4615380  0.0048537 P
  12  2 14  0   0    0.072910  0.005529   0.276681  0.006832 -0.4626120  0.0049444 P
  12  2 15  0   0    0.072127  0.005596   0.277319  0.006937 -0.4635094  0.0050344 P
  12  2 16  0   0    0.071361  0.005662   0.277969  0.007040 -0.4642875  0.0051240 P
  12  2 17  0   0    0.070610  0.005728   0.278631  0.007143 -0.4650276  0.0052129 P
  12  2 18  0   0    0.069877  0.005793   0.279305  0.007246 -0.4658151  0.0053014 P
  12  2 19  0   0    0.069160  0.005857   0.279989  0.007348 -0.4667136  0.0053893 P
  12  2 20  0   0    0.068460  0.005921   0.280685  0.007450 -0.4677535  0.0054768 P
  12  2 21  0   0    0.067777  0.005985   0.281391  0.007550 -0.4689317  0.0055637 P
  12  2 22  0   0    0.067112  0.006047   0.282108  0.007651 -0.4702137  0.0056502 P
  12  2 23  0   0    0.066464  0.006110   0.282834  0.007751 -0.4715460  0.0057362 P
  12  2 24  0   0    0.065833  0.006172   0.283571  0.007850 -0.4728727  0.0058218 P
  12  2 25  0   0    0.065220  0.006233   0.284317  0.007949 -0.4741455  0.0059070 P
  12  2 26  0   0    0.064625  0.006294   0.285072  0.008048 -0.4753320  0.0059917 P
  12  2 27  0   0    0.064048  0.006355   0.285836  0.008146 -0.4764142  0.0060760 P
  12  2 28  0   0    0.063489  0.006415   0.286609  0.008243 -0.4773929  0.0061599 P
  12  2 29  0   0    0.062948  0.006475   0.287390  0.008340 -0.4782851  0.0062434 P
  12  3  1  0   0    0.062425  0.006534   0.288179  0.008437 -0.4791239  0.0063266 P
  12  3  2  0   0    0.061921  0.006593   0.288975  0.008533 -0.4799569  0.0064093 P
  12  3  3  0   0    0.061435  0.006652   0.289779  0.008629 -0.4808424  0.0064917 P
  12  3  4  0   0    0.060968  0.006710   0.290590  0.008724 -0.4818405  0.0065737 P
  12  3  5  0   0    0.060519  0.006768   0.291408  0.008819 -0.4830055  0.0066554 P
  12  3  6  0   0    0.060089  0.006825   0.292233  0.008914 -0.4843797  0.0067368 P
  12  3  7  0   0    0.059678  0.006882   0.293063  0.009008 -0.4859724  0.0068177 P
  12  3  8  0   0    0.059286  0.006939   0.293900  0.009102 -0.4877454  0.0068984 P
  12  3  9  0   0    0.058912  0.006995   0.294742  0.009195 -0.4896144  0.0069788 P
  12  3 10  0   0    0.058558  0.007051   0.295589  0.009288 -0.4914678  0.0070588 P
  12  3 11  0   0    0.058222  0.007107   0.296441  0.009381 -0.4931969  0.0071385 P
  12  3 12  0   0    0.057906  0.007162   0.297297  0.009473 -0.4947357  0.0072179 P
  12  3 13  0   0    0.057608  0.007217   0.298158  0.009565 -0.4960765  0.0072970 P
  12  3 14  0   0    0.057330  0.007272   0.299023  0.009657 -0.4972650  0.0073758 P
  12  3 15  0   0    0.057070  0.007326   0.299892  0.009748 -0.4983789  0.0074544 P
  12  3 16  0   0    0.056830  0.007380   0.300764  0.009839 -0.4994998  0.0075326 P
  12  3 17  0   0    0.056609  0.007434   0.301638  0.009930 -0.5006911  0.0076106 P
