> Africa  
 -29.75   39.45 
 -29.10   39.30 
 -28.10   39.00 
 -27.40   38.80 
 -26.80   38.40 
 -26.20   38.10 
 -25.40   37.70 
 -24.70   37.30 
 -24.10   36.82 
 -23.20   36.97 
 -21.50   37.07 
 -21.30   37.10 
 -20.90   37.14 
 -20.50   37.13 
 -20.20   37.12 
 -18.00   37.80 
 -16.00   37.80 
 -14.00   37.00 
 -10.00   36.00 
  -6.00   36.00 
   1.40   36.20 
   6.80   36.40 
  14.20   38.50 
  15.10   38.50 
  16.60   38.30 
  17.30   38.90 
  18.20   39.70 
  18.90   40.20 
  19.40   39.90 
  19.70   39.10 
  20.00   38.20 
  20.50   37.30 
  20.90   36.50 
  21.60   35.80 
  22.20   35.20 
  23.00   34.70 
  23.70   34.40 
  24.60   34.20 
  25.70   34.30 
  26.70   34.40 
  27.40   34.50 
  28.20   34.80 
  29.20   35.20 
  29.80   35.70 
  30.30   35.80 
  30.90   35.40 
  31.40   34.90 
  32.30   34.30 
  32.90   34.20 
  34.00   34.60 
  34.50   35.00 
  35.20   35.60 
  35.60   35.90 
  35.80   35.70 
  35.70   34.90 
  35.50   34.00 
  35.20   32.90 
  35.00   32.10 
  35.00   31.30 
  34.90   30.80 
  34.90   30.00 
  34.90   29.50 
  34.70   29.00 
  34.50   28.40 
  34.20   27.90 
  34.20   27.10 
  34.60   26.60 
  35.30   25.30 
  36.20   23.80 
  37.20   22.00 
  38.50   19.80 
  39.40   18.10 
  40.50   16.00 
  41.60   14.30 
  42.50   13.20 
  43.50   12.20 
  44.00   11.40 
  44.00   11.40 
  43.50   11.80 
  43.60   11.80 
  46.30   12.20 
  46.50   12.50 
  48.20   12.60 
  48.80   13.00 
  49.80   13.10 
  50.20   13.40 
  51.20   13.10 
  52.20   14.60 
  52.80   14.40 
  53.00   14.60 
  53.80   14.30 
  54.50   15.20 
  56.10   14.30 
  56.30   14.50 
  57.50   13.50 
  58.30   12.70 
  57.90   12.00 
  57.40   11.00 
  56.75   10.25 
  57.22    9.90 
  57.50   10.12 
  58.15    9.68 
  58.06    9.24 
  58.44    9.11 
  58.28    8.48 
  59.04    8.00 
  59.24    8.00 
  59.80    7.72 
  59.56    7.18 
  60.00    7.00 
  60.16    6.68 
  60.32    6.60 
  60.40    6.38 
  60.76    6.20 
  61.60    5.56 
  61.54    5.44 
  62.20    4.98 
  62.06    4.80 
  62.56    4.48 
  62.52    4.32 
  63.08    3.96 
  63.32    3.92 
  63.52    3.76 
  64.14    3.66 
  65.12    2.96 
  65.88    3.00 
  66.76    2.30 
  66.66    1.60 
  67.04    1.32 
  67.25    0.88 
  66.80    0.48 
  67.02    0.16 
  67.02    0.00 
  67.22   -0.18 
  67.00   -0.46 
  67.34   -0.66 
  67.34   -0.80 
  67.58   -0.96 
  67.34   -1.36 
  68.04   -1.84 
  67.92   -2.06 
  68.19   -2.21 
  67.88   -2.72 
  68.21   -2.92 
  67.98   -3.28 
  68.61   -3.69 
  68.28   -4.16 
  68.73   -4.51 
  68.73   -4.51 
  68.36   -4.90 
  68.60   -5.10 
  68.78   -5.24 
  67.98   -6.08 
  68.50   -6.56 
  67.92   -7.12 
  68.25   -7.40 
  67.86   -7.75 
  68.28   -8.20 
  66.54   -9.64 
  66.84   -9.88 
  66.28  -10.40 
  66.79  -10.78 
  66.20  -11.30 
  66.32  -11.56 
  65.75  -12.00 
  65.56  -12.14 
  66.44  -12.88 
  66.49  -13.12 
  66.70  -13.34 
  65.86  -13.99 
  66.38  -14.80 
  66.72  -14.90 
  67.24  -15.44 
  67.08  -15.68 
  67.38  -16.00 
  66.47  -16.61 
  66.82  -16.96 
  65.02  -17.98 
  66.23  -20.25 
  66.82  -19.95 
  67.24  -20.38 
  67.64  -20.13 
  67.91  -20.64 
  68.40  -20.46 
  69.22  -22.13 
  69.08  -22.20 
  69.35  -22.69 
  69.26  -22.74 
  69.35  -22.91 
  69.26  -22.96 
  69.35  -23.13 
  69.19  -23.25 
  69.74  -24.22 
  69.61  -24.30 
  69.81  -24.62 
  69.77  -24.65 
  70.07  -25.19 
  69.95  -25.32 
  70.05  -25.51 
  69.30  -25.80 
  68.90  -26.00 
  67.80  -26.60 
  66.10  -27.70 
  63.20  -28.10 
  61.00  -29.00 
  60.80  -30.70 
  59.00  -30.70 
  58.30  -31.80 
  57.00  -31.90 
  57.00  -33.80 
  55.10  -34.70 
  54.20  -34.70 
  54.10  -35.40 
  53.40  -35.30 
  53.30  -36.10 
  52.30  -36.10 
  52.20  -37.50 
  49.00  -37.80 
  46.20  -38.80 
  46.00  -40.10 
  42.70  -40.90 
  42.40  -42.80 
  39.30  -43.70 
  35.70  -44.80 
  34.80  -47.20 
  32.50  -47.00 
  30.50  -49.80 
  29.50  -50.20 
  27.80  -52.80 
  26.20  -52.50 
  25.50  -53.80 
  22.50  -53.00 
  20.00  -52.80 
  18.50  -52.70 
  15.90  -51.70 
  15.10  -52.20 
  13.90  -51.80 
  12.70  -52.80 
  11.50  -52.20 
   8.30  -54.00 
   7.60  -53.60 
   5.00  -54.80 
   4.00  -54.20 
   3.00  -53.60 
   0.80  -54.90 
  -0.30  -54.50 
  -0.70  -54.80 
  -1.00  -54.60 
  -1.50  -54.00 
  -2.40  -54.30 
  -3.00  -53.50 
  -4.80  -52.20 
  -7.00  -50.10 
  -8.00  -49.30 
  -9.80  -48.20 
 -10.70  -46.90 
 -13.30  -47.40 
 -13.80  -46.20 
 -15.20  -45.20 
 -16.00  -44.10 
 -16.50  -41.70 
 -16.80  -40.30 
 -15.90  -40.10 
 -16.00  -39.10 
 -17.50  -37.30 
 -17.80  -35.50 
 -15.30  -35.30 
 -15.20  -34.30 
 -14.60  -33.90 
 -14.50  -33.00 
 -14.50  -32.50 
 -13.30  -32.30 
 -13.40  -31.70 
 -13.40  -31.10 
 -13.70  -29.20 
 -12.90  -29.00 
 -13.20  -27.30 
 -13.80  -26.90 
 -13.70  -25.10 
 -13.40  -24.70 
 -13.50  -23.10 
 -12.50  -22.60 
 -11.60  -21.10 
 -12.00  -19.20 
 -13.00  -17.80 
 -14.10  -17.90 
 -14.00  -17.00 
 -14.30  -16.20 
 -13.20  -16.10 
 -13.50  -15.00 
 -13.60  -14.00 
 -14.30  -14.10 
 -14.50  -13.50 
 -14.90  -11.90 
 -12.90  -11.50 
 -13.00  -10.50 
 -13.50   -8.00 
 -13.40   -7.20 
 -11.50   -6.80 
 -12.80   -0.90 
 -15.80   -1.40 
 -16.30    0.10 
 -24.60   -1.20 
 -25.00    0.50 
 -26.20    0.60 
 -26.50    0.90 
 -30.40    0.90 
 -31.40    3.90 
 -32.60    4.00 
 -32.60    5.20 
 -34.00    7.20 
 -37.40    7.60 
 -37.80    8.10 
 -39.20    8.10 
 -39.40    8.70 
 -40.20    8.80 
 -40.70    9.50 
 -40.90   10.70 
 -43.70   10.80 
 -43.70   12.10 
 -44.10   12.10 
 -44.10   12.60 
 -44.80   12.60 
 -44.80   13.50 
 -45.00   13.70 
 -45.00   15.30 
 -46.70   15.40 
 -46.60   16.80 
 -46.40   18.50 
 -46.10   19.00 
 -45.80   19.80 
 -45.70   20.30 
 -45.60   21.30 
 -45.50   22.00 
 -45.00   22.80 
 -45.00   23.00 
 -44.90   23.70 
 -46.30   23.90 
 -46.30   23.90 
 -46.30   24.20 
 -46.10   24.50 
 -45.40   25.20 
 -45.00   25.70 
 -44.80   26.20 
 -44.50   26.90 
 -44.20   27.50 
 -43.75   28.75 
 -43.15   28.75 
 -42.70   30.10 
 -42.00   30.00 
 -41.90   30.50 
 -41.70   30.90 
 -40.50   31.90 
 -39.30   33.80 
 -37.80   33.50 
 -36.40   35.30 
 -35.00   35.00 
 -34.10   36.00 
 -33.70   36.50 
 -33.20   36.80 
 -32.00   37.50 
 -31.15   37.90 
 -30.80   38.00 
 -30.65   38.30 
 -30.30   38.40 
 -29.95   39.45 
 -29.75   39.45 
