>Anotolian Aegean 
40.70 39.20 
39.33 39.91 
38.9  39.95 
38.   40.25 
37.2  40.44 
37    40.6  
36    40.88 
35.5  41.   
34.63 41.13 
34.17 41.13 
33    40.94 
31.75 40.72 
31.38 40.56 
30.83 40.56 
30.42 40.75 
29.71 40.75 
29.   40.80 
28.2  40.85
27.3  40.75
26.0  40.50
25.0  40.20
24.0  39.80
23.0  39.00
22.0  38.20
21.0  38.90
20.0  38.20  
20.50  37.30 
20.90  36.50 
21.60  35.80 
22.20  35.20 
23.00  34.70 
23.70  34.40 
24.60  34.20 
25.70  34.30 
26.70  34.40 
27.40  34.50 
28.20  34.80 
29.20  35.20 
29.80  35.70 
30.30  35.80 
30.90  35.40 
31.40  34.90 
32.30  34.30 
32.90  34.20 
34.00  34.60 
34.50  35.00 
35.20  35.60 
35.60  35.90 
35.60 35.90 
35.90 36.40 
36.30 36.70 
36.80 37.20 
37.40 37.50 
37.90 37.90 
38.50 38.20 
39.00 38.40 
39.50 38.70 
40.10 39.00 
40.70 39.20 
