> Antarctic 
   0.80  -54.90 
   3.00  -53.60 
   4.00  -54.20 
   5.00  -54.80 
   7.60  -53.60 
   8.30  -54.00 
  11.50  -52.20 
  12.70  -52.80 
  13.90  -51.80 
  15.10  -52.20 
  15.90  -51.70 
  18.50  -52.70 
  20.00  -52.80 
  22.50  -53.00 
  25.50  -53.80 
  26.20  -52.50 
  27.80  -52.80 
  29.50  -50.20 
  30.50  -49.80 
  32.50  -47.00 
  34.80  -47.20 
  35.70  -44.80 
  39.30  -43.70 
  42.40  -42.80 
  42.70  -40.90 
  46.00  -40.10 
  46.20  -38.80 
  49.00  -37.80 
  52.20  -37.50 
  52.30  -36.10 
  53.30  -36.10 
  53.40  -35.30 
  54.10  -35.40 
  54.20  -34.70 
  55.10  -34.70 
  57.00  -33.80 
  57.00  -31.90 
  58.30  -31.80 
  59.00  -30.70 
  60.80  -30.70 
  61.00  -29.00 
  63.20  -28.10 
  66.10  -27.70 
  67.80  -26.60 
  68.90  -26.00 
  69.30  -25.80 
  70.05  -25.51 
  70.80  -26.30 
  71.20  -26.20 
  72.80  -27.50 
  73.00  -27.40 
  74.20  -28.20 
  74.10  -28.40 
  75.50  -29.50 
  74.80  -30.20 
  78.10  -32.90 
  77.40  -33.70 
  79.10  -35.10 
  78.30  -35.80 
  79.00  -36.30 
  75.90  -39.10 
  79.60  -42.20 
  81.10  -41.20 
  83.50  -43.20 
  85.30  -41.80 
  87.20  -43.00 
  88.30  -42.00 
  95.50  -46.00 
  95.10  -46.30 
  99.70  -48.20 
 100.40  -47.60 
 114.30  -51.20 
 114.80  -50.40 
 115.90  -50.70 
 116.40  -49.80 
 118.00  -50.10 
 118.10  -49.80 
 118.60  -49.90 
 118.80  -49.70 
 121.70  -50.20 
 122.30  -49.20 
 122.90  -49.30 
 122.70  -49.80 
 123.70  -50.00 
 123.90  -49.60 
 124.50  -49.70 
 124.50  -49.40 
 124.80  -49.40 
 125.00  -49.10 
 125.40  -49.20 
 125.40  -49.30 
 125.80  -49.40 
 125.70  -49.60 
 126.60  -49.70 
 126.90  -48.90 
 127.70  -49.00 
 127.50  -49.90 
 130.80  -50.30 
 130.90  -50.10 
 132.30  -50.10 
 132.30  -50.30 
 134.20  -50.30 
 134.40  -50.40 
 136.00  -50.40 
 136.40  -50.80 
 137.70  -50.60 
 138.60  -52.00 
 139.60  -51.90 
 140.00  -52.80 
 140.80  -52.70 
 141.20  -54.20 
 143.60  -54.10 
 143.90  -54.40 
 144.50  -54.30 
 145.00  -54.70 
 146.10  -54.70 
 146.20  -55.70 
 147.20  -55.60 
 147.50  -57.60 
 148.80  -57.50 
 150.40  -60.50 
 153.80  -60.10 
 155.70  -62.90 
 155.90  -63.00 
 163.20  -61.80 
 163.80  -62.30 
 165.00  -62.00 
 166.40  -62.90 
 167.40  -62.60 
 168.40  -63.00 
 170.50  -62.50 
 173.40  -64.10 
 174.80  -63.70    
 180.00  -65.20 
 180.00  -90.00
-180.00  -90.00
-180.00  -65.20
-177.70  -66.70 
-171.90  -64.70 
-170.80  -65.10 
-165.90  -62.80 
-164.40  -63.30 
-161.30  -61.70 
-157.50  -63.10 
-152.10  -59.60 
-150.80  -60.00 
-149.10  -58.80 
-149.30  -58.70 
-147.10  -57.10 
-146.60  -57.30 
-144.70  -55.70 
-140.80  -56.80 
-139.90  -56.00 
-139.20  -56.20 
-137.90  -54.90 
-137.60  -55.00 
-136.90  -54.00 
-133.00  -54.90 
-132.40  -54.10 
-128.70  -54.90 
-127.00  -55.30 
-126.40  -54.70 
-122.30  -55.80 
-120.50  -54.30 
-119.00  -54.50 
-118.00  -53.30 
-118.40  -53.20 
-117.00  -50.80 
-116.40  -49.60 
-115.00  -50.00 
-114.10  -48.30 
-113.30  -45.20 
-112.70  -42.70 
-112.20  -40.70 
-111.70  -38.40 
-112.00  -34.90 
-110.90  -35.10 
-110.20  -35.20 
-108.90  -35.20 
-107.70  -35.30 
-106.60  -35.50 
-105.30  -35.70 
-103.70  -35.80 
-101.80  -35.90 
-100.30  -36.10 
 -98.40  -36.30 
 -97.00  -36.40 
 -96.30  -36.50 
 -96.30  -37.10 
 -94.60  -37.20 
 -93.60  -37.40 
 -93.70  -38.40 
 -92.50  -38.80 
 -91.80  -39.10 
 -91.70  -40.30 
 -91.10  -41.20 
 -88.70  -41.30 
 -86.40  -41.50 
 -84.70  -41.70 
 -83.90  -41.80 
 -83.10  -41.90 
 -82.90  -43.30 
 -82.70  -44.30 
 -82.30  -44.80 
 -80.60  -44.90 
 -79.60  -45.00 
 -78.50  -45.20 
 -77.30  -45.60 
 -76.60  -45.60 
 -76.20  -45.30 
 -76.20  -45.80 
 -76.00  -46.90 
 -75.90  -47.70 
 -75.70  -48.80 
 -75.40  -49.60 
 -75.40  -50.70 
 -75.30  -51.90 
 -75.20  -53.00 
 -74.30  -53.60 
 -73.10  -54.40 
 -72.00  -54.90 
 -70.80  -55.40 
 -69.00  -55.60 
 -66.90  -55.60 
 -65.70  -55.50 
 -64.80  -55.60 
 -63.40  -55.70 
 -62.30  -55.80 
 -60.10  -56.00 
 -60.00  -56.00 
 -57.50  -55.90 
 -55.00  -55.70 
 -52.50  -55.60 
 -50.00  -55.50 
 -48.20  -55.40 
 -46.50  -55.20 
 -44.70  -55.10 
 -43.00  -55.00 
 -42.20  -55.00 
 -41.50  -54.90 
 -40.70  -54.80 
 -40.00  -54.80 
 -37.50  -54.80 
 -35.00  -54.80 
 -32.50  -54.80 
 -30.00  -54.80 
 -29.30  -54.80 
 -28.50  -54.90 
 -27.00  -55.00 
 -26.50  -55.20 
 -26.00  -55.40 
 -25.50  -55.50 
 -25.00  -55.70 
 -24.80  -55.80 
 -24.50  -55.90 
 -24.20  -56.00 
 -24.00  -56.10 
 -23.70  -56.60 
 -23.40  -57.00 
 -23.10  -57.50 
 -22.80  -58.00 
 -23.10  -58.40 
 -23.40  -58.80 
 -23.70  -59.20 
 -24.00  -59.60 
 -24.90  -60.70 
 -25.60  -60.70 
 -24.90  -60.80 
 -24.40  -60.90 
 -23.90  -61.00 
 -23.30  -61.00 
 -22.60  -61.00 
 -21.90  -61.00 
 -21.20  -61.00 
 -20.50  -60.90 
 -19.90  -60.90 
 -19.40  -60.80 
 -19.30  -60.50 
 -19.00  -60.50 
 -18.90  -60.20 
 -18.50  -60.20 
 -18.50  -59.60 
 -18.00  -59.60 
 -18.00  -59.10 
 -16.20  -59.00 
 -16.20  -58.30 
  -7.00  -57.80 
  -4.70  -55.80 
  -1.60  -55.60 
  -1.60  -55.30 
  -1.40  -55.10 
  -1.10  -54.80 
  -0.70  -54.80 
  -0.30  -54.50 
   0.00  -54.70 
