> ArabEurasia  
35.60 35.90 
35.90 36.40 
36.30 36.70 
36.80 37.20 
37.40 37.50 
37.90 37.90 
38.50 38.20 
39.00 38.40 
39.50 38.70 
40.10 39.00 
40.70 39.20 
41.60 39.20 
42.30 38.90 
43.00 38.30 
43.60 38.00 
43.60 38.00 
44.00 37.60 
44.30 37.20 
44.90 36.40 
45.40 36.00 
45.90 35.50 
46.40 35.00 
47.10 34.10 
47.70 33.50 
48.10 32.80 
48.70 32.10 
49.30 31.30 
49.80 30.40 
50.40 29.70 
51.20 28.70 
51.80 28.00 
52.40 27.30 
53.30 26.50 
54.30 26.30 
55.10 26.20 
56.00 26.00 
57.00 25.80 
58.10 25.60 
58.70 25.40 
59.00 25.40 
59.80 25.20 
60.00 25.20 
61.00 25.00 
62.00 24.90 
63.00 25.00 
64.00 25.20 
65.00 25.20 
65.80 25.20 
65.70 25.00 
65.20 24.00 
64.80 23.30 
63.80 23.20 
63.50 23.00 
63.00 22.50 
62.50 22.00 
62.25 21.50 
62.00 21.00 
61.60 20.50 
61.20 20.00 
60.80 19.00 
60.45 18.50 
60.30 18.00 
60.20 17.50 
60.10 17.00 
60.00 16.50 
60.00 16.00 
59.90 15.50 
59.80 15.00 
59.50 14.50 
59.10 14.00 
58.90 13.50 
58.60 13.00 
58.30 12.70 
57.50 13.50 
56.30 14.50 
56.10 14.30 
54.50 15.20 
53.80 14.30 
53.00 14.60 
52.80 14.40 
52.20 14.60 
51.20 13.10 
50.20 13.40 
49.80 13.10 
48.80 13.00 
48.20 12.60 
46.50 12.50 
46.30 12.20 
43.60 11.80 
43.50 11.80 
44.00 11.40 
44.00 11.40 
43.50 12.20 
42.50 13.20 
41.60 14.30 
40.50 16.00 
39.40 18.10 
38.50 19.80 
37.20 22.00 
36.20 23.80 
35.30 25.30 
34.60 26.60 
34.20 27.10 
34.20 27.90 
34.50 28.40 
34.70 29.00 
34.90 29.50 
34.90 30.00 
34.90 30.80 
35.00 31.30 
35.00 32.10 
35.20 32.90 
35.50 34.00 
35.70 34.90 
35.80 35.70 
35.60 35.90 
