> AustraliaIndia  
68.73 -4.51 
80.00 -5.00 
89.00 -5.00 
89.50 0.00  
90.00 5.00  
91.80 9.30  
92.00  8.80  
92.40  7.80  
93.00  6.80  
93.00  5.90  
92.90  5.30  
93.10  4.20  
93.60  3.80  
94.50  2.90  
94.90  2.30  
95.40  2.10  
96.20  1.50  
96.80  0.80  
97.40  -0.30 
97.90  -1.30 
98.60  -2.00 
99.10  -2.80 
99.50  -2.80 
99.70  -3.20 
100.20 -4.00 
100.80 -4.60 
101.40 -5.10 
102.30 -6.30 
102.80 -6.40 
103.40 -7.00 
104.10 -7.30 
104.40 -7.10 
105.00 -7.40 
105.70 -7.60 
106.10 -7.50 
106.40 -7.80 
107.00 -8.00 
107.80 -8.30 
108.50 -8.50 
109.30 -8.80 
110.30 -9.00 
110.90 -9.00 
111.60 -9.30 
112.60 -9.40 
113.20 -9.30 
113.50 -9.20 
114.40 -9.30 
114.90 -9.40 
116.40 -9.50 
118.10 -10.20 
119.90 -10.30 
122.40 -10.30 
123.30 -9.30 
124.50 -7.90 
125.80 -7.50 
127.90 -7.40 
130.00 -7.20 
131.30 -6.10 
131.10 -4.60 
130.70 -3.40 
130.60 -1.80 
130.70 -0.30 
130.90 1.10
131.80 1.00 
132.60 0.70 
133.40 0.50 
134.30 0.20 
135.10 0.00 
135.40 -0.20 
135.70 -0.50 
135.90 -0.70 
136.20 -1.00 
136.50 -1.20 
136.80 -1.40 
137.80 -1.40 
139.10 -1.60 
140.10 -1.70 
141.40 -1.90 
142.70 -2.30 
143.80 -3.00 
144.60 -3.60 
145.50 -4.40 
146.10 -5.20 
146.60 -5.90 
147.00 -6.70 
147.50 -7.30 
148.60 -7.50 
149.70 -7.30 
150.50 -7.10 
151.30 -6.90 
152.40 -6.70 
153.20 -6.70 
154.20 -7.20 
155.30 -8.00 
156.60 -8.90 
157.70 -9.60 
158.50 -10.00 
159.50 -10.40 
160.50 -11.00 
161.70 -11.60 
162.90 -11.70 
163.80 -11.80 
164.80 -12.20 
165.40 -13.60 
165.80 -15.00 
166.40 -16.80 
166.90 -17.80 
167.40 -19.00 
168.00 -20.00 
168.40 -21.00 
169.10 -22.10 
169.90 -23.10 
170.60 -23.70 
171.50 -23.70 
172.50 -22.90 
173.50 -22.00 
174.30 -21.10 
175.60 -19.30 
176.20 -18.30 
177.20 -17.20 
178.30 -16.10 
179.70 -15.50 
180.70 -15.20 
181.10 -15.10 
182.30 -14.70 
183.80 -14.60 
185.10 -14.50 
186.10 -14.50 
187.20 -14.50 
188.40 -14.50 
188.40 -14.50 
188.90 -15.40 
188.90 -16.80 
188.60 -18.10 
187.90 -19.70 
187.10 -21.40 
186.50 -22.60 
186.20 -23.60 
185.50 -25.40 
184.90 -27.20 
184.30 -28.60 
183.80 -29.80 
183.10 -31.10 
182.90 -31.70 
182.00 -33.30 
181.50 -34.40 
180.80 -35.80 
179.60 -37.40 
178.80 -38.70 
178.20 -39.40 
176.90 -40.70 
176.40 -41.10 
175.30 -41.60 
174.40 -41.70 
173.30 -42.00 
172.20 -42.60 
171.00 -43.20 
169.90 -43.70 
169.00 -44.10 
167.80 -44.70 
167.30 -45.20 
166.50 -46.00 
165.90 -47.00 
165.30 -47.90 
164.70 -48.60 
164.30 -49.10 
164.10 -49.70 
163.30 -50.30 
162.40 -50.90 
161.10 -52.10 
160.60 -52.70 
159.90 -53.50 
159.70 -53.70 
159.50 -53.90 
159.40 -54.10 
159.30 -54.20 
159.20 -54.40 
159.10 -54.70 
158.90 -54.90 
158.80 -55.10 
158.70 -55.30 
158.70 -55.40 
158.60 -55.60 
158.50 -55.80 
158.60 -55.90 
158.40 -56.10 
158.30 -56.40 
158.10 -56.50 
158.00 -56.60 
157.90 -56.80 
157.70 -56.90 
157.70 -57.10 
157.70 -57.20 
157.60 -57.30 
157.50 -57.40 
157.40 -57.50 
157.40 -57.70 
157.30 -57.80 
157.30 -57.90 
157.30 -58.10 
157.50 -58.30 
157.60 -58.40 
157.70 -58.50 
157.80 -58.60 
157.80 -58.70 
157.90 -58.80 
158.00 -58.80 
158.10 -58.90 
158.20 -59.00 
158.30 -59.10 
158.40 -59.20 
158.50 -59.30 
158.50 -59.40 
158.60 -59.50 
158.80 -59.60 
158.80 -59.70 
160.90 -61.60 
161.20 -61.80 
163.20 -61.80 
155.90 -63.00 
155.70 -62.90 
153.8  -60.10 
150.40 -60.50 
148.80 -57.50 
147.50 -57.60 
147.20 -55.60 
146.20 -55.70 
146.10 -54.70 
145.00 -54.70 
144.50 -54.30 
143.90 -54.40 
143.60 -54.10 
141.20 -54.20 
140.8  -52.70 
140.00 -52.80 
139.60 -51.90 
138.60 -52.00 
137.70 -50.60 
136.40 -50.80 
136.00 -50.40 
134.40 -50.40 
134.2  -50.30 
132.30 -50.30 
132.30 -50.10 
130.90 -50.10 
130.80 -50.30 
127.50 -49.90 
127.70 -49.00 
126.90 -48.90 
126.6  -49.70 
125.70 -49.60 
125.80 -49.40 
125.40 -49.30 
125.40 -49.20 
125.00 -49.10 
124.80 -49.40 
124.50 -49.40 
124.5  -49.70 
123.90 -49.60 
123.70 -50.00 
122.70 -49.80 
122.90 -49.30 
122.30 -49.20 
121.70 -50.20 
118.80 -49.70 
118.6  -49.90 
118.10 -49.80 
118.00 -50.10 
116.40 -49.80 
115.90 -50.70 
114.80 -50.40 
114.30 -51.20 
100.40 -47.60 
99.7   -48.20 
95.10  -46.30 
95.50  -46.00 
88.30  -42.00 
87.20  -43.00 
85.30  -41.80 
83.50  -43.20 
81.10  -41.20 
79.6   -42.20 
75.90  -39.10 
79.00  -36.30 
78.30  -35.80 
79.10  -35.10 
77.40  -33.70 
78.10  -32.90 
74.80  -30.20 
75.5   -29.50 
74.10  -28.40 
74.20  -28.20 
73.00  -27.40 
72.80  -27.50 
71.20  -26.20 
70.80  -26.30 
70.05  -25.51 
69.95 -25.32 
70.07 -25.19 
69.77 -24.65 
69.81 -24.62 
69.61 -24.30 
69.74 -24.22 
69.19 -23.25 
69.35 -23.13 
69.26 -22.96 
69.35 -22.91 
69.26 -22.74 
69.35 -22.69 
69.08 -22.20 
69.22 -22.13 
68.40 -20.46 
67.91 -20.64 
67.64 -20.13 
67.24 -20.38 
66.82 -19.95 
66.23 -20.25 
65.02 -17.98 
66.82 -16.96 
66.47 -16.61 
67.38 -16.00 
67.08 -15.68 
67.24 -15.44 
66.72 -14.90 
66.38 -14.80 
65.86 -13.99 
66.70 -13.34 
66.49 -13.12 
66.44 -12.88 
65.56 -12.14 
65.75 -12.00 
66.32 -11.56 
66.20 -11.30 
66.79 -10.78 
66.28 -10.40 
66.84 -9.88  
66.54 -9.64  
68.28 -8.20 
67.86 -7.75 
68.25 -7.40 
67.92 -7.12 
68.50 -6.56 
67.98 -6.08 
68.78 -5.24 
68.60 -5.10 
68.36 -4.90 
68.73 -4.51 
