> clnwcbrdr  43  2  0  i  35.525 36.4  -116.89 -117.98  35.6222 -117.5958
 35.6222 -117.6514
 35.6269 -117.6514
 35.6269 -117.6583
 35.6319 -117.6611
 35.6333 -117.6611
 35.6333 -117.6694
 35.6519 -117.6694
 35.6519 -117.7944
 35.8750 -117.8750
 35.8883 -117.8875
 35.9167 -117.8875
 35.9875 -117.8883
 36.0292 -117.8883
 36.0450 -117.8867
 36.0589 -117.8875
 36.0569 -117.8356
 36.1450 -117.8356
 36.1450 -117.8406
 36.2319 -117.8406
 36.2328 -117.4744
 36.1444 -117.4744
 36.1444 -117.4408
 36.0578 -117.4417
 36.0578 -117.4233
 35.9578 -117.4250
 35.8208 -117.4208
 35.7944 -117.4208
 35.7167 -117.4381
 35.7014 -117.4375
 35.6872 -117.4392
 35.6722 -117.4417
 35.6722 -117.4592
 35.6578 -117.4592
 35.6578 -117.4769
 35.6492 -117.4769
 35.6469 -117.5086
 35.6444 -117.5292
 35.6433 -117.5450
 35.6397 -117.5625
 35.6342 -117.5772
 35.6278 -117.5881
 35.6222 -117.5958
 35.6222 -117.6514
>
