> gmt1 21 2 15 0 35.935837 35.952538 -117.784805 -117.779160
35.935837 -117.784805
35.936218 -117.784706
35.936806 -117.784668
35.937801 -117.784386
35.938274 -117.784218
35.938965 -117.784111
35.939800 -117.783981
35.940567 -117.783875
35.941597 -117.783600
35.942818 -117.782799
35.943363 -117.782066
35.944233 -117.781380
35.946098 -117.780487
35.946812 -117.780304
35.948212 -117.780136
35.948765 -117.780121
35.949825 -117.780243
35.950630 -117.779915
35.951328 -117.779625
35.951862 -117.779388
35.952538 -117.779160
> gmt4 13 2 15 0 35.960930 35.969456 -117.782181 -117.777756
35.969456 -117.777756
35.968731 -117.778152
35.967953 -117.778442
35.967228 -117.778877
35.966347 -117.779655
35.965778 -117.780113
35.964989 -117.780464
35.964367 -117.780602
35.963722 -117.780754
35.962921 -117.780983
35.962189 -117.781380
35.961563 -117.781799
35.960930 -117.782181
> gmt5 8 2 15 0 35.969341 35.971081 -117.782616 -117.777756
35.969456 -117.777756
35.969341 -117.778152
35.969498 -117.778709
35.969791 -117.779343
35.970253 -117.780067
35.970612 -117.780724
35.970821 -117.781303
35.971081 -117.782616
> gmt2 27 2 15 0 35.952538 35.977810 -117.779160 -117.773521
35.952538 -117.779160
35.953941 -117.778969
35.955101 -117.779022
35.956051 -117.779099
35.956829 -117.779083
35.957756 -117.778755
35.958649 -117.778175
35.959564 -117.777710
35.960709 -117.777260
35.961960 -117.776863
35.963146 -117.776993
35.964104 -117.777542
35.965084 -117.777908
35.966259 -117.777870
35.967686 -117.777184
35.968704 -117.776306
35.969315 -117.775749
35.970310 -117.775047
35.971336 -117.774651
35.972183 -117.774391
35.973236 -117.774216
35.973869 -117.774078
35.974503 -117.773888
35.975361 -117.773659
35.976105 -117.773521
35.977505 -117.773659
35.977810 -117.773697
> gmt2 9 2 15 0 35.977810 35.983242 -117.773918 -117.773369
35.977810 -117.773697
35.978027 -117.773727
35.978657 -117.773827
35.979290 -117.773918
35.980011 -117.773849
35.980949 -117.773827
35.981705 -117.773621
35.982475 -117.773575
35.983242 -117.773369
> gmt3 12 2 15 0 35.969456 35.977810 -117.777756 -117.773697
35.977810 -117.773697
35.977451 -117.773903
35.976410 -117.774467
35.975639 -117.774940
35.974812 -117.775368
35.973866 -117.775734
35.973003 -117.776062
35.972225 -117.776375
35.971436 -117.776733
35.970802 -117.777039
35.970325 -117.777283
35.969456 -117.777756
> gmt6 18 2 15 0 35.952538 35.962330 -117.799232 -117.779160
35.952538 -117.779160
35.952988 -117.780396
35.953289 -117.781403
35.953625 -117.782486
35.954121 -117.783684
35.954689 -117.784813
35.955299 -117.786041
35.955925 -117.787354
35.956375 -117.788330
35.956825 -117.789017
35.957344 -117.789764
35.958199 -117.791077
35.958817 -117.792236
35.959362 -117.793953
35.959869 -117.795174
35.960587 -117.796555
35.961048 -117.797409
35.962330 -117.799232
> gmt7 15 2 15 0 35.935268 35.947018 -117.807228 -117.801247
35.935268 -117.807228
35.936005 -117.806953
35.936703 -117.806778
35.937450 -117.806519
35.938400 -117.806091
35.939148 -117.805626
35.940128 -117.804893
35.940945 -117.804260
35.941872 -117.803581
35.942982 -117.802925
35.943569 -117.802551
35.944527 -117.802162
35.945568 -117.801865
35.946384 -117.801537
35.947018 -117.801247
> gmt8 14 2 15 0 35.947636 35.962330 -117.801140 -117.799232
35.947636 -117.801140
35.948032 -117.801140
35.948586 -117.800964
35.949390 -117.800804
35.950798 -117.800507
35.951649 -117.800453
35.953091 -117.800438
35.954865 -117.800545
35.956177 -117.800606
35.957100 -117.800835
35.958397 -117.800728
35.959812 -117.800240
35.960827 -117.799797
35.962330 -117.799232
> gmt9 18 2 15 0 35.962330 35.982529 -117.799507 -117.794807
35.962330 -117.799232
35.964272 -117.799133
35.965336 -117.798950
35.967400 -117.799461
35.968552 -117.799507
35.969639 -117.799225
35.970722 -117.799019
35.972000 -117.798706
35.972641 -117.798546
35.973694 -117.798256
35.974766 -117.797791
35.976044 -117.797157
35.977264 -117.796669
35.978371 -117.796310
35.979538 -117.796082
35.980755 -117.795807
35.981625 -117.795395
35.982529 -117.794807
> gmt10 3 2 15 0 35.947018 35.947636 -117.801247 -117.801140
35.947018 -117.801247
35.947399 -117.801178
35.947636 -117.801140
> gmt11 33 2 15 0 35.947636 35.963860 -117.836700 -117.801140
35.947636 -117.801140
35.948063 -117.802078
35.948612 -117.803329
35.948940 -117.804108
35.949409 -117.805611
35.950108 -117.806870
35.950611 -117.808098
35.951317 -117.809769
35.951855 -117.811165
35.952248 -117.812210
35.952820 -117.813255
35.953419 -117.814339
35.953743 -117.814926
35.953888 -117.815636
35.954350 -117.816612
35.954754 -117.817200
35.955112 -117.818199
35.955513 -117.819580
35.955963 -117.820610
35.956581 -117.821815
35.957211 -117.822998
35.957817 -117.823807
35.958447 -117.824532
35.959347 -117.826027
35.959877 -117.827362
35.960255 -117.828468
35.960625 -117.829483
35.961121 -117.830643
35.961533 -117.831657
35.962086 -117.832977
35.962543 -117.834053
35.963104 -117.835266
35.963860 -117.836700
> gmt12 4 2 15 0 35.961845 35.963860 -117.837387 -117.836700
35.963860 -117.836700
35.963406 -117.836899
35.962955 -117.837105
35.961845 -117.837387
> gmt13 27 2 15 0 35.963860 35.989147 -117.836700 -117.824158
35.963860 -117.836700
35.964626 -117.836349
35.965225 -117.836227
35.966309 -117.835648
35.967079 -117.835236
35.967972 -117.834709
35.969151 -117.833969
35.970440 -117.833221
35.971897 -117.832535
35.973400 -117.831863
35.974327 -117.831566
35.975567 -117.831665
35.976620 -117.831184
35.977379 -117.830299
35.978287 -117.829323
35.979301 -117.828529
35.980038 -117.827995
35.980911 -117.827263
35.982258 -117.826035
35.982956 -117.825493
35.983681 -117.824982
35.984497 -117.824532
35.985424 -117.824158
35.986588 -117.824165
35.987400 -117.824341
35.988087 -117.824310
35.989147 -117.824707
> gmt14 12 2 15 0 35.927017 35.937496 -117.818733 -117.815193
35.927017 -117.818733
35.927753 -117.818588
35.928726 -117.818359
35.929821 -117.817711
35.930737 -117.817268
35.932274 -117.817169
35.933346 -117.816711
35.934273 -117.816330
35.935223 -117.816071
35.936283 -117.815651
35.937222 -117.815247
35.937496 -117.815193
> gmt15 9 2 15 0 35.935322 35.942871 -117.817703 -117.814278
35.935322 -117.817703
35.936295 -117.817230
35.937489 -117.816658
35.938507 -117.816246
35.939514 -117.815834
35.940372 -117.815353
35.941074 -117.814941
35.941696 -117.814743
35.942871 -117.814278
> gmt16 3 2 15 0 35.942871 35.944069 -117.814278 -117.813728
35.942871 -117.814278
35.943504 -117.813911
35.944069 -117.813728
> gmt17 15 2 15 0 35.942871 35.949982 -117.831841 -117.814278
35.942871 -117.814278
35.943333 -117.815132
35.943588 -117.815979
35.944130 -117.817139
35.944733 -117.818321
35.945374 -117.819786
35.945732 -117.821121
35.946167 -117.822502
35.946777 -117.823967
35.947662 -117.826019
35.948132 -117.827103
35.948357 -117.828201
35.949165 -117.829636
35.949623 -117.830948
35.949982 -117.831841
> gmt18 10 2 15 0 35.961132 35.967987 -117.813049 -117.800316
35.961132 -117.800316
35.961411 -117.801125
35.961895 -117.802208
35.962509 -117.803642
35.963409 -117.805107
35.964165 -117.806313
35.964760 -117.807480
35.965694 -117.808907
35.966297 -117.809906
35.967987 -117.813049
> gmt19 11 2 15 0 35.967968 35.972672 -117.830940 -117.815620
35.967968 -117.815620
35.968079 -117.816429
35.968166 -117.817078
35.968704 -117.818741
35.969070 -117.820244
35.969624 -117.821861
35.970139 -117.823311
35.970844 -117.825287
35.971268 -117.826584
35.971973 -117.828934
35.972672 -117.830940
> gmt20 13 2 15 0 35.968082 35.977818 -117.814186 -117.809555
35.968082 -117.814186
35.968773 -117.813957
35.969372 -117.813667
35.970310 -117.813202
35.971161 -117.812759
35.972008 -117.812401
35.973240 -117.811852
35.974030 -117.811569
35.974876 -117.811295
35.975838 -117.810852
35.976528 -117.810440
35.977375 -117.809776
35.977818 -117.809555
> gmt21 9 2 15 0 35.976772 35.977818 -117.809555 -117.803894
35.977818 -117.809555
35.977695 -117.808914
35.977684 -117.808441
35.977619 -117.807831
35.977394 -117.807083
35.977283 -117.806595
35.977207 -117.805992
35.977081 -117.805450
35.976772 -117.803894
> gmt22 11 2 15 0 35.977818 35.980618 -117.822258 -117.809555
35.977818 -117.809555
35.977940 -117.810417
35.978142 -117.811394
35.978519 -117.812607
35.978729 -117.814072
35.978840 -117.815628
35.979130 -117.817322
35.979523 -117.818718
35.980015 -117.819916
35.980190 -117.820900
35.980618 -117.822258
> gmt23 13 2 15 0 35.963890 35.976711 -117.803528 -117.800156
35.963890 -117.803528
35.964714 -117.803505
35.965763 -117.803528
35.967049 -117.803352
35.968487 -117.803040
35.969501 -117.802849
35.970768 -117.802834
35.971943 -117.802589
35.973106 -117.802368
35.974190 -117.801682
35.974827 -117.801186
35.975639 -117.800575
35.976711 -117.800156
> gmt24 17 2 15 0 35.976711 35.996380 -117.800156 -117.791870
35.976711 -117.800156
35.978397 -117.799332
35.979427 -117.799072
35.980453 -117.798759
35.981461 -117.798470
35.982929 -117.797966
35.984444 -117.797485
35.985889 -117.796883
35.986965 -117.796318
35.987984 -117.795769
35.989113 -117.795235
35.990616 -117.794670
35.991745 -117.794121
35.992775 -117.793571
35.993870 -117.792992
35.994823 -117.792511
35.996380 -117.791870
> gmt25 9 2 15 0 35.976711 35.979465 -117.809593 -117.800156
35.976711 -117.800156
35.976780 -117.800636
35.977036 -117.801643
35.977406 -117.802757
35.977798 -117.804245
35.978268 -117.805595
35.978592 -117.806839
35.978928 -117.807953
35.979465 -117.809593
> gmt26 8 2 15 0 35.967571 35.977253 -117.873016 -117.871010
35.967571 -117.871010
35.968452 -117.871254
35.969322 -117.871468
35.970280 -117.871696
35.971703 -117.872093
35.973236 -117.872322
35.974594 -117.872612
35.977253 -117.873016
> gmt27 18 2 15 0 35.972511 35.991230 -117.848015 -117.843376
35.972511 -117.848015
35.972908 -117.847740
35.973427 -117.847786
35.974129 -117.847717
35.975235 -117.847305
35.976192 -117.847076
35.977062 -117.846863
35.978512 -117.846367
35.979801 -117.845863
35.980839 -117.845367
35.981720 -117.844841
35.982681 -117.844261
35.984074 -117.843773
35.985699 -117.843544
35.987068 -117.843384
35.988308 -117.843376
35.989777 -117.843513
35.991230 -117.843948
> gmt28 11 2 15 0 35.979057 35.992401 -117.849403 -117.845581
35.979057 -117.849403
35.980240 -117.849159
35.981380 -117.849106
35.983429 -117.848511
35.985088 -117.848015
35.986366 -117.847649
35.987686 -117.847198
35.989178 -117.846832
35.990311 -117.846367
35.991215 -117.845993
35.992401 -117.845581
> gmt29 14 2 15 0 35.971882 35.993721 -117.838737 -117.833427
35.971882 -117.838737
35.973236 -117.838562
35.974251 -117.838432
35.976173 -117.837967
35.977573 -117.837753
35.978794 -117.837486
35.980705 -117.836678
35.981777 -117.836288
35.983089 -117.835869
35.984806 -117.835518
35.986965 -117.834961
35.988972 -117.835495
35.990700 -117.835060
35.993721 -117.833427
> gmt30 20 2 15 0 35.993721 36.021854 -117.833427 -117.826164
35.993721 -117.833427
35.995689 -117.832367
35.997269 -117.831886
35.998692 -117.831604
35.999641 -117.831390
36.001064 -117.831383
36.002419 -117.831627
36.004089 -117.831230
36.005310 -117.830978
36.006416 -117.830811
36.007595 -117.830582
36.008816 -117.830063
36.010090 -117.829445
36.012428 -117.828835
36.013752 -117.828659
36.015251 -117.828293
36.016598 -117.827591
36.018002 -117.827072
36.020611 -117.826500
36.021854 -117.826164
> gmt31 15 2 15 0 35.989376 35.993721 -117.833427 -117.809738
35.989376 -117.809738
35.989513 -117.810364
35.989613 -117.811226
35.989700 -117.812325
35.989910 -117.814018
35.990177 -117.815773
35.990398 -117.817566
35.990574 -117.819534
35.990852 -117.821274
35.991173 -117.823570
35.991592 -117.825584
35.992153 -117.828148
35.992870 -117.830429
35.993259 -117.832703
35.993721 -117.833427
> gmt32 13 2 15 0 35.983517 35.995430 -117.776833 -117.763023
35.983517 -117.776833
35.984207 -117.775948
35.984989 -117.775002
35.986290 -117.773857
35.987671 -117.772461
35.988667 -117.771172
35.989609 -117.769859
35.990707 -117.768532
35.991592 -117.767494
35.992409 -117.766220
35.993176 -117.765182
35.993813 -117.764542
35.995430 -117.763023
> gmt33 7 2 15 0 35.972874 35.974174 -117.786232 -117.779564
35.972874 -117.779564
35.973152 -117.780975
35.973305 -117.781769
35.973495 -117.782906
35.973698 -117.784050
35.973827 -117.784775
35.974174 -117.786232
> gmt34 7 2 15 0 35.974174 35.977009 -117.795357 -117.786232
35.974174 -117.786232
35.974476 -117.787949
35.974747 -117.788765
35.975239 -117.789955
35.975574 -117.790901
35.976135 -117.792320
35.977009 -117.795357
> gmt35 26 2 15 0 35.974174 36.006699 -117.786232 -117.775452
35.974174 -117.786232
35.974686 -117.786041
35.975372 -117.785950
35.976593 -117.785118
35.977535 -117.784348
35.978600 -117.783119
35.979549 -117.782082
35.980419 -117.781654
35.982430 -117.781418
35.983322 -117.781517
35.984417 -117.781731
35.986046 -117.781090
35.986893 -117.780449
35.988274 -117.779541
35.989506 -117.778885
35.991188 -117.778000
35.992638 -117.777397
35.993835 -117.776863
35.996254 -117.776321
35.997383 -117.776131
35.999180 -117.775658
36.000488 -117.775452
36.002659 -117.775589
36.003593 -117.775749
36.004982 -117.775818
36.006699 -117.775505
> gmt36 17 2 15 0 35.985538 36.006699 -117.788200 -117.775505
36.006699 -117.775505
36.005215 -117.776459
36.003658 -117.777184
36.001881 -117.778328
36.001144 -117.778961
36.000057 -117.779663
35.998238 -117.781265
35.997196 -117.782448
35.996178 -117.783066
35.995274 -117.783730
35.994221 -117.784889
35.993122 -117.785561
35.992073 -117.786324
35.990860 -117.786911
35.989300 -117.787262
35.987518 -117.787628
35.985538 -117.788200
> gmt37 6 2 15 0 36.006699 36.007355 -117.780556 -117.775505
36.007351 -117.780556
36.007320 -117.780098
36.007355 -117.779305
36.007267 -117.778343
36.007080 -117.777344
36.006699 -117.775505
> gmt38 4 2 15 0 36.006222 36.006748 -117.775505 -117.772385
36.006699 -117.775505
36.006748 -117.774559
36.006546 -117.773880
36.006222 -117.772385
> gmt39 3 2 15 0 36.006077 36.006222 -117.772385 -117.771828
36.006222 -117.772385
36.006134 -117.772026
36.006077 -117.771828
> gmt40 6 2 15 0 36.005196 36.006077 -117.771828 -117.766914
36.006077 -117.771828
36.005966 -117.770744
36.005730 -117.769882
36.005531 -117.768799
36.005363 -117.767838
36.005196 -117.766914
> gmt41 4 2 15 0 36.004715 36.005196 -117.766914 -117.764603
36.005196 -117.766914
36.005074 -117.766457
36.005074 -117.765961
36.004715 -117.764603
> gmt42 3 2 15 0 36.004360 36.004715 -117.764603 -117.762794
36.004715 -117.764603
36.004597 -117.763786
36.004360 -117.762794
> gmt43 7 2 15 0 36.003342 36.004360 -117.762794 -117.758369
36.004360 -117.762794
36.004227 -117.762146
36.004059 -117.761581
36.003880 -117.761055
36.003609 -117.760300
36.003342 -117.759583
36.003483 -117.758369
> gmt44 5 2 15 0 35.993782 36.004360 -117.766823 -117.762794
36.004360 -117.762794
36.002769 -117.763374
36.000122 -117.764481
35.996834 -117.765617
35.993782 -117.766823
> gmt45 5 2 15 0 35.995495 36.004715 -117.769127 -117.764603
35.995495 -117.769127
35.997280 -117.768372
35.999348 -117.767151
36.001667 -117.766121
36.004715 -117.764603
> gmt46 7 2 15 0 35.993618 36.005196 -117.773079 -117.766914
36.005196 -117.766914
36.004181 -117.767342
36.002949 -117.768227
36.000435 -117.769730
35.998199 -117.770546
35.996231 -117.771339
35.993618 -117.773079
> gmt47 8 2 15 0 35.975544 35.983440 -117.772331 -117.771950
35.975544 -117.772171
35.976559 -117.772110
35.977699 -117.772194
35.978909 -117.772331
35.980118 -117.772263
35.981415 -117.772079
35.982277 -117.772026
35.983440 -117.771950
> gmt48 12 2 15 0 35.996250 36.022129 -117.841370 -117.833549
35.996250 -117.841362
35.997108 -117.841339
35.998047 -117.841278
35.999413 -117.841370
36.000813 -117.840988
36.002811 -117.840279
36.004734 -117.839592
36.006207 -117.838989
36.009899 -117.837761
36.012691 -117.836716
36.017811 -117.835037
36.022129 -117.833549
> gmt49 4 2 15 0 36.019295 36.023888 -117.855621 -117.836868
36.019295 -117.836868
36.019951 -117.840042
36.020855 -117.845276
36.023888 -117.855621
> gmt50 4 2 15 0 36.015369 36.018311 -117.825264 -117.809288
36.018311 -117.825264
36.017418 -117.821419
36.016441 -117.815063
36.015369 -117.809288
> gmt51 7 2 15 0 36.006077 36.025028 -117.771828 -117.765915
36.006077 -117.771828
36.007683 -117.771339
36.011456 -117.770050
36.015388 -117.769325
36.019714 -117.768501
36.022980 -117.767006
36.025028 -117.765915
> gmt52 8 2 15 0 36.006222 36.027874 -117.774017 -117.770203
36.006222 -117.772385
36.007473 -117.772606
36.011139 -117.773804
36.013577 -117.774017
36.017624 -117.772881
36.021996 -117.771965
36.026627 -117.771072
36.027874 -117.770203
> gmt53 3 2 15 0 36.027874 36.028725 -117.771278 -117.770203
36.027874 -117.770203
36.028400 -117.770859
36.028725 -117.771278
> gmt54 3 2 15 0 36.028725 36.031609 -117.775467 -117.771278
36.028725 -117.771278
36.029999 -117.773582
36.031609 -117.775467
> gmt55 5 2 15 0 36.028725 36.044338 -117.771278 -117.769630
36.028725 -117.771278
36.032612 -117.771149
36.038067 -117.771248
36.040504 -117.770721
36.044338 -117.769630
> gmt56 3 2 15 0 36.025028 36.026039 -117.767357 -117.765915
36.025028 -117.765915
36.025642 -117.766907
36.026039 -117.767357
> gmt57 3 2 15 0 36.026039 36.027874 -117.770203 -117.767357
36.026039 -117.767357
36.026928 -117.768837
36.027874 -117.770203
> gmt58 10 2 15 0 36.026039 36.039719 -117.769043 -117.766808
36.026039 -117.767357
36.027306 -117.767082
36.030308 -117.766808
36.032619 -117.767143
36.033817 -117.767105
36.034733 -117.767487
36.036163 -117.768654
36.037315 -117.769020
36.038433 -117.769043
36.039719 -117.768967
> gmt59 7 2 15 0 36.017178 36.025028 -117.765915 -117.754250
36.025028 -117.765915
36.024071 -117.764427
36.023228 -117.763100
36.022194 -117.761673
36.020428 -117.759216
36.018517 -117.756409
36.017178 -117.754250
> gmt60 7 2 15 0 36.005619 36.021824 -117.791252 -117.778053
36.005619 -117.791252
36.007450 -117.790611
36.009476 -117.789467
36.011826 -117.787590
36.015640 -117.783882
36.018143 -117.780991
36.021824 -117.778053
> gmt61 6 2 15 0 36.007492 36.021824 -117.782722 -117.778053
36.021824 -117.778053
36.020050 -117.778168
36.017822 -117.778671
36.014874 -117.779388
36.012379 -117.779984
36.007492 -117.782722
> gmt62 3 2 15 0 36.021824 36.024364 -117.784790 -117.778053
36.021824 -117.778053
36.022808 -117.780075
36.024364 -117.784790
> gmt62 5 2 15 0 36.024364 36.032669 -117.805565 -117.784790
36.024364 -117.784790
36.024658 -117.785690
36.027653 -117.793114
36.030560 -117.799904
36.032669 -117.805565
> gmt63 8 2 15 0 36.024364 36.042122 -117.791199 -117.784790
36.024364 -117.784790
36.026794 -117.785049
36.029964 -117.785660
36.032841 -117.786583
36.036900 -117.788940
36.039043 -117.788994
36.041481 -117.790749
36.042122 -117.791199
> gmt64 8 2 15 0 36.021824 36.042423 -117.779701 -117.777794
36.021824 -117.778053
36.023392 -117.777794
36.025822 -117.777878
36.029533 -117.778511
36.032841 -117.778229
36.036736 -117.777939
36.039749 -117.778992
36.042423 -117.779701
> gmt65 4 2 15 0 36.041096 36.048244 -117.773224 -117.768982
36.041096 -117.773224
36.042500 -117.772499
36.044319 -117.771423
36.048244 -117.768982
> gmt66 4 2 15 0 36.045792 36.050030 -117.789131 -117.774200
36.045792 -117.774200
36.046539 -117.777092
36.048229 -117.783455
36.050030 -117.789131
> gmt67 4 2 15 0 36.048923 36.052425 -117.783897 -117.772690
36.048923 -117.772690
36.049786 -117.775002
36.051151 -117.779625
36.052425 -117.783897
> gmt68 4 2 15 0 36.050335 36.053761 -117.782806 -117.772331
36.053761 -117.782806
36.052788 -117.780121
36.051632 -117.776512
36.050335 -117.772331
> gmt69 4 2 15 0 36.052402 36.058285 -117.788704 -117.772552
36.052402 -117.772552
36.053486 -117.775894
36.055565 -117.780815
36.058285 -117.788704
> gmt70 3 2 15 0 36.053738 36.061699 -117.792374 -117.787872
36.061699 -117.787872
36.058147 -117.790047
36.053738 -117.792374
> gmt71 3 2 15 0 36.046772 36.053738 -117.796059 -117.792374
36.053738 -117.792374
36.050129 -117.794647
36.046772 -117.796059
> gmt72 6 2 15 0 36.053738 36.064816 -117.830368 -117.792374
36.053738 -117.792374
36.055260 -117.801308
36.057808 -117.807541
36.060242 -117.813759
36.063377 -117.822418
36.064816 -117.830368
> gmt73 5 2 15 0 36.042450 36.054043 -117.829834 -117.799774
36.042450 -117.799774
36.043571 -117.802872
36.045712 -117.808670
36.050831 -117.820595
36.054043 -117.829834
> gmt74 5 2 15 0 36.045261 36.058601 -117.770081 -117.763451
36.045261 -117.770081
36.047512 -117.768478
36.050495 -117.767387
36.053673 -117.765732
36.058601 -117.763451
> gmt75 5 2 15 0 36.054897 36.067253 -117.763672 -117.758247
36.054897 -117.763672
36.057644 -117.762474
36.060966 -117.760574
36.064674 -117.759346
36.067253 -117.758247
> gmt76 3 2 15 0 36.065063 36.067253 -117.758247 -117.752434
36.067253 -117.758247
36.066490 -117.756020
36.065063 -117.752434
> gmt77 4 2 15 0 36.067253 36.069798 -117.769455 -117.758247
36.067253 -117.758247
36.067890 -117.760529
36.068993 -117.765083
36.069798 -117.769455
> gmt78 5 2 15 0 36.055027 36.069798 -117.774864 -117.769455
36.069798 -117.769455
36.066475 -117.770615
36.062969 -117.772240
36.059780 -117.774094
36.055027 -117.774864
> gmt79 5 2 15 0 36.069798 36.072605 -117.800354 -117.769455
36.069798 -117.769455
36.070103 -117.773796
36.071075 -117.782104
36.071472 -117.789261
36.072605 -117.800354
> gmt80 6 2 15 0 36.073627 36.079620 -117.807816 -117.759911
36.073627 -117.759911
36.074066 -117.763878
36.074192 -117.772514
36.075542 -117.782265
36.077614 -117.793648
36.079620 -117.807816
> gmt81 4 2 15 0 36.066528 36.069221 -117.838417 -117.827415
36.066528 -117.827415
36.066814 -117.830269
36.067810 -117.833763
36.069221 -117.838417
> gmt82 5 2 15 0 36.063107 36.069138 -117.848495 -117.831970
36.063107 -117.831970
36.064236 -117.835121
36.065697 -117.839104
36.067131 -117.842995
36.069138 -117.848495
> gmt83 5 2 15 0 36.057259 36.067318 -117.857582 -117.834869
36.057259 -117.834869
36.058338 -117.837769
36.060921 -117.843613
36.062496 -117.848671
36.067318 -117.857582
> gmt84 8 2 15 0 36.055199 36.062500 -117.864647 -117.842232
36.055199 -117.842232
36.055939 -117.844254
36.058605 -117.847855
36.060314 -117.850800
36.061577 -117.855003
36.061718 -117.857948
36.061440 -117.860580
36.062500 -117.864647
> gmt85 10 2 15 0 36.026749 36.044601 -117.869675 -117.840179
36.026749 -117.840179
36.028057 -117.841698
36.028660 -117.843651
36.029137 -117.846611
36.030033 -117.849495
36.032497 -117.852516
36.036144 -117.857971
36.039982 -117.862289
36.042366 -117.865517
36.044601 -117.869675
> gmt86 3 2 15 0 36.044601 36.045773 -117.874741 -117.869675
36.044601 -117.869675
36.044754 -117.872063
36.045773 -117.874741
> gmt87 4 2 15 0 36.044601 36.051769 -117.870422 -117.869675
36.044601 -117.869675
36.046669 -117.870087
36.048450 -117.870071
36.051769 -117.870422
> gmt88 5 2 15 0 36.051769 36.056511 -117.883781 -117.870422
36.051769 -117.870422
36.052238 -117.872108
36.054192 -117.876541
36.055580 -117.881042
36.056511 -117.883781
> gmt89 3 2 15 0 36.051769 36.054661 -117.870422 -117.869926
36.051769 -117.870422
36.052547 -117.870361
36.054661 -117.869926
> gmt90 8 2 15 0 36.054661 36.069546 -117.906898 -117.869926
36.054661 -117.869926
36.055607 -117.871193
36.057312 -117.875069
36.060177 -117.881622
36.061855 -117.886429
36.064533 -117.894272
36.068092 -117.902870
36.069546 -117.906898
> gmt91 3 2 15 0 36.066746 36.069546 -117.907173 -117.906898
36.069546 -117.906898
36.068077 -117.906906
36.066746 -117.907173
> gmt92 5 2 15 0 36.069546 36.084400 -117.906898 -117.905144
36.069546 -117.906898
36.071465 -117.906647
36.075253 -117.906288
36.080986 -117.905708
36.084400 -117.905144
> gmt93 3 2 15 0 36.084400 36.088203 -117.905502 -117.904961
36.084400 -117.905144
36.086422 -117.904961
36.088203 -117.905502
> gmt94 6 2 15 0 36.079468 36.084400 -117.905144 -117.892342
36.084400 -117.905144
36.083332 -117.903252
36.082039 -117.900574
36.081337 -117.898064
36.080250 -117.894600
36.079468 -117.892342
> gmt95 6 2 15 0 36.065434 36.079468 -117.892975 -117.892014
36.079468 -117.892342
36.077003 -117.892578
36.073750 -117.892975
36.070770 -117.892792
36.068039 -117.892014
36.065434 -117.892036
> gmt96 6 2 15 0 36.077843 36.079468 -117.892342 -117.882553
36.079468 -117.892342
36.078960 -117.891006
36.078423 -117.889496
36.079060 -117.887848
36.078770 -117.886276
36.077843 -117.882553
> gmt97 3 2 15 0 36.054661 36.057941 -117.869926 -117.868134
36.054661 -117.869926
36.056313 -117.868698
36.057941 -117.868134
> gmt98 4 2 15 0 36.057941 36.062763 -117.880104 -117.868134
36.057941 -117.868134
36.059780 -117.872482
36.061295 -117.876427
36.062763 -117.880104
> gmt99 7 2 15 0 36.047276 36.057941 -117.868134 -117.853798
36.057941 -117.868134
36.057255 -117.866600
36.055637 -117.864532
36.053238 -117.862396
36.050510 -117.859833
36.047935 -117.856163
36.047276 -117.853798
> gmt100 16 2 15 0 36.071312 36.100586 -117.874863 -117.855644
36.071312 -117.874733
36.072510 -117.874863
36.073723 -117.874054
36.075703 -117.872437
36.077545 -117.870949
36.079910 -117.869080
36.081638 -117.868149
36.083687 -117.867188
36.086117 -117.866058
36.088493 -117.864998
36.090954 -117.864166
36.094040 -117.862907
36.095448 -117.861092
36.096207 -117.859467
36.097588 -117.857948
36.100586 -117.855644
> gmt101 6 2 15 0 36.087639 36.101242 -117.824516 -117.820137
36.101242 -117.824516
36.099968 -117.824219
36.098221 -117.823189
36.095760 -117.822548
36.092365 -117.821419
36.087639 -117.820137
> gmt102 8 2 15 0 36.086613 36.098362 -117.878754 -117.868828
36.086613 -117.878754
36.087463 -117.877800
36.089096 -117.875793
36.091179 -117.873863
36.092434 -117.872795
36.094547 -117.871292
36.096901 -117.869568
36.098362 -117.868828
> gmt103 5 2 15 0 36.090542 36.094536 -117.879990 -117.875824
36.090542 -117.879990
36.091412 -117.878822
36.092285 -117.878235
36.093857 -117.876694
36.094536 -117.875824
> gmt104 7 2 15 0 36.080750 36.121155 -117.893532 -117.882042
36.080750 -117.893532
36.083359 -117.892723
36.087280 -117.891884
36.093910 -117.890602
36.103134 -117.887108
36.112820 -117.883911
36.121155 -117.882042
> gmt105 7 2 15 0 36.082909 36.102180 -117.909126 -117.905373
36.082909 -117.909126
36.085972 -117.908478
36.089336 -117.908287
36.091496 -117.907928
36.096092 -117.906914
36.099300 -117.906097
36.102180 -117.905373
> gmt106 7 2 15 0 36.080334 36.097683 -117.914330 -117.910843
36.080334 -117.914330
36.083000 -117.913719
36.085087 -117.913437
36.087395 -117.913231
36.091076 -117.912598
36.095005 -117.911926
36.097683 -117.910843
> gmt107 6 2 15 0 36.093678 36.107681 -117.922859 -117.917892
36.093678 -117.922859
36.095917 -117.922234
36.098145 -117.921341
36.100574 -117.920341
36.103340 -117.919533
36.107681 -117.917892
> gmt108 5 2 15 0 36.107342 36.115883 -117.922935 -117.920067
36.107342 -117.922935
36.109127 -117.922554
36.111568 -117.921333
36.114311 -117.920769
36.115883 -117.920067
> gmt109 7 2 15 0 36.086845 36.110546 -117.897614 -117.889908
36.086845 -117.897614
36.090214 -117.896599
36.093571 -117.895256
36.097664 -117.893387
36.100895 -117.892281
36.104061 -117.890564
36.110546 -117.889908
> gmt110 3 2 15 0 36.075314 36.081264 -117.766609 -117.766251
36.075314 -117.766609
36.077087 -117.766533
36.081264 -117.766251
> gmt111 3 2 15 0 36.081104 36.089790 -117.767029 -117.766037
36.081104 -117.767029
36.083435 -117.766487
36.089790 -117.766037
> gmt112 3 2 15 0 36.076530 36.086819 -117.768837 -117.766769
36.076530 -117.768837
36.079971 -117.768181
36.086819 -117.766769
> gmt113 5 2 15 0 36.086567 36.107182 -117.768120 -117.764397
36.086567 -117.768120
36.090069 -117.767525
36.095425 -117.766762
36.100021 -117.765495
36.107182 -117.764397
> gmt114 6 2 15 0 36.077362 36.101097 -117.773727 -117.768883
36.077362 -117.773727
36.081711 -117.772842
36.086861 -117.772072
36.091583 -117.771553
36.097652 -117.769569
36.101097 -117.768883
> gmt115 6 2 15 0 36.107765 36.144051 -117.894974 -117.882629
36.107765 -117.894974
36.110466 -117.893448
36.115677 -117.891533
36.126831 -117.888191
36.136276 -117.884895
36.144051 -117.882629
> gmt116 6 2 15 0 36.114075 36.117344 -117.825272 -117.818802
36.114075 -117.818802
36.114761 -117.819725
36.115173 -117.820717
36.115814 -117.821945
36.116570 -117.823502
36.117344 -117.825272
> gmt117 7 2 15 0 36.104908 36.118954 -117.835434 -117.827133
36.104908 -117.835434
36.107822 -117.833977
36.109394 -117.832916
36.111748 -117.832016
36.113400 -117.831039
36.115997 -117.829315
36.118954 -117.827133
> gmt118 3 2 15 0 36.118954 36.121574 -117.827133 -117.825829
36.118954 -117.827133
36.120491 -117.826180
36.121574 -117.825829
> gmt119 5 2 15 0 36.118954 36.123524 -117.835808 -117.827133
36.118954 -117.827133
36.119492 -117.828316
36.120129 -117.829681
36.121784 -117.832558
36.123524 -117.835808
> gmt120 3 2 15 0 36.118279 36.119816 -117.842949 -117.837563
36.119816 -117.837563
36.119053 -117.839577
36.118279 -117.842949
> gmt121 3 2 15 0 36.119667 36.120819 -117.842308 -117.838326
36.119667 -117.842308
36.120205 -117.840401
36.120819 -117.838326
> gmt122 3 2 15 0 36.115334 36.117580 -117.854904 -117.846840
36.117580 -117.846840
36.116531 -117.850464
36.115334 -117.854904
> gmt123 3 2 15 0 36.116436 36.118500 -117.856064 -117.848282
36.116436 -117.856064
36.117577 -117.851982
36.118500 -117.848282
> gmt124 6 2 15 0 36.121456 36.149811 -117.880234 -117.869644
36.121456 -117.880234
36.125248 -117.879326
36.129726 -117.877640
36.133915 -117.876427
36.139805 -117.874275
36.149811 -117.869644
> gmt125 5 2 15 0 36.124866 36.140629 -117.874565 -117.870094
36.124866 -117.874565
36.127567 -117.873749
36.130844 -117.872475
36.134102 -117.871201
36.140629 -117.870094
> gmt126 3 2 15 0 36.149014 36.151798 -117.880417 -117.873535
36.149014 -117.880417
36.150059 -117.877853
36.151798 -117.873535
> gmt127 6 2 15 0 36.152916 36.164490 -117.873352 -117.814156
36.152916 -117.873352
36.154713 -117.869102
36.156635 -117.862984
36.161655 -117.843605
36.163357 -117.827538
36.164490 -117.814156
> gmt128 3 2 15 0 36.164005 36.164490 -117.814156 -117.800224
36.164490 -117.814156
36.164192 -117.810318
36.164005 -117.800224
> gmt129 4 2 15 0 36.164490 36.165604 -117.814156 -117.798157
36.165604 -117.798157
36.165588 -117.803734
36.165302 -117.808823
36.164490 -117.814156
> gmt130 4 2 15 0 36.149567 36.154556 -117.850334 -117.830200
36.154556 -117.830200
36.153835 -117.833168
36.152157 -117.841270
36.149567 -117.850334
> gmt131 4 2 15 0 36.147232 36.149689 -117.850334 -117.836555
36.149567 -117.850334
36.149689 -117.847359
36.148899 -117.842361
36.147232 -117.836555
> gmt132 3 2 15 0 36.142349 36.146950 -117.856476 -117.844658
36.146950 -117.844658
36.143543 -117.853340
36.142349 -117.856476
> gmt134 3 2 15 0 36.136242 36.139179 -117.860146 -117.859337
36.139179 -117.859337
36.137417 -117.859688
36.136242 -117.860146
> gmt135 6 2 15 0 36.119320 36.136242 -117.863480 -117.860146
36.136242 -117.860146
36.133236 -117.860664
36.131065 -117.861382
36.127304 -117.862396
36.121429 -117.863312
36.119320 -117.863480
> gmt136 3 2 15 0 36.111923 36.119320 -117.863480 -117.863052
36.119320 -117.863480
36.117264 -117.863235
36.111923 -117.863052
> gmt137 3 2 15 0 36.119320 36.121719 -117.863480 -117.856392
36.119320 -117.863480
36.120148 -117.860664
36.121719 -117.856392
> gmt138 5 2 15 0 36.112846 36.128620 -117.859924 -117.851883
36.112846 -117.859924
36.116871 -117.858047
36.120548 -117.856354
36.125309 -117.853394
36.128620 -117.851883
> gmt133 3 2 15 0 36.139446 36.143269 -117.859299 -117.858490
36.143269 -117.858490
36.141483 -117.859009
36.139446 -117.859299
> gmt133 2 2 15 0 36.139179 36.139446 -117.859337 -117.859299
36.139446 -117.859299
36.139179 -117.859337
> gmt139 4 2 15 0 36.139446 36.142906 -117.859299 -117.850365
36.139446 -117.859299
36.139996 -117.857925
36.140919 -117.855133
36.142906 -117.850365
> gmt140 4 2 15 0 36.136242 36.140221 -117.860146 -117.849068
36.136242 -117.860146
36.136959 -117.857864
36.138763 -117.854347
36.140221 -117.849068
> gmt141 3 2 15 0 36.140221 36.143127 -117.849068 -117.848656
36.140221 -117.849068
36.141476 -117.848770
36.143127 -117.848656
> gmt142 3 2 15 0 36.139648 36.140221 -117.849083 -117.849068
36.140221 -117.849068
36.139885 -117.849083
36.139648 -117.849083
> gmt143 6 2 15 0 36.139648 36.143349 -117.849083 -117.833000
36.139648 -117.849083
36.139885 -117.848320
36.140434 -117.846069
36.141674 -117.841736
36.142532 -117.837128
36.143349 -117.833000
> gmt144 3 2 15 0 36.138493 36.139648 -117.849533 -117.849083
36.139648 -117.849083
36.139114 -117.849106
36.138493 -117.849533
> gmt145 5 2 15 0 36.135319 36.138493 -117.858536 -117.849533
36.138493 -117.849533
36.137699 -117.851349
36.136608 -117.854469
36.135708 -117.856667
36.135319 -117.858536
> gmt146 6 2 15 0 36.132324 36.138493 -117.851570 -117.849533
36.138493 -117.849533
36.137939 -117.849754
36.136581 -117.850090
36.135361 -117.850670
36.133747 -117.850983
36.132324 -117.851570
> gmt147 3 2 15 0 36.131584 36.132324 -117.853622 -117.851570
36.132324 -117.851570
36.132088 -117.852112
36.131584 -117.853622
> gmt148 3 2 15 0 36.132324 36.133686 -117.851570 -117.844902
36.132324 -117.851570
36.132668 -117.849236
36.133686 -117.844902
> gmt149 4 2 15 0 36.130909 36.133259 -117.860352 -117.852898
36.133259 -117.852898
36.132790 -117.854912
36.131710 -117.857742
36.130909 -117.860352
> gmt150 4 2 15 0 36.128075 36.130779 -117.860878 -117.854454
36.128075 -117.860878
36.129028 -117.859100
36.129620 -117.857071
36.130779 -117.854454
> gmt151 3 2 15 0 36.127186 36.129608 -117.859810 -117.852928
36.129608 -117.852928
36.128315 -117.855804
36.127186 -117.859810
> gmt152 3 2 15 0 36.118710 36.120670 -117.854996 -117.847862
36.118710 -117.854996
36.119236 -117.852829
36.120670 -117.847862
> gmt153 3 2 15 0 36.120583 36.123104 -117.846855 -117.837532
36.120583 -117.846855
36.121529 -117.843887
36.123104 -117.837532
> gmt154 3 2 15 0 36.119331 36.121758 -117.855026 -117.846603
36.121758 -117.846603
36.120880 -117.848824
36.119331 -117.855026
> gmt155 4 2 15 0 36.121796 36.124699 -117.852554 -117.839790
36.121796 -117.852554
36.122417 -117.848732
36.123287 -117.844841
36.124699 -117.839790
> gmt156 3 2 15 0 36.125450 36.126705 -117.837532 -117.832779
36.125450 -117.837532
36.125816 -117.835976
36.126705 -117.832779
> gmt157 4 2 15 0 36.127113 36.127499 -117.827835 -117.819870
36.127113 -117.827835
36.127403 -117.824654
36.127499 -117.822845
36.127350 -117.819870
> gmt158 4 2 15 0 36.123486 36.126659 -117.846405 -117.836800
36.123486 -117.846405
36.124271 -117.844040
36.125351 -117.840851
36.126659 -117.836800
> gmt159 4 2 15 0 36.127892 36.128757 -117.849205 -117.842041
36.127892 -117.849205
36.128273 -117.846863
36.128643 -117.842911
36.128757 -117.842041
> gmt160 9 2 15 0 36.082581 36.106709 -117.791092 -117.782913
36.082581 -117.791092
36.084064 -117.789795
36.085976 -117.788429
36.088520 -117.786446
36.091663 -117.784485
36.094532 -117.783691
36.098476 -117.783325
36.102543 -117.782913
36.106709 -117.783478
> gmt161 4 2 15 0 36.106709 36.118469 -117.789101 -117.783478
36.106709 -117.783478
36.110271 -117.784737
36.115021 -117.787376
36.118469 -117.789101
> gmt162 4 2 15 0 36.118469 36.120296 -117.795517 -117.789101
36.118469 -117.789101
36.119053 -117.790367
36.119446 -117.792305
36.120296 -117.795517
> gmt163 3 2 15 0 36.117970 36.118469 -117.789101 -117.787086
36.118469 -117.789101
36.118347 -117.788269
36.117970 -117.787086
> gmt164 6 2 15 0 36.117970 36.142311 -117.787086 -117.778664
36.117970 -117.787086
36.123360 -117.784401
36.132660 -117.782173
36.135880 -117.781258
36.137428 -117.780235
36.142311 -117.778664
> gmt165 5 2 15 0 36.115829 36.117970 -117.787086 -117.779457
36.117970 -117.787086
36.117611 -117.785889
36.117161 -117.784019
36.116604 -117.781639
36.115829 -117.779457
> gmt166 3 2 15 0 36.106945 36.115829 -117.783661 -117.779457
36.115829 -117.779457
36.110100 -117.781479
36.106945 -117.783661
> gmt167 6 2 15 0 36.115829 36.137886 -117.779457 -117.774162
36.115829 -117.779457
36.117889 -117.777824
36.120308 -117.776794
36.126884 -117.775314
36.133873 -117.774689
36.137886 -117.774162
> gmt168 5 2 15 0 36.104477 36.124561 -117.772667 -117.768799
36.104477 -117.772667
36.106758 -117.772415
36.110031 -117.771919
36.119354 -117.769562
36.124561 -117.768799
> gmt169 3 2 15 0 36.124561 36.133507 -117.768799 -117.767639
36.124561 -117.768799
36.129036 -117.768127
36.133507 -117.767639
> gmt170 5 2 15 0 36.124554 36.127892 -117.768799 -117.759659
36.124561 -117.768799
36.124554 -117.767242
36.124744 -117.764229
36.126286 -117.761604
36.127892 -117.759659
> gmt171 3 2 15 0 36.125996 36.127892 -117.759659 -117.759491
36.127892 -117.759659
36.126705 -117.759552
36.125996 -117.759491
> gmt172 3 2 15 0 36.127892 36.128906 -117.759766 -117.759659
36.127892 -117.759659
36.128345 -117.759766
36.128906 -117.759743
> gmt173 3 2 15 0 36.128906 36.130760 -117.759995 -117.759743
36.128906 -117.759743
36.129810 -117.759918
36.130760 -117.759995
> gmt174 7 2 15 0 36.130760 36.148228 -117.760078 -117.755455
36.130760 -117.759995
36.132027 -117.760078
36.135166 -117.758957
36.138672 -117.757492
36.142681 -117.755936
36.145329 -117.755455
36.148228 -117.755707
> gmt175 4 2 15 0 36.130760 36.135876 -117.759995 -117.754356
36.130760 -117.759995
36.132072 -117.758507
36.133816 -117.756493
36.135876 -117.754356
> gmt176 5 2 15 0 36.128906 36.135876 -117.759743 -117.754356
36.135876 -117.754356
36.134003 -117.755020
36.131660 -117.756897
36.129601 -117.758362
36.128906 -117.759743
> gmt177 9 2 15 0 36.135632 36.157387 -117.754509 -117.740616
36.135632 -117.754509
36.137001 -117.753021
36.138626 -117.751579
36.143131 -117.747780
36.146683 -117.745399
36.149525 -117.743240
36.151749 -117.742142
36.156631 -117.740623
36.157387 -117.740616
> gmt178 3 2 15 0 36.157387 36.159466 -117.740616 -117.740318
36.157387 -117.740616
36.158527 -117.740318
36.159466 -117.740463
> gmt179 11 2 15 0 36.138229 36.157387 -117.740616 -117.715965
36.157387 -117.740616
36.156940 -117.739319
36.155388 -117.736992
36.152336 -117.733665
36.150288 -117.731003
36.149017 -117.729034
36.146427 -117.725784
36.143406 -117.722816
36.141167 -117.720291
36.139343 -117.717751
36.138229 -117.715965
> gmt180 4 2 15 0 36.101021 36.114227 -117.763321 -117.760780
36.101021 -117.763321
36.104511 -117.762939
36.107288 -117.762131
36.114227 -117.760780
> gmt181 6 2 15 0 36.098446 36.104065 -117.760155 -117.750160
36.104065 -117.760155
36.103130 -117.759521
36.101078 -117.757370
36.099819 -117.754906
36.099003 -117.752762
36.098446 -117.750160
> gmt182 4 2 15 0 36.112530 36.121544 -117.751785 -117.748093
36.121544 -117.751785
36.119164 -117.750755
36.116051 -117.749825
36.112530 -117.748093
> gmt183 4 2 15 0 36.111298 36.122257 -117.745979 -117.743790
36.122257 -117.745979
36.119659 -117.745476
36.114784 -117.744446
36.111298 -117.743790
> gmt184 11 2 15 0 36.114590 36.140682 -117.741959 -117.738403
36.140682 -117.738403
36.138176 -117.738510
36.133995 -117.739517
36.131371 -117.740837
36.128017 -117.741333
36.126133 -117.740494
36.124470 -117.741051
36.123127 -117.741814
36.120201 -117.741959
36.117210 -117.741753
36.114590 -117.740944
> gmt185 6 2 15 0 36.096634 36.129757 -117.736931 -117.722191
36.129757 -117.722191
36.124908 -117.724571
36.115776 -117.727997
36.108574 -117.731056
36.099392 -117.736031
36.096634 -117.736931
> gmt186 5 2 15 0 36.096634 36.111629 -117.742378 -117.736931
36.096634 -117.736931
36.099716 -117.737961
36.104805 -117.739464
36.108662 -117.740944
36.111629 -117.742378
> gmt187 3 2 15 0 36.095104 36.096634 -117.736931 -117.735977
36.096634 -117.736931
36.095993 -117.736443
36.095104 -117.735977
> gmt188 3 2 15 0 36.095104 36.096741 -117.735977 -117.734612
36.095104 -117.735977
36.095917 -117.735313
36.096741 -117.734612
> gmt189 3 2 15 0 36.093414 36.095104 -117.737473 -117.735977
36.095104 -117.735977
36.094093 -117.736794
36.093414 -117.737473
> gmt190 4 2 15 0 36.093414 36.098415 -117.739578 -117.737473
36.093414 -117.737473
36.095032 -117.737564
36.096428 -117.738289
36.098415 -117.739578
> gmt191 3 2 15 0 36.098415 36.100292 -117.741219 -117.739578
36.098415 -117.739578
36.099789 -117.740646
36.100292 -117.741219
> gmt192 3 2 15 0 36.094929 36.098415 -117.742317 -117.739578
36.098415 -117.739578
36.096062 -117.741295
36.094929 -117.742317
> gmt193 4 2 15 0 36.089840 36.093414 -117.740257 -117.737473
36.093414 -117.737473
36.092567 -117.738091
36.091515 -117.738960
36.089840 -117.740257
> gmt194 3 2 15 0 36.085815 36.089840 -117.743362 -117.740257
36.089840 -117.740257
36.088913 -117.741104
36.085815 -117.743362
> gmt195 4 2 15 0 36.089840 36.097866 -117.746460 -117.740257
36.089840 -117.740257
36.091949 -117.741676
36.094776 -117.743896
36.097866 -117.746460
> gmt196 5 2 15 0 36.095406 36.121143 -117.732018 -117.720467
36.121143 -117.720467
36.115471 -117.723534
36.109341 -117.725891
36.103336 -117.730042
36.095406 -117.732018
> gmt197 4 2 15 0 36.095406 36.105190 -117.732018 -117.724342
36.095406 -117.732018
36.098652 -117.729225
36.102600 -117.726219
36.105190 -117.724342
> gmt198 3 2 15 0 36.091644 36.095406 -117.735817 -117.732018
36.095406 -117.732018
36.093006 -117.734383
36.091644 -117.735817
> gmt199 3 2 15 0 36.089386 36.091644 -117.737877 -117.735817
36.091644 -117.735817
36.090561 -117.736702
36.089386 -117.737877
> gmt200 3 2 15 0 36.081711 36.089386 -117.740814 -117.737877
36.089386 -117.737877
36.087326 -117.738899
36.081711 -117.740814
> gmt201 6 2 15 0 36.066811 36.089386 -117.737877 -117.728935
36.089386 -117.737877
36.084072 -117.735153
36.078793 -117.732376
36.074089 -117.731392
36.070118 -117.730049
36.066811 -117.728935
> gmt202 5 2 15 0 36.074501 36.091644 -117.735817 -117.728416
36.091644 -117.735817
36.087475 -117.733849
36.084110 -117.732918
36.081562 -117.731735
36.074501 -117.728416
> gmt203 4 2 15 0 36.059799 36.074501 -117.728416 -117.724701
36.074501 -117.728416
36.071171 -117.727730
36.067223 -117.727142
36.059799 -117.724701
> gmt204 7 2 15 0 36.074501 36.109993 -117.729042 -117.718361
36.074501 -117.728416
36.077480 -117.729042
36.080971 -117.729019
36.086407 -117.727173
36.094532 -117.723892
36.102512 -117.721001
36.109993 -117.718361
> gmt205 5 2 15 0 36.080231 36.101303 -117.730492 -117.726158
36.101303 -117.726158
36.094952 -117.727814
36.087204 -117.729385
36.083282 -117.730103
36.080231 -117.730492
> gmt206 7 2 15 0 36.066254 36.079742 -117.736801 -117.733704
36.079742 -117.736801
36.078716 -117.736069
36.076664 -117.734810
36.075050 -117.734512
36.073021 -117.733704
36.068233 -117.733917
36.066254 -117.733986
> gmt207 10 2 15 0 36.057449 36.080006 -117.735039 -117.729774
36.057449 -117.729774
36.059296 -117.730659
36.062668 -117.732262
36.065029 -117.733025
36.067219 -117.733047
36.069149 -117.732964
36.071857 -117.733101
36.074341 -117.733017
36.078033 -117.733498
36.080006 -117.735039
> gmt208 3 2 15 0 36.059048 36.066193 -117.722618 -117.721161
36.066193 -117.722618
36.062786 -117.722084
36.059048 -117.721161
> gmt209 7 2 15 0 36.043980 36.059113 -117.722176 -117.714050
36.059113 -117.722176
36.057198 -117.721069
36.054512 -117.719818
36.051895 -117.718292
36.048775 -117.716339
36.045998 -117.715103
36.043980 -117.714050
> gmt210 3 2 15 0 36.043980 36.047775 -117.714386 -117.713669
36.043980 -117.714050
36.045574 -117.713669
36.047775 -117.714386
> gmt211 5 2 15 0 36.032837 36.043777 -117.717880 -117.713867
36.043777 -117.713867
36.041302 -117.714302
36.036171 -117.716042
36.034027 -117.717026
36.032837 -117.717880
> gmt212 4 2 15 0 36.047787 36.053444 -117.727837 -117.723343
36.053444 -117.727837
36.052135 -117.726700
36.050793 -117.725441
36.047787 -117.723343
> gmt213 3 2 15 0 36.045753 36.047787 -117.723473 -117.723244
36.047787 -117.723343
36.047009 -117.723244
36.045753 -117.723473
> gmt214 3 2 15 0 36.047787 36.048904 -117.723343 -117.723099
36.047787 -117.723343
36.048328 -117.723289
36.048904 -117.723099
> gmt215 3 2 15 0 36.048904 36.053146 -117.725235 -117.723099
36.048904 -117.723099
36.050621 -117.723732
36.053146 -117.725235
> gmt216 3 2 15 0 36.049141 36.050793 -117.723129 -117.723022
36.049141 -117.723114
36.050316 -117.723129
36.050793 -117.723022
> gmt217 3 2 15 0 36.050793 36.055172 -117.723618 -117.723022
36.050793 -117.723022
36.053249 -117.723396
36.055172 -117.723618
> gmt218 9 2 15 0 36.027897 36.050793 -117.723022 -117.719749
36.050793 -117.723022
36.050316 -117.722565
36.049099 -117.722015
36.047272 -117.721115
36.044373 -117.720337
36.040134 -117.720367
36.034332 -117.720116
36.030392 -117.719749
36.027897 -117.720612
> gmt219 4 2 15 0 36.055481 36.069851 -117.750908 -117.740120
36.069851 -117.750908
36.065952 -117.748306
36.059750 -117.743896
36.055481 -117.740120
> gmt220 5 2 15 0 36.042202 36.056107 -117.738762 -117.725426
36.056107 -117.738762
36.053829 -117.736938
36.049004 -117.733521
36.045345 -117.728989
36.042202 -117.725426
> gmt221 3 2 15 0 36.036160 36.042202 -117.731163 -117.725426
36.042202 -117.725426
36.039291 -117.728638
36.036160 -117.731163
> gmt222 3 2 15 0 36.036160 36.038086 -117.732773 -117.731163
36.036160 -117.731163
36.036846 -117.732056
36.038086 -117.732773
> gmt223 3 2 15 0 36.038086 36.039722 -117.733665 -117.732773
36.038086 -117.732773
36.039032 -117.733208
36.039722 -117.733665
> gmt224 3 2 15 0 36.035164 36.039722 -117.735924 -117.733665
36.039722 -117.733665
36.036282 -117.735474
36.035164 -117.735924
> gmt225 5 2 15 0 36.031616 36.038086 -117.741356 -117.732773
36.038086 -117.732773
36.037292 -117.733437
36.034916 -117.735405
36.033783 -117.737434
36.031616 -117.741356
> gmt226 4 2 15 0 36.036160 36.042202 -117.731163 -117.725426
36.036160 -117.731163
36.037594 -117.729958
36.039745 -117.728134
36.042202 -117.725426
> gmt227 3 2 15 0 36.038910 36.042202 -117.725426 -117.723213
36.042202 -117.725426
36.041157 -117.724503
36.038910 -117.723213
> gmt228 3 2 15 0 36.036304 36.038910 -117.723213 -117.722588
36.038910 -117.723213
36.038067 -117.722816
36.036304 -117.722588
> gmt229 4 2 15 0 36.027729 36.038910 -117.724693 -117.723213
36.038910 -117.723213
36.036594 -117.723686
36.032688 -117.724220
36.027729 -117.724693
> gmt230 17 2 15 0 35.995193 36.036160 -117.731163 -117.725197
36.036160 -117.731163
36.035358 -117.730209
36.032845 -117.728714
36.030373 -117.728127
36.027267 -117.727753
36.024433 -117.727905
36.020943 -117.728271
36.017532 -117.728508
36.015038 -117.728355
36.012825 -117.728104
36.008400 -117.727280
36.006042 -117.726929
36.004261 -117.726143
36.001858 -117.725502
35.998989 -117.725281
35.996052 -117.725197
35.995193 -117.725494
> gmt231 7 2 15 0 36.039722 36.050880 -117.737595 -117.733665
36.039722 -117.733665
36.040497 -117.734077
36.042145 -117.735184
36.044392 -117.735916
36.047020 -117.736557
36.049107 -117.737053
36.050880 -117.737595
> gmt232 4 2 15 0 36.033440 36.036835 -117.734612 -117.731850
36.036835 -117.731850
36.036076 -117.732368
36.034424 -117.733780
36.033440 -117.734612
> gmt233 3 2 15 0 36.032291 36.033440 -117.737160 -117.734612
36.033440 -117.734612
36.032555 -117.736450
36.032291 -117.737160
> gmt234 3 2 15 0 36.026505 36.032291 -117.744789 -117.737160
36.032291 -117.737160
36.030357 -117.740135
36.026505 -117.744789
> gmt235 3 2 15 0 36.028877 36.032291 -117.739563 -117.737160
36.032291 -117.737160
36.031185 -117.737686
36.028877 -117.739563
> gmt236 3 2 15 0 36.023205 36.028877 -117.740669 -117.739456
36.028877 -117.739563
36.027794 -117.739456
36.023205 -117.740669
> gmt237 3 2 15 0 36.024853 36.028877 -117.741989 -117.739563
36.028877 -117.739563
36.026943 -117.740761
36.024853 -117.741989
> gmt238 3 2 15 0 36.029572 36.033440 -117.737579 -117.734612
36.033440 -117.734612
36.032524 -117.735146
36.029572 -117.737579
> gmt239 4 2 15 0 36.027122 36.036160 -117.736519 -117.731163
36.036160 -117.731163
36.035263 -117.731758
36.032677 -117.733620
36.027122 -117.736519
> gmt240 4 2 15 0 36.031387 36.040562 -117.745018 -117.742340
36.040562 -117.745018
36.039074 -117.744476
36.035622 -117.743530
36.031387 -117.742340
> gmt241 8 2 15 0 36.040668 36.063667 -117.717613 -117.709282
36.063667 -117.717613
36.061737 -117.716705
36.059109 -117.715240
36.055840 -117.713387
36.053020 -117.711266
36.049816 -117.709282
36.046261 -117.709877
36.040668 -117.710930
> gmt242 3 2 15 0 36.036388 36.040668 -117.710930 -117.710648
36.040668 -117.710930
36.038940 -117.710648
36.036388 -117.710800
> gmt243 3 2 15 0 36.032593 36.036388 -117.711281 -117.710800
36.036388 -117.710800
36.034920 -117.710876
36.032593 -117.711281
> gmt244 7 2 15 0 36.028381 36.040035 -117.716118 -117.710831
36.040035 -117.710831
36.038170 -117.712196
36.036358 -117.713844
36.034256 -117.715073
36.032345 -117.716118
36.030098 -117.715912
36.028381 -117.715981
> gmt245 7 2 15 0 36.002396 36.028381 -117.716743 -117.715981
36.028381 -117.715981
36.025093 -117.716553
36.022034 -117.716576
36.016739 -117.716743
36.012562 -117.716286
36.008068 -117.716393
36.002396 -117.716148
> gmt246 4 2 15 0 35.998627 36.002396 -117.716927 -117.716148
36.002396 -117.716148
36.001312 -117.716675
35.999699 -117.716927
35.998627 -117.716454
> gmt247 9 2 15 0 36.002396 36.021862 -117.716148 -117.712585
36.002396 -117.716148
36.003731 -117.715530
36.006207 -117.714432
36.009022 -117.713028
36.012062 -117.712585
36.015007 -117.712936
36.017052 -117.714073
36.019207 -117.714310
36.021862 -117.713699
> gmt248 3 2 15 0 36.020699 36.021862 -117.713699 -117.713326
36.021862 -117.713699
36.021084 -117.713455
36.020699 -117.713326
> gmt249 3 2 15 0 36.021862 36.023907 -117.713699 -117.712944
36.021862 -117.713699
36.022404 -117.713394
36.023907 -117.712944
> gmt250 5 2 15 0 36.022099 36.028381 -117.715981 -117.714058
36.022099 -117.714058
36.023697 -117.714584
36.025257 -117.714844
36.026646 -117.715309
36.028381 -117.715981
> gmt251 5 2 15 0 36.036388 36.044106 -117.710800 -117.705307
36.036388 -117.710800
36.038368 -117.709686
36.040359 -117.707626
36.042046 -117.706268
36.044106 -117.705307
> gmt252 3 2 15 0 35.997437 35.999672 -117.718864 -117.717705
35.999672 -117.717705
35.998566 -117.718048
35.997437 -117.718864
> gmt253 6 2 15 0 35.978233 35.997437 -117.725334 -117.718864
35.997437 -117.718864
35.995884 -117.720062
35.992966 -117.721817
35.990005 -117.722939
35.986412 -117.723549
35.978233 -117.725334
> gmt254 4 2 15 0 35.989838 35.997437 -117.719788 -117.718292
35.997437 -117.718864
35.994587 -117.719643
35.992760 -117.719788
35.989838 -117.718292
> gmt255 9 2 15 0 36.018826 36.031113 -117.712692 -117.710571
36.031113 -117.712692
36.029453 -117.712219
36.026531 -117.711678
36.024429 -117.711014
36.022648 -117.710571
36.020828 -117.710701
36.019733 -117.711243
36.018860 -117.712097
36.018826 -117.712151
> gmt256 3 2 15 0 36.044281 36.047768 -117.707497 -117.707291
36.044281 -117.707352
36.045963 -117.707497
36.047768 -117.707291
> gmt257 3 2 15 0 36.047768 36.052505 -117.709244 -117.707291
36.047768 -117.707291
36.050304 -117.708397
36.052505 -117.709244
> gmt258 6 2 15 0 36.047768 36.060944 -117.707291 -117.702950
36.047768 -117.707291
36.049362 -117.706589
36.052593 -117.705894
36.055531 -117.705490
36.057915 -117.704880
36.060944 -117.702950
> gmt259 11 2 15 0 36.035858 36.058914 -117.706345 -117.692627
36.058914 -117.692627
36.057198 -117.693451
36.054913 -117.694519
36.052437 -117.695526
36.049217 -117.696953
36.045788 -117.699631
36.043659 -117.701233
36.040993 -117.702759
36.039173 -117.703835
36.036583 -117.705406
36.035858 -117.706345
> gmt260 8 2 15 0 36.019104 36.035858 -117.710190 -117.706345
36.035858 -117.706345
36.032570 -117.706985
36.028458 -117.707451
36.026165 -117.707825
36.024563 -117.707817
36.023239 -117.707855
36.022011 -117.708527
36.019104 -117.710190
> gmt261 8 2 15 0 36.022434 36.035858 -117.709793 -117.706345
36.022434 -117.709656
36.023891 -117.709785
36.025665 -117.709770
36.028000 -117.709793
36.030418 -117.709473
36.032814 -117.708984
36.034252 -117.708023
36.035858 -117.706345
> gmt262 12 2 15 0 36.011791 36.028629 -117.708496 -117.702789
36.011791 -117.708099
36.013111 -117.708275
36.014465 -117.708473
36.016476 -117.708496
36.018204 -117.707855
36.019394 -117.707222
36.020817 -117.706558
36.022129 -117.706154
36.023548 -117.705795
36.025032 -117.705109
36.026436 -117.704308
36.028629 -117.702789
> gmt263 3 2 15 0 36.028629 36.030762 -117.703941 -117.702789
36.028629 -117.702789
36.029438 -117.703201
36.030762 -117.703941
> gmt264 7 2 15 0 36.016846 36.028629 -117.704605 -117.702461
36.028629 -117.702789
36.026970 -117.702461
36.025116 -117.702553
36.023342 -117.702637
36.021366 -117.703300
36.019817 -117.703773
36.016846 -117.704605
> gmt265 11 2 15 0 36.010006 36.024773 -117.708183 -117.704124
36.010006 -117.708183
36.010731 -117.707649
36.012234 -117.706970
36.013783 -117.706398
36.015388 -117.706238
36.016899 -117.706314
36.018333 -117.706161
36.020229 -117.706039
36.021278 -117.705757
36.022659 -117.705070
36.024773 -117.704124
> gmt266 15 2 15 0 36.031097 36.046513 -117.705254 -117.694115
36.031097 -117.705254
36.032112 -117.704422
36.032421 -117.703842
36.033108 -117.703232
36.034039 -117.702713
36.035259 -117.702248
36.036297 -117.702156
36.037224 -117.701645
36.038208 -117.701080
36.039272 -117.700386
36.040379 -117.699753
36.041294 -117.699036
36.042202 -117.697823
36.043911 -117.696053
36.046513 -117.694115
> gmt267 13 2 15 0 36.030899 36.060238 -117.698242 -117.690392
36.060238 -117.691559
36.056614 -117.691208
36.053429 -117.691734
36.050877 -117.691818
36.048290 -117.691872
36.046261 -117.691269
36.044861 -117.690552
36.043461 -117.690392
36.041859 -117.690773
36.040096 -117.691536
36.036385 -117.693260
36.034214 -117.695206
36.030899 -117.698242
> gmt268 9 2 15 0 36.049629 36.065166 -117.690247 -117.685638
36.065166 -117.685638
36.063522 -117.687424
36.061184 -117.688858
36.059170 -117.689613
36.057262 -117.690132
36.055298 -117.690247
36.053715 -117.690094
36.051411 -117.690025
36.049629 -117.689758
> gmt269 3 2 15 0 36.049629 36.050682 -117.689758 -117.688957
36.049629 -117.689758
36.050533 -117.689247
36.050682 -117.688957
> gmt270 6 2 15 0 36.050682 36.059288 -117.688957 -117.682297
36.050682 -117.688957
36.051338 -117.688469
36.052715 -117.687447
36.054085 -117.686272
36.055126 -117.685310
36.059288 -117.682297
> gmt271 4 2 15 0 36.046921 36.050682 -117.688957 -117.688660
36.050682 -117.688957
36.048943 -117.688721
36.047543 -117.688843
36.046921 -117.688660
> gmt272 4 2 15 0 36.046921 36.050282 -117.688660 -117.685577
36.046921 -117.688660
36.047611 -117.687843
36.048653 -117.687042
36.050282 -117.685577
> gmt273 6 2 15 0 36.050282 36.059887 -117.685577 -117.678688
36.050282 -117.685577
36.052429 -117.684822
36.054272 -117.684013
36.055779 -117.682236
36.057522 -117.680580
36.059887 -117.678688
> gmt274 5 2 15 0 36.059887 36.066875 -117.678688 -117.678215
36.059887 -117.678688
36.061852 -117.678215
36.063694 -117.678223
36.065193 -117.678268
36.066875 -117.678375
> gmt275 6 2 15 0 36.042057 36.050282 -117.687866 -117.685577
36.050282 -117.685577
36.048046 -117.685921
36.046837 -117.686310
36.045582 -117.686745
36.043877 -117.687401
36.042057 -117.687866
> gmt276 4 2 15 0 36.042057 36.046921 -117.688660 -117.687866
36.042057 -117.687866
36.043163 -117.688263
36.044643 -117.688477
36.046921 -117.688660
> gmt277 17 2 15 0 36.023235 36.042057 -117.697838 -117.687866
36.042057 -117.687866
36.040295 -117.688843
36.037975 -117.689667
36.035770 -117.690514
36.034470 -117.691162
36.032829 -117.693184
36.032036 -117.694626
36.031105 -117.695953
36.030178 -117.696770
36.029079 -117.697403
36.028198 -117.697731
36.027126 -117.697838
36.026020 -117.697472
36.025211 -117.697212
36.024342 -117.697075
36.023731 -117.696983
36.023235 -117.697021
> gmt278 8 2 15 0 36.013149 36.023235 -117.697762 -117.696968
36.023235 -117.697021
36.021980 -117.697075
36.020748 -117.697052
36.019451 -117.697029
36.017723 -117.696968
36.016422 -117.697113
36.015282 -117.697220
36.013149 -117.697762
> gmt279 4 2 15 0 36.022987 36.025856 -117.697075 -117.695229
36.022987 -117.697075
36.023663 -117.696663
36.024117 -117.696121
36.025856 -117.695229
> gmt280 7 2 1 0 36.024654 36.032593 -117.694214 -117.693398
36.032593 -117.693741
36.031631 -117.693901
36.030128 -117.694214
36.028965 -117.694054
36.027939 -117.693626
36.026493 -117.693398
36.024654 -117.693420
