>
31.3926 -115.7265
31.3997 -115.7637
31.4026 -115.7868
31.4093 -115.8183
31.4108 -115.8432
31.4182 -115.8806
> 
31.4076 -115.8515
31.4158 -115.8916
31.4219 -115.9267
31.4311 -115.9705
31.4385 -115.9994
> 
31.4269 -115.9580
31.4314 -115.9980
31.4360 -116.0260
31.4365 -116.0578
31.4376 -116.0765
31.4446 -116.1067
31.4494 -116.1246
> 
31.4708 -116.1658
31.4757 -116.1956
31.4804 -116.2276
31.4885 -116.2573
31.4963 -116.2799
31.4996 -116.2920
31.5135 -116.3108
31.5225 -116.3305
31.5307 -116.3565
31.5423 -116.3865
31.5531 -116.4144
31.5588 -116.4402
31.5622 -116.4542
31.5637 -116.4718
31.5678 -116.4966
31.5725 -116.5190
31.5761 -116.5370
> 
31.5084 -116.2826
31.5258 -116.3158
31.5463 -116.3450
31.5620 -116.3788
31.5732 -116.4031
31.5852 -116.4264
31.6122 -116.4719
31.6292 -116.5075
31.6462 -116.5445
31.6604 -116.5711
31.6776 -116.6073
> 
31.5762 -116.4141
31.5813 -116.4529
31.5864 -116.4901
31.5921 -116.5186
31.5979 -116.5319
31.6026 -116.5531
31.6136 -116.5809
31.6221 -116.6018
31.6316 -116.6160
31.6488 -116.6421
> 
31.7503 -116.7296
31.7347 -116.6978
31.7195 -116.6674
31.7024 -116.6426
31.6878 -116.6250
31.6761 -116.6071
31.6636 -116.5803
31.6529 -116.5618
31.6407 -116.5321
> 
31.3926 -115.7265
31.3997 -115.7637
31.4026 -115.7868
31.4093 -115.8183
31.4108 -115.8432
31.4182 -115.8806
> 
31.4076 -115.8515
31.4158 -115.8916
31.4219 -115.9267
31.4311 -115.9705
31.4385 -115.9994
> 
31.4269 -115.9580
31.4314 -115.9980
31.4360 -116.0260
31.4365 -116.0578
31.4376 -116.0765
31.4446 -116.1067
31.4494 -116.1246
> 
31.4708 -116.1658
31.4757 -116.1956
31.4804 -116.2276
31.4885 -116.2573
31.4963 -116.2799
31.4996 -116.2920
31.5135 -116.3108
31.5225 -116.3305
31.5307 -116.3565
31.5423 -116.3865
31.5531 -116.4144
31.5588 -116.4402
31.5622 -116.4542
31.5637 -116.4718
31.5678 -116.4966
31.5725 -116.5190
31.5761 -116.5370
> 
31.5084 -116.2826
31.5258 -116.3158
31.5463 -116.3450
31.5620 -116.3788
31.5732 -116.4031
31.5852 -116.4264
31.6122 -116.4719
31.6292 -116.5075
31.6462 -116.5445
31.6604 -116.5711
31.6776 -116.6073
> 
31.5762 -116.4141
31.5813 -116.4529
31.5864 -116.4901
31.5921 -116.5186
31.5979 -116.5319
31.6026 -116.5531
31.6136 -116.5809
31.6221 -116.6018
31.6316 -116.6160
31.6488 -116.6421
> 
31.7503 -116.7296
31.7347 -116.6978
31.7195 -116.6674
31.7024 -116.6426
31.6878 -116.6250
31.6761 -116.6071
31.6636 -116.5803
31.6529 -116.5618
31.6407 -116.5321
> 
31.4129 -115.5516
31.4509 -115.5975
31.4802 -115.6350
> 
31.4513 -115.5967
31.4888 -115.6233
31.5308 -115.6530
31.5486 -115.6797
> 
31.5658 -115.7343
31.5868 -115.7491
31.6013 -115.7733
31.6136 -115.7990
31.6250 -115.8164
31.6408 -115.8419
31.6599 -115.8620
31.6707 -115.8871
31.6790 -115.9058
31.6926 -115.9189
31.7058 -115.9310
31.7164 -115.9393
> 
31.7740 -115.9822
31.8003 -116.0135
31.8233 -116.0403
31.8464 -116.0687
31.8726 -116.1069
31.9043 -116.1335
31.9266 -116.1497
> 
31.9463 -116.1802
31.9729 -116.2320
32.0005 -116.2752
32.0338 -116.3144
32.0583 -116.3543
> 
32.0376 -116.1473
32.0539 -116.1737
32.0701 -116.2093
32.0800 -116.2394
32.0896 -116.2722
32.0978 -116.2958
32.1086 -116.3104
32.1222 -116.3318
32.1336 -116.3526
> 
32.1430 -116.3544
32.1572 -116.3913
32.1717 -116.4201
> 
32.1278 -116.3918
32.1519 -116.4126
32.1699 -116.4327
32.1780 -116.4512
32.1857 -116.4740
32.1969 -116.4996
32.2069 -116.5261
32.2177 -116.5489
32.2272 -116.5610
> 
32.3138 -116.6751
32.2891 -116.6462
32.2667 -116.6165
32.2445 -116.5902
32.2267 -116.5593
32.2080 -116.5309
32.1916 -116.4915
> 
32.2990 -115.3807
32.3211 -115.4248
32.3463 -115.4671
32.3777 -115.5101
32.4047 -115.5408
32.4321 -115.5797
32.4645 -115.6182
32.5024 -115.6544
32.5320 -115.6897
32.5555 -115.7246
32.5760 -115.7598
> 
32.6047 -115.8071
32.6342 -115.8754
> 
32.6409 -115.8358
32.6942 -115.8632
32.7180 -115.8857
> 
32.4086 -115.2861
32.3822 -115.2572
32.3424 -115.2121
32.3002 -115.1673
32.2640 -115.1281
32.2245 -115.0857
32.1704 -115.0262
32.1242 -114.9751
32.1053 -114.9564
32.0788 -114.9276
32.0417 -114.8928
32.0086 -114.8594
31.9742 -114.8241
31.9352 -114.7857
31.8971 -114.7485
31.8556 -114.7086
31.8128 -114.6689
31.7805 -114.6358
31.7593 -114.6150
> 
32.0154 -114.8488
31.9741 -114.7913
31.9336 -114.7322
31.8871 -114.6768
31.8331 -114.6204
31.7937 -114.5911
31.7437 -114.5584
> 
31.7134 -114.5361
31.6949 -114.5099
> 
31.6587 -114.4451
31.6277 -114.3927
30.1    -112.5
> 
32.6739 -115.3592
32.6533 -115.3382
32.6317 -115.3159
32.6117 -115.2945
32.5883 -115.2707
32.5731 -115.2530
32.5526 -115.2308
32.5239 -115.2040
32.4990 -115.1826
32.4801 -115.1668
32.4566 -115.1436
> 
32.7345 -117.6288
32.6986 -117.6045
32.6629 -117.5813
32.6322 -117.5584
32.6124 -117.5425
> 
32.4898 -117.4685
32.4497 -117.4409
32.4190 -117.4206
32.3855 -117.4047
32.3435 -117.3802
32.3016 -117.3487
32.2501 -117.3126
32.2102 -117.2874
32.1703 -117.2531
32.1419 -117.2235
32.1184 -117.1979
32.0824 -117.1781
32.0575 -117.1600
32.0331 -117.1369
32.0131 -117.1217
> 
31.9860 -117.1069
31.9548 -117.0814
> 
31.9338 -117.0845
31.8925 -117.0538
31.8419 -117.0144
31.8204 -116.9983
31.8052 -116.9682
31.7753 -116.9334
31.7391 -116.9009
31.7009 -116.8637
31.6699 -116.8253
31.6548 -116.7773
> 
32.9476 -115.4823
32.9363 -115.4836
> 
32.9277 -115.4835
32.9148 -115.4788
32.9030 -115.4824
32.8897 -115.4823
> 
32.8987 -115.4789
32.8874 -115.4780
32.8782 -115.4778
32.8668 -115.4769
> 
32.8655 -115.4755
32.8505 -115.4768
> 
32.8500 -115.4737
32.8331 -115.4754
> 
32.9098 -115.4679
32.8951 -115.4713
32.8796 -115.4758
> San Pedro Martir
31.35   -115.5
28.6516  245.0736
>
