>SaltonSea                                        
  33.368401   244.000000     
  33.367191   244.001495     
  33.365238   244.003479     
  33.363590   244.005997     
  33.362251   244.009460     
  33.361301   244.012512     
  33.360561   244.014740     
  33.358150   244.014618     
  33.357140   244.017517     
  33.356392   244.019730     
  33.355419   244.021957     
  33.354439   244.023987     
  33.353401   244.025940     
  33.352100   244.028442     
  33.350899   244.031006     
  33.349751   244.033173     
  33.348270   244.035477     
  33.347172   244.037231     
  33.344761   244.039154     
  33.342312   244.039642     
  33.340130   244.041656     
  33.338871   244.043274     
  33.336769   244.046692     
  33.334831   244.049286     
  33.333500   244.050781     
  33.331181   244.053787     
  33.328892   244.056000     
  33.327332   244.057892     
  33.325939   244.059509     
  33.324001   244.061768     
  33.322220   244.063690     
  33.319420   244.066162     
  33.317188   244.065979     
  33.314541   244.065186     
  33.311481   244.066528     
  33.309780   244.068909     
  33.308929   244.071747     
  33.307220   244.074310     
  33.305531   244.075409     
  33.303730   244.076691     
  33.301800   244.079498     
  33.299751   244.082092     
  33.296391   244.084198     
  33.294842   244.086853     
  33.294460   244.090012     
  33.294552   244.093750     
  33.294231   244.097137     
  33.293251   244.098999     
  33.291931   244.101166     
  33.290611   244.103271     
  33.288399   244.106628     
  33.287472   244.108429     
  33.286320   244.110382     
  33.285160   244.112274     
  33.283901   244.114029     
  33.282391   244.115646     
  33.280769   244.117065     
  33.278690   244.118713     
  33.277302   244.120209     
  33.275181   244.122040     
  33.273430   244.123474     
  33.269989   244.125000     
  33.267071   244.124924     
  33.265079   244.123138     
  33.263271   244.121017     
  33.261742   244.119446     
  33.258438   244.119888     
  33.254230   244.122894     
  33.253239   244.124786     
  33.251949   244.128021     
  33.250031   244.131653     
  33.247261   244.135223     
  33.244900   244.136948     
  33.242199   244.138672     
  33.240490   244.141052     
  33.238041   244.141693     
  33.235851   244.143204     
  33.234600   244.145905     
  33.233280   244.147858     
  33.231930   244.146332     
  33.227730   244.147705     
  33.224499   244.148712     
  33.222301   244.149750     
  33.220100   244.151108     
  33.218349   244.152130     
  33.216000   244.153839     
  33.212761   244.154709     
  33.209980   244.155762     
  33.206821   244.157166     
  33.205120   244.160156     
  33.203220   244.161850     
  33.200539   244.162292     
  33.197929   244.163132     
  33.195911   244.164764     
  33.194111   244.165848     
  33.192371   244.166931     
  33.189911   244.167023     
  33.187012   244.167877     
  33.184330   244.167969     
  33.181911   244.167297     
  33.179298   244.167648     
  33.176731   244.167816     
  33.174660   244.167328     
  33.172352   244.168762     
  33.170490   244.169922     
  33.168098   244.170212     
  33.166828   244.172089     
  33.166161   244.175201     
  33.166470   244.178650     
  33.166100   244.182343     
  33.164341   244.185089     
  33.163239   244.186890     
  33.161419   244.187561     
  33.159740   244.188919     
  33.159809   244.192047     
  33.159481   244.195129     
  33.157921   244.199005     
  33.156490   244.201370     
  33.154732   244.202240     
  33.151890   244.205078     
  33.151218   244.208450     
  33.150120   244.210327     
  33.148331   244.209427     
  33.145691   244.211090     
  33.143879   244.212250     
  33.141361   244.213959     
  33.139431   244.217087     
  33.140659   244.218628     
  33.141911   244.220428     
  33.142460   244.222656     
  33.139622   244.223022     
  33.137020   244.221466     
  33.135651   244.219269     
  33.134022   244.218292     
  33.130798   244.219421     
  33.128689   244.222229     
  33.128250   244.225586     
  33.127972   244.228317     
  33.126881   244.230469     
  33.125069   244.231201     
  33.121651   244.231598     
  33.120129   244.232880     
  33.117340   244.233109     
  33.114281   244.234161     
  33.112030   244.235870     
  33.110519   244.237213     
  33.109718   244.239349     
  33.108002   244.241852     
  33.106602   244.243210     
  33.105930   244.246490     
  33.104912   244.249130     
  33.103291   244.250549     
  33.102180   244.252014     
  33.101170   244.255386     
  33.100979   244.259903     
  33.101582   244.263489     
  33.101231   244.267792     
  33.101189   244.271149     
  33.102779   244.273483     
  33.101551   244.276794     
  33.099972   244.278290     
  33.098381   244.280991     
  33.097820   244.283722     
  33.095951   244.285019     
  33.095402   244.287903     
  33.095242   244.291458     
  33.095421   244.294250     
  33.096329   244.296478     
  33.096989   244.300400     
  33.097660   244.302429     
  33.098900   244.306549     
  33.100430   244.308685     
  33.101952   244.310120     
  33.103409   244.311371     
  33.106571   244.312241     
  33.109310   244.312347     
  33.111450   244.310577     
  33.112991   244.307938     
  33.113850   244.305939     
  33.115452   244.303223     
  33.117088   244.302277     
  33.118420   244.300323     
  33.120449   244.299530     
  33.122589   244.300476     
  33.124538   244.303558     
  33.126621   244.304779     
  33.129601   244.304810     
  33.132320   244.306580     
  33.134491   244.308823     
  33.135849   244.310959     
  33.132610   244.311462     
  33.129559   244.313278     
  33.126148   244.314072     
  33.124409   244.313019     
  33.123371   244.310059     
  33.120789   244.309326     
  33.118061   244.309753     
  33.114910   244.312317     
  33.113548   244.315155     
  33.112270   244.316895     
  33.114361   244.318207     
  33.116749   244.320587     
  33.117882   244.322327     
  33.120281   244.325241     
  33.121799   244.326691     
  33.124630   244.327698     
  33.128639   244.328400     
  33.130650   244.328796     
  33.134281   244.330536     
  33.135960   244.331421     
  33.137428   244.332886     
  33.138538   244.334351     
  33.140720   244.336792     
  33.142288   244.338196     
  33.144379   244.339691     
  33.146461   244.340729     
  33.149010   244.342484     
  33.150631   244.343521     
  33.152592   244.344482     
  33.154671   244.345306     
  33.157860   244.347519     
  33.159481   244.348633     
  33.161350   244.350281     
  33.163582   244.353088     
  33.164501   244.355377     
  33.162338   244.356171     
  33.163071   244.358276     
  33.165089   244.359161     
  33.167751   244.358002     
  33.170509   244.356262     
  33.173019   244.358582     
  33.174149   244.360596     
  33.175480   244.363770     
  33.177410   244.365753     
  33.178970   244.369385     
  33.180649   244.372955     
  33.181881   244.374283     
  33.184200   244.376312     
  33.185799   244.378510     
  33.184700   244.380463     
  33.183510   244.383575     
  33.184940   244.386475     
  33.185471   244.389664     
  33.186230   244.393127     
  33.187630   244.394501     
  33.189899   244.396561     
  33.192341   244.397919     
  33.195290   244.399933     
  33.197651   244.400696     
  33.198959   244.397644     
  33.198959   244.397644     
  33.199631   244.394470     
  33.197601   244.393112     
  33.194859   244.393250     
  33.193150   244.390656     
  33.193432   244.387787     
  33.195518   244.386627     
  33.198250   244.386261     
  33.200611   244.384750     
  33.202450   244.382309     
  33.205261   244.382751     
  33.207909   244.383911     
  33.210289   244.382874     
  33.211510   244.381271     
  33.213131   244.379181     
  33.215611   244.377869     
  33.217758   244.379578     
  33.217388   244.383682     
  33.216991   244.386429     
  33.216290   244.391022     
  33.213322   244.391113     
  33.210060   244.390686     
  33.206600   244.391602     
  33.204071   244.393860     
  33.202919   244.396149     
  33.201889   244.398438     
  33.202969   244.401138     
  33.204639   244.404419     
  33.205551   244.406723     
  33.206760   244.409882     
  33.209412   244.410767     
  33.211201   244.409332     
  33.212952   244.407928     
  33.214451   244.409042     
  33.217892   244.409332     
  33.221821   244.408813     
  33.223930   244.408478     
  33.226490   244.407715     
  33.228470   244.407104     
  33.232052   244.406113     
  33.236050   244.405914     
  33.238930   244.404541     
  33.241631   244.402603     
  33.245510   244.402344     
  33.247959   244.402328     
  33.250992   244.402313     
  33.253151   244.401627     
  33.256378   244.400238     
  33.259102   244.399399     
  33.262112   244.398560     
  33.266708   244.397034     
  33.269810   244.395508     
  33.274220   244.393051     
  33.278568   244.391129     
  33.281979   244.389999     
  33.285789   244.389008     
  33.289490   244.388672     
  33.292850   244.387756     
  33.294930   244.386383     
  33.297810   244.384583     
  33.300499   244.382538     
  33.301380   244.380722     
  33.303829   244.378250     
  33.306530   244.376389     
  33.309521   244.374390     
  33.311779   244.373291     
  33.313690   244.371658     
  33.316158   244.369720     
  33.317902   244.368378     
  33.319469   244.366959     
  33.321362   244.364853     
  33.323372   244.362534     
  33.325649   244.359711     
  33.328098   244.356781     
  33.329151   244.354950     
  33.331760   244.351532     
  33.333561   244.348053     
  33.334991   244.345200     
  33.335491   244.342178     
  33.335930   244.339355     
  33.336010   244.334641     
  33.338631   244.331757     
  33.340542   244.330048     
  33.342709   244.327454     
  33.344551   244.325409     
  33.347198   244.321411     
  33.348808   244.319031     
  33.349548   244.316559     
  33.349689   244.312653     
  33.348961   244.310425     
  33.347950   244.306686     
  33.348202   244.302368     
  33.349041   244.298920     
  33.349720   244.296234     
  33.350830   244.292297     
  33.350552   244.289780     
  33.349789   244.286530     
  33.348080   244.281921     
  33.347462   244.279831     
  33.346901   244.277588     
  33.345982   244.272156     
  33.347229   244.269379     
  33.349049   244.261658     
  33.350071   244.258545     
  33.350651   244.254150     
  33.352959   244.247360     
  33.354870   244.243347     
  33.355831   244.240509     
  33.358028   244.236938     
  33.359619   244.233948     
  33.361759   244.230240     
  33.363232   244.227249     
  33.364380   244.224823     
  33.367710   244.220337     
  33.369579   244.217529     
  33.371689   244.214798     
  33.375000   244.211487     
  33.376831   244.209564     
  33.379501   244.206879     
  33.381371   244.203659     
  33.382420   244.201920     
  33.386509   244.196381     
  33.389141   244.193970     
  33.391041   244.191711     
  33.392769   244.189941     
  33.397739   244.185120     
  33.401310   244.181244     
  33.402748   244.179550     
  33.406940   244.175507     
  33.408401   244.174362     
  33.410980   244.172363     
  33.412540   244.170380     
  33.415501   244.168030     
  33.418919   244.165100     
  33.422291   244.162720     
  33.424889   244.161270     
  33.429909   244.158371     
  33.431660   244.157410     
  33.435219   244.155792     
  33.439121   244.154083     
  33.442848   244.152252     
  33.445431   244.152573     
  33.445999   244.150299     
  33.447720   244.145782     
  33.450691   244.141022     
  33.452339   244.138092     
  33.454830   244.134506     
  33.456249   244.132141     
  33.458858   244.128906     
  33.460171   244.126038     
  33.461201   244.124023     
  33.462700   244.121979     
  33.464661   244.120483     
  33.466381   244.118088     
  33.468418   244.115143     
  33.470760   244.112808     
  33.473431   244.109970     
  33.475842   244.107910     
  33.477798   244.105988     
  33.480190   244.103439     
  33.482410   244.101440     
  33.484951   244.099228     
  33.486790   244.097595     
  33.488140   244.096237     
  33.489521   244.094620     
  33.490791   244.092651     
  33.491711   244.090851     
  33.493729   244.088928     
  33.500000   244.087189     
  33.501881   244.083710     
  33.503910   244.081024     
  33.505920   244.078018     
  33.507401   244.075363     
  33.508579   244.072372     
  33.509762   244.069321     
  33.510712   244.065918     
  33.513340   244.063629     
  33.515251   244.062469     
  33.516850   244.060150     
  33.518551   244.057083     
  33.519180   244.054657     
  33.519279   244.051849     
  33.520439   244.047974     
  33.520840   244.045624     
  33.520390   244.041046     
  33.519482   244.039154     
  33.519211   244.034912     
  33.518101   244.031891     
  33.518711   244.026306     
  33.518940   244.023682     
  33.519180   244.019852     
  33.519100   244.016357     
  33.519249   244.013474     
  33.520309   244.005615     
  33.518841   244.001282     
  33.516750   244.000000     
  33.515671   243.993530     
  33.516201   243.989868     
  33.516972   243.986420     
  33.516041   243.983368     
  33.516682   243.979156     
  33.518219   243.976639     
  33.518372   243.973602     
  33.518291   243.970673     
  33.520199   243.962433     
  33.520901   243.958160     
  33.521278   243.955139     
  33.522442   243.951477     
  33.522839   243.949066     
  33.521252   243.947052     
  33.519619   243.946167     
  33.518700   243.943512     
  33.520100   243.942368     
  33.519520   243.940201     
  33.518341   243.938324     
  33.514938   243.939270     
  33.513828   243.940750     
  33.512089   243.942108     
  33.509361   243.942413     
  33.506630   243.943130     
  33.504650   243.941437     
  33.505360   243.938171     
  33.505798   243.935089     
  33.503719   243.934204     
  33.501911   243.932343     
  33.501801   243.928375     
  33.502720   243.925934     
  33.500000   243.923035     
  33.492611   243.922073     
  33.490162   243.922089     
  33.486790   243.922089     
  33.483528   243.922119     
  33.480511   243.922241     
  33.477390   243.923187     
  33.474041   243.924255     
  33.471901   243.925354     
  33.469151   243.927170     
  33.466850   243.928970     
  33.465038   243.932053     
  33.463169   243.934937     
  33.461330   243.938965     
  33.460159   243.942230     
  33.458660   243.946198     
  33.455952   243.949646     
  33.453442   243.952332     
  33.450809   243.954422     
  33.447830   243.956360     
  33.443970   243.957474     
  33.439018   243.958130     
  33.437260   243.958939     
  33.437260   243.958939     
  33.435638   243.959900     
  33.433781   243.961121     
  33.429680   243.961746     
  33.426182   243.961060     
  33.424049   243.960312     
  33.421680   243.959579     
  33.419090   243.960770     
  33.416199   243.961899     
  33.413029   243.963165     
  33.409512   243.964264     
  33.406239   243.965607     
  33.403069   243.966949     
  33.401031   243.967590     
  33.395451   243.968323     
  33.393162   243.968140     
  33.390621   243.969879     
  33.388111   243.971863     
  33.386669   243.973907     
  33.385471   243.976013     
  33.383930   243.978256     
  33.382912   243.981018     
  33.380070   243.986389     
  33.378281   243.989960     
  33.376659   243.991440     
  33.374989   243.992737     
  33.372349   243.995209     
  33.370361   244.000000     
> THE END











