> Salton sheet                                      
34.0000 -114.4618
34.0000 -114.4615
33.9998 -114.4607
33.9983 -114.4609
33.9972 -114.4610
33.9962 -114.4621
33.9954 -114.4637
33.9949 -114.4657
33.9942 -114.4675
33.9937 -114.4689
33.9925 -114.4705
33.9912 -114.4719
33.9897 -114.4735
33.9883 -114.4755
33.9872 -114.4769
33.9859 -114.4788
33.9849 -114.4807
33.9835 -114.4825
33.9820 -114.4841
33.9805 -114.4859
33.9784 -114.4871
33.9766 -114.4890
33.9752 -114.4900
33.9736 -114.4914
33.9723 -114.4927
33.9710 -114.5000
33.9695 -114.5000
33.9688 -114.5000
33.9664 -114.5000
33.9650 -114.5001
33.9636 -114.5016
33.9627 -114.5032
33.9613 -114.5050
33.9607 -114.5062
33.9596 -114.5077
33.9588 -114.5093
33.9586 -114.5114
33.9588 -114.5134
33.9581 -114.5155
33.9579 -114.5175
33.9576 -114.5195
33.9573 -114.5211
33.9557 -114.5236
33.9537 -114.5251
33.9518 -114.5268
33.9498 -114.5281
33.9482 -114.5296
33.9464 -114.5308
33.9445 -114.5319
33.9429 -114.5327
33.9413 -114.5334
33.9391 -114.5343
33.9375 -114.5353
33.9354 -114.5362
33.9336 -114.5366
33.9318 -114.5369
33.9304 -114.5368
33.9288 -114.5369
33.9277 -114.5368
33.9264 -114.5369
33.9255 -114.5354
33.9250 -114.5338
33.9244 -114.5313
33.9236 -114.5293
33.9225 -114.5272
33.9216 -114.5249
33.9199 -114.5229
33.9182 -114.5206
33.9174 -114.5191
33.9163 -114.5178
33.9146 -114.5162
33.9136 -114.5150
33.9126 -114.5140
33.9114 -114.5128
33.9102 -114.5119
33.9091 -114.5113
33.9075 -114.5107
33.9062 -114.5104
33.9047 -114.5103
33.9032 -114.5102
33.9017 -114.5111
33.9008 -114.5121
33.8995 -114.5137
33.8987 -114.5145
33.8982 -114.5163
33.8985 -114.5186
33.8989 -114.5199
33.9001 -114.5213
33.9005 -114.5224
33.9011 -114.5236
33.9015 -114.5246
33.9020 -114.5268
33.9015 -114.5280
33.8999 -114.5283
33.8979 -114.5273
33.8966 -114.5267
33.8951 -114.5259
33.8942 -114.5250
33.8928 -114.5237
33.8917 -114.5224
33.8901 -114.5216
33.8889 -114.5204
33.8878 -114.5193
33.8868 -114.5181
33.8858 -114.5164
33.8849 -114.5152
33.8836 -114.5138
33.8826 -114.5130
33.8817 -114.5116
33.8805 -114.5098
33.8793 -114.5082
33.8778 -114.5065
33.8764 -114.5051
33.8750 -114.5050
33.8750 -114.5055
33.8750 -114.5063
33.8750 -114.5071
33.8693 -114.5086
33.8683 -114.5099
33.8671 -114.5113
33.8658 -114.5127
33.8647 -114.5146
33.8634 -114.5166
33.8623 -114.5189
33.8619 -114.5213
33.8612 -114.5231
33.8603 -114.5248
33.8594 -114.5263
33.8591 -114.5283
33.8579 -114.5298
33.8561 -114.5307
33.8541 -114.5312
33.8520 -114.5312
33.8504 -114.5311
33.8486 -114.5307
33.8470 -114.5302
33.8453 -114.5296
33.8438 -114.5293
33.8422 -114.5289
33.8406 -114.5285
33.8394 -114.5272
33.8381 -114.5266
33.8366 -114.5256
33.8351 -114.5249
33.8332 -114.5243
33.8318 -114.5238
33.8303 -114.5232
33.8286 -114.5228
33.8273 -114.5225
33.8261 -114.5225
33.8240 -114.5229
33.8215 -114.5234
33.8201 -114.5240
33.8181 -114.5247
33.8173 -114.5254
33.8168 -114.5263
33.8159 -114.5275
33.8148 -114.5285
33.8133 -114.5286
33.8125 -114.5278
33.8095 -114.5267
33.8074 -114.5257
33.8058 -114.5246
33.8039 -114.5240
33.8023 -114.5231
33.8004 -114.5221
33.7989 -114.5214
33.7976 -114.5207
33.7962 -114.5195
33.7941 -114.5194
33.7923 -114.5189
33.7900 -114.5182
33.7882 -114.5174
33.7866 -114.5165
33.7852 -114.5158
33.7812 -114.5145
33.7799 -114.5135
33.7782 -114.5124
33.7761 -114.5118
33.7743 -114.5104
33.7729 -114.5095
33.7712 -114.5088
33.7695 -114.5082
33.7681 -114.5078
33.7658 -114.5073
33.7645 -114.5069
33.7631 -114.5066
33.7603 -114.5062
33.7578 -114.5062
33.7558 -114.5062
33.7545 -114.5061
33.7529 -114.5064
33.7516 -114.5065
33.7495 -114.5070
33.7476 -114.5076
33.7462 -114.5081
33.7442 -114.5087
33.7422 -114.5096
33.7405 -114.5105
33.7383 -114.5117
33.7369 -114.5125
33.7356 -114.5134
33.7349 -114.5141
33.7330 -114.5132
33.7326 -114.5128
33.7315 -114.5111
33.7306 -114.5097
33.7300 -114.5084
33.7289 -114.5068
33.7266 -114.5051
33.7261 -114.5044
33.7248 -114.5027
33.7238 -114.5014
33.7231 -114.5000
33.7224 -114.4992
33.7207 -114.4982
33.7187 -114.4976
33.7172 -114.4968
33.7153 -114.4963
33.7139 -114.4962
33.7120 -114.4959
33.7100 -114.4957
33.7085 -114.4955
33.7070 -114.4957
33.7048 -114.4962
33.7031 -114.4970
33.7015 -114.4976
33.6990 -114.4984
33.6976 -114.4995
33.6962 -114.5000
33.6954 -114.5022
33.6945 -114.5046
33.6934 -114.5064
33.6930 -114.5083
33.6924 -114.5110
33.6920 -114.5129
33.6913 -114.5151
33.6905 -114.5174
33.6898 -114.5189
33.6890 -114.5206
33.6883 -114.5225
33.6876 -114.5240
33.6875 -114.5257
33.6839 -114.5280
33.6827 -114.5294
33.6808 -114.5309
33.6788 -114.5318
33.6768 -114.5327
33.6740 -114.5334
33.6718 -114.5340
33.6696 -114.5344
33.6680 -114.5337
33.6665 -114.5324
33.6654 -114.5305
33.6640 -114.5270
33.6635 -114.5257
33.6636 -114.5242
33.6637 -114.5223
33.6635 -114.5210
33.6632 -114.5200
33.6631 -114.5177
33.6624 -114.5168
33.6612 -114.5166
33.6597 -114.5172
33.6586 -114.5186
33.6577 -114.5204
33.6570 -114.5226
33.6562 -114.5249
33.6562 -114.5271
33.6552 -114.5285
33.6543 -114.5300
33.6536 -114.5315
33.6519 -114.5317
33.6499 -114.5316
33.6478 -114.5321
33.6454 -114.5320
33.6445 -114.5309
33.6437 -114.5296
33.6429 -114.5283
33.6416 -114.5275
33.6402 -114.5271
33.6389 -114.5267
33.6384 -114.5263
33.6372 -114.5271
33.6361 -114.5286
33.6351 -114.5296
33.6334 -114.5309
33.6313 -114.5309
33.6288 -114.5307
33.6277 -114.5303
33.6261 -114.5308
33.6250 -114.5311
33.6250 -114.5310
33.6204 -114.5306
33.6191 -114.5303
33.6182 -114.5292
33.6172 -114.5281
33.6161 -114.5268
33.6153 -114.5261
33.6143 -114.5256
33.6129 -114.5253
33.6118 -114.5257
33.6104 -114.5264
33.6084 -114.5279
33.6073 -114.5295
33.6054 -114.5312
33.6037 -114.5326
33.6024 -114.5332
33.6011 -114.5343
33.5998 -114.5360
33.5988 -114.5370
33.5970 -114.5382
33.5958 -114.5390
33.5944 -114.5401
33.5938 -114.5410
33.5925 -114.5421
33.5911 -114.5430
33.5897 -114.5435
33.5885 -114.5436
33.5877 -114.5433
33.5870 -114.5428
33.5861 -114.5424
33.5852 -114.5425
33.5844 -114.5430
33.5831 -114.5441
33.5818 -114.5443
33.5807 -114.5443
33.5796 -114.5439
33.5787 -114.5430
33.5775 -114.5422
33.5764 -114.5414
33.5755 -114.5404
33.5744 -114.5396
33.5736 -114.5386
33.5726 -114.5378
33.5715 -114.5371
33.5703 -114.5367
33.5687 -114.5363
33.5669 -114.5361
33.5655 -114.5357
33.5635 -114.5356
33.5625 -114.5352
33.5607 -114.5345
33.5593 -114.5317
33.5582 -114.5302
33.5567 -114.5290
33.5558 -114.5282
33.5547 -114.5275
33.5541 -114.5272
33.5531 -114.5270
33.5520 -114.5280
33.5517 -114.5292
33.5513 -114.5304
33.5497 -114.5320
33.5489 -114.5328
33.5479 -114.5337
33.5465 -114.5362
33.5459 -114.5378
33.5440 -114.5403
33.5437 -114.5427
33.5431 -114.5443
33.5412 -114.5470
33.5397 -114.5490
33.5389 -114.5506
33.5379 -114.5525
33.5372 -114.5538
33.5366 -114.5552
33.5354 -114.5565
33.5345 -114.5579
33.5335 -114.5592
33.5322 -114.5607
33.5315 -114.5620
33.5299 -114.5627
33.5283 -114.5628
33.5273 -114.5630
33.5264 -114.5631
33.5250 -114.5638
33.5244 -114.5645
33.5234 -114.5652
33.5222 -114.5659
33.5211 -114.5655
33.5200 -114.5649
33.5192 -114.5642
33.5182 -114.5638
33.5169 -114.5638
33.5156 -114.5644
33.5148 -114.5653
33.5140 -114.5666
33.5130 -114.5680
33.5113 -114.5691
33.5109 -114.5697
33.5104 -114.5705
33.5098 -114.5718
33.5091 -114.5733
33.5085 -114.5744
33.5079 -114.5762
33.5079 -114.5771
33.5077 -114.5786
33.5073 -114.5802
33.5067 -114.5825
33.5060 -114.5841
33.5055 -114.5860
33.5053 -114.5875
33.5043 -114.5895
33.5030 -114.5911
33.5013 -114.5920
33.5000 -114.5931
33.5000 -114.5947
33.5000 -114.5962
33.4927 -114.5975
33.4913 -114.5984
33.4893 -114.5995
33.4869 -114.6004
33.4851 -114.6013
33.4833 -114.6023
33.4816 -114.6040
33.4799 -114.6051
33.4786 -114.6064
33.4766 -114.6078
33.4744 -114.6091
33.4729 -114.6104
33.4707 -114.6121
33.4687 -114.6134
33.4676 -114.6149
33.4654 -114.6171
33.4632 -114.6190
33.4609 -114.6205
33.4595 -114.6218
33.4578 -114.6227
33.4557 -114.6238
33.4531 -114.6250
33.4509 -114.6243
33.4492 -114.6241
33.4474 -114.6245
33.4447 -114.6247
33.4428 -114.6252
33.4409 -114.6255
33.4387 -114.6263
33.4368 -114.6270
33.4343 -114.6277
33.4323 -114.6289
33.4300 -114.6300
33.4287 -114.6309
33.4265 -114.6322
33.4247 -114.6337
33.4229 -114.6357
33.4219 -114.6373
33.4202 -114.6392
33.4190 -114.6410
33.4177 -114.6426
33.4165 -114.6446
33.4152 -114.6467
33.4142 -114.6488
33.4136 -114.6504
33.4129 -114.6530
33.4141 -114.6575
33.4134 -114.6602
33.4144 -114.6623
33.4154 -114.6648
33.4162 -114.6675
33.4166 -114.6696
33.4171 -114.6717
33.4181 -114.6741
33.4187 -114.6768
33.4183 -114.6798
33.4180 -114.6833
33.4179 -114.6862
33.4172 -114.6894
33.4164 -114.6926
33.4147 -114.6949
33.4129 -114.6965
33.4104 -114.6991
33.4085 -114.7012
33.4073 -114.7031
33.4070 -114.7061
33.4071 -114.7078
33.4074 -114.7097
33.4075 -114.7118
33.4076 -114.7139
33.4081 -114.7163
33.4081 -114.7186
33.4082 -114.7201
33.4082 -114.7210
33.4077 -114.7224
33.4071 -114.7241
33.4054 -114.7251
33.4035 -114.7245
33.4021 -114.7236
33.4009 -114.7230
33.3990 -114.7218
33.3967 -114.7206
33.3952 -114.7192
33.3934 -114.7176
33.3912 -114.7158
33.3883 -114.7138
33.3863 -114.7118
33.3849 -114.7103
33.3832 -114.7089
33.3812 -114.7080
33.3794 -114.7078
33.3771 -114.7075
33.3750 -114.7069
33.3720 -114.7057
33.3697 -114.7044
33.3670 -114.7031
33.3654 -114.7021
33.3633 -114.7009
33.3611 -114.7002
33.3594 -114.6996
33.3552 -114.6992
33.3524 -114.6992
33.3489 -114.6994
33.3454 -114.6995
33.3419 -114.7002
33.3379 -114.7018
33.3346 -114.7026
33.3317 -114.7033
33.3306 -114.7051
33.3289 -114.7065
33.3265 -114.7080
33.3243 -114.7094
33.3221 -114.7113
33.3207 -114.7127
33.3188 -114.7148
33.3173 -114.7169
33.3158 -114.7191
33.3125 -114.7217
33.3125 -114.7229
33.3120 -114.7243
33.3104 -114.7260
33.3092 -114.7275
33.3068 -114.7297
33.3053 -114.7312
33.3035 -114.7322
33.3017 -114.7323
33.2996 -114.7313
33.2977 -114.7300
33.2960 -114.7289
33.2927 -114.7273
33.2910 -114.7260
33.2881 -114.7243
33.2860 -114.7215
33.2850 -114.7186
33.2840 -114.7158
33.2837 -114.7127
33.2828 -114.7101
33.2822 -114.7074
33.2821 -114.7051
33.2812 -114.7025
33.2811 -114.7008
33.2803 -114.6982
33.2797 -114.6958
33.2788 -114.6926
33.2777 -114.6899
33.2769 -114.6869
33.2758 -114.6847
33.2739 -114.6817
33.2721 -114.6797
33.2702 -114.6776
33.2675 -114.6755
33.2646 -114.6744
33.2621 -114.6732
33.2601 -114.6726
33.2585 -114.6727
33.2575 -114.6738
33.2562 -114.6758
33.2544 -114.6778
33.2500 -114.6798
33.2500 -114.6823
33.2500 -114.6842
33.2485 -114.6861
33.2473 -114.6884
33.2463 -114.6894
33.2444 -114.6894
33.2426 -114.6893
33.2414 -114.6892
33.2400 -114.6880
33.2387 -114.6865
33.2369 -114.6855
33.2351 -114.6837
33.2328 -114.6817
33.2309 -114.6802
33.2283 -114.6780
33.2262 -114.6758
33.2249 -114.6747
33.2234 -114.6740
33.2215 -114.6742
33.2198 -114.6749
33.2175 -114.6753
33.2139 -114.6764
33.2095 -114.6770
33.2059 -114.6773
33.2027 -114.6786
33.2022 -114.6790
33.2008 -114.6793
33.1989 -114.6798
33.1968 -114.6803
33.1942 -114.6793
33.1919 -114.6784
33.1904 -114.6779
33.1888 -114.6767
33.1874 -114.6766
33.1853 -114.6768
33.1831 -114.6770
33.1814 -114.6772
33.1795 -114.6779
33.1776 -114.6788
33.1755 -114.6796
33.1732 -114.6804
33.1708 -114.6807
33.1694 -114.6811
33.1675 -114.6814
33.1660 -114.6815
33.1644 -114.6811
33.1624 -114.6805
33.1610 -114.6801
33.1591 -114.6803
33.1576 -114.6811
33.1561 -114.6823
33.1548 -114.6830
33.1523 -114.6844
33.1495 -114.6855
33.1476 -114.6861
33.1444 -114.6868
33.1439 -114.6872
33.1426 -114.6883
33.1408 -114.6900
33.1390 -114.6911
33.1376 -114.6923
33.1358 -114.6941
33.1343 -114.6955
33.1325 -114.6969
33.1307 -114.6976
33.1284 -114.6986
33.1268 -114.6992
33.1233 -114.7001
33.1203 -114.7013
33.1177 -114.7025
33.1156 -114.7038
33.1138 -114.7049
33.1117 -114.7051
33.1095 -114.7059
33.1080 -114.7065
33.1067 -114.7071
33.1047 -114.7072
33.1034 -114.7077
33.1018 -114.7081
33.0999 -114.7082
33.0986 -114.7086
33.0971 -114.7091
33.0953 -114.7094
33.0935 -114.7092
33.0912 -114.7088
33.0892 -114.7079
33.0876 -114.7067
33.0865 -114.7052
33.0861 -114.7033
33.0858 -114.7017
33.0856 -114.7012
33.0858 -114.6972
33.0851 -114.6957
33.0842 -114.6936
33.0831 -114.6917
33.0824 -114.6910
33.0799 -114.6898
33.0784 -114.6890
33.0763 -114.6887
33.0743 -114.6884
33.0724 -114.6875
33.0703 -114.6865
33.0681 -114.6852
33.0667 -114.6842
33.0652 -114.6827
33.0638 -114.6814
33.0625 -114.6799
33.0605 -114.6783
33.0591 -114.6773
33.0575 -114.6760
33.0563 -114.6756
33.0544 -114.6748
33.0527 -114.6752
33.0507 -114.6752
33.0483 -114.6751
33.0466 -114.6740
33.0443 -114.6749
33.0422 -114.6742
33.0404 -114.6735
33.0385 -114.6733
33.0372 -114.6713
33.0360 -114.6698
33.0344 -114.6682
33.0338 -114.6664
33.0328 -114.6645
33.0325 -114.6629
33.0324 -114.6616
33.0328 -114.6596
33.0334 -114.6582
33.0346 -114.6569
33.0365 -114.6555
33.0387 -114.6539
33.0420 -114.6521
33.0438 -114.6511
33.0456 -114.6500
33.0473 -114.6484
33.0475 -114.6472
33.0474 -114.6451
33.0469 -114.6437
33.0454 -114.6407
33.0441 -114.6393
33.0434 -114.6383
33.0410 -114.6360
33.0381 -114.6345
33.0358 -114.6333
33.0340 -114.6324
33.0330 -114.6310
33.0313 -114.6283
33.0297 -114.6264
33.0287 -114.6233
33.0280 -114.6208
33.0270 -114.6183
33.0267 -114.6155
33.0262 -114.6136
33.0253 -114.6111
33.0252 -114.6078
33.0247 -114.6053
33.0250 -114.6025
33.0253 -114.6007
33.0253 -114.5986
33.0259 -114.5957
33.0261 -114.5932
33.0262 -114.5917
33.0266 -114.5889
33.0272 -114.5866
33.0286 -114.5848
33.0310 -114.5826
33.0320 -114.5817
33.0341 -114.5796
33.0349 -114.5780
33.0359 -114.5762
33.0365 -114.5747
33.0364 -114.5722
33.0362 -114.5682
33.0355 -114.5661
33.0354 -114.5629
33.0351 -114.5600
33.0345 -114.5556
33.0339 -114.5534
33.0337 -114.5505
33.0336 -114.5487
33.0331 -114.5451
33.0327 -114.5409
33.0324 -114.5383
33.0318 -114.5322
33.0317 -114.5297
33.0313 -114.5275
33.0303 -114.5239
33.0296 -114.5214
33.0284 -114.5187
33.0264 -114.5153
33.0241 -114.5120
33.0201 -114.5083
33.0142 -114.5000
33.0100 -114.5000
33.0081 -114.5000
33.0067 -114.5000
33.0053 -114.5000
33.0039 -114.5000
33.0022 -114.5000
33.0000 -114.5000
> Needles sheet                                     
35.0000 -114.6332
35.0000 -114.6335
35.0000 -114.6340
34.9991 -114.6344
34.9985 -114.6340
34.9981 -114.6332
34.9976 -114.6325
34.9970 -114.6319
34.9963 -114.6314
34.9953 -114.6312
34.9943 -114.6313
34.9933 -114.6316
34.9926 -114.6321
34.9918 -114.6328
34.9911 -114.6336
34.9904 -114.6345
34.9898 -114.6351
34.9888 -114.6359
34.9878 -114.6363
34.9868 -114.6362
34.9862 -114.6358
34.9851 -114.6354
34.9833 -114.6352
34.9823 -114.6351
34.9810 -114.6356
34.9799 -114.6359
34.9785 -114.6362
34.9768 -114.6362
34.9754 -114.6360
34.9735 -114.6354
34.9727 -114.6350
34.9715 -114.6342
34.9702 -114.6334
34.9689 -114.6333
34.9674 -114.6335
34.9657 -114.6339
34.9642 -114.6340
34.9626 -114.6340
34.9607 -114.6338
34.9595 -114.6337
34.9582 -114.6331
34.9565 -114.6321
34.9547 -114.6313
34.9535 -114.6304
34.9515 -114.6295
34.9498 -114.6289
34.9483 -114.6284
34.9468 -114.6279
34.9454 -114.6275
34.9444 -114.6275
34.9423 -114.6275
34.9407 -114.6275
34.9383 -114.6278
34.9362 -114.6285
34.9342 -114.6291
34.9329 -114.6294
34.9309 -114.6304
34.9287 -114.6312
34.9253 -114.6316
34.9233 -114.6319
34.9219 -114.6312
34.9193 -114.6305
34.9169 -114.6299
34.9146 -114.6289
34.9128 -114.6282
34.9109 -114.6274
34.9084 -114.6264
34.9062 -114.6250
34.9044 -114.6250
34.9026 -114.6266
34.9009 -114.6275
34.8991 -114.6284
34.8971 -114.6290
34.8952 -114.6295
34.8952 -114.6296
34.8936 -114.6301
34.8916 -114.6305
34.8892 -114.6311
34.8881 -114.6316
34.8863 -114.6321
34.8854 -114.6324
34.8839 -114.6329
34.8816 -114.6337
34.8793 -114.6341
34.8779 -114.6344
34.8758 -114.6338
34.8750 -114.6327
34.8713 -114.6317
34.8691 -114.6302
34.8691 -114.6302
34.8672 -114.6282
34.8660 -114.6270
34.8653 -114.6261
34.8634 -114.6233
34.8624 -114.6222
34.8612 -114.6209
34.8601 -114.6193
34.8589 -114.6174
34.8580 -114.6156
34.8564 -114.6130
34.8546 -114.6107
34.8534 -114.6093
34.8525 -114.6079
34.8515 -114.6059
34.8503 -114.6040
34.8487 -114.6011
34.8473 -114.5991
34.8454 -114.5966
34.8437 -114.5945
34.8432 -114.5924
34.8416 -114.5902
34.8396 -114.5884
34.8376 -114.5869
34.8362 -114.5855
34.8347 -114.5846
34.8336 -114.5839
34.8322 -114.5828
34.8305 -114.5818
34.8287 -114.5808
34.8271 -114.5798
34.8219 -114.5775
34.8193 -114.5766
34.8170 -114.5758
34.8146 -114.5751
34.8125 -114.5747
34.8102 -114.5745
34.8080 -114.5740
34.8059 -114.5732
34.8033 -114.5728
34.8008 -114.5725
34.7988 -114.5721
34.7957 -114.5704
34.7931 -114.5695
34.7913 -114.5685
34.7888 -114.5666
34.7864 -114.5650
34.7846 -114.5641
34.7831 -114.5632
34.7812 -114.5622
34.7798 -114.5614
34.7784 -114.5604
34.7768 -114.5590
34.7749 -114.5580
34.7732 -114.5575
34.7714 -114.5567
34.7701 -114.5557
34.7691 -114.5545
34.7679 -114.5533
34.7664 -114.5515
34.7645 -114.5492
34.7630 -114.5473
34.7611 -114.5450
34.7593 -114.5426
34.7581 -114.5405
34.7572 -114.5387
34.7562 -114.5366
34.7545 -114.5345
34.7531 -114.5325
34.7522 -114.5306
34.7508 -114.5286
34.7498 -114.5274
34.7485 -114.5266
34.7463 -114.5250
34.7450 -114.5236
34.7443 -114.5224
34.7429 -114.5210
34.7416 -114.5193
34.7400 -114.5181
34.7388 -114.5161
34.7374 -114.5145
34.7361 -114.5123
34.7350 -114.5104
34.7338 -114.5077
34.7331 -114.5053
34.7322 -114.5039
34.7312 -114.5021
34.7303 -114.5000
34.7293 -114.4981
34.7289 -114.4963
34.7277 -114.4946
34.7268 -114.4931
34.7255 -114.4913
34.7248 -114.4900
34.7237 -114.4877
34.7215 -114.4861
34.7198 -114.4850
34.7178 -114.4841
34.7163 -114.4828
34.7155 -114.4807
34.7151 -114.4781
34.7150 -114.4754
34.7142 -114.4736
34.7133 -114.4720
34.7121 -114.4705
34.7105 -114.4695
34.7091 -114.4681
34.7078 -114.4674
34.7053 -114.4673
34.7034 -114.4670
34.7012 -114.4667
34.7002 -114.4665
34.6990 -114.4662
34.6968 -114.4661
34.6953 -114.4659
34.6936 -114.4656
34.6921 -114.4650
34.6904 -114.4643
34.6875 -114.4634
34.6874 -114.4623
34.6862 -114.4613
34.6852 -114.4601
34.6839 -114.4589
34.6827 -114.4578
34.6814 -114.4568
34.6798 -114.4558
34.6786 -114.4550
34.6773 -114.4544
34.6759 -114.4542
34.6747 -114.4544
34.6740 -114.4543
34.6733 -114.4539
34.6715 -114.4525
34.6697 -114.4509
34.6682 -114.4507
34.6670 -114.4512
34.6653 -114.4521
34.6630 -114.4541
34.6623 -114.4557
34.6613 -114.4567
34.6597 -114.4574
34.6580 -114.4573
34.6569 -114.4561
34.6562 -114.4550
34.6552 -114.4535
34.6536 -114.4522
34.6519 -114.4495
34.6506 -114.4481
34.6491 -114.4469
34.6479 -114.4457
34.6468 -114.4447
34.6456 -114.4436
34.6434 -114.4427
34.6421 -114.4419
34.6399 -114.4415
34.6382 -114.4413
34.6365 -114.4410
34.6343 -114.4411
34.6325 -114.4409
34.6304 -114.4406
34.6250 -114.4404
34.6250 -114.4398
34.6246 -114.4394
34.6236 -114.4386
34.6225 -114.4380
34.6218 -114.4375
34.6207 -114.4348
34.6194 -114.4333
34.6183 -114.4318
34.6172 -114.4297
34.6155 -114.4280
34.6143 -114.4269
34.6131 -114.4258
34.6119 -114.4252
34.6103 -114.4242
34.6072 -114.4239
34.6049 -114.4239
34.6038 -114.4241
34.6008 -114.4253
34.5998 -114.4263
34.5998 -114.4276
34.5997 -114.4292
34.5993 -114.4309
34.5985 -114.4326
34.5983 -114.4338
34.5979 -114.4353
34.5963 -114.4364
34.5944 -114.4361
34.5929 -114.4350
34.5917 -114.4337
34.5901 -114.4315
34.5881 -114.4296
34.5859 -114.4272
34.5834 -114.4244
34.5812 -114.4218
34.5790 -114.4182
34.5762 -114.4152
34.5744 -114.4131
34.5727 -114.4104
34.5710 -114.4079
34.5698 -114.4067
34.5689 -114.4047
34.5675 -114.4031
34.5662 -114.4009
34.5636 -114.3995
34.5619 -114.3976
34.5598 -114.3965
34.5572 -114.3951
34.5543 -114.3939
34.5517 -114.3927
34.5479 -114.3917
34.5454 -114.3906
34.5428 -114.3894
34.5404 -114.3882
34.5369 -114.3868
34.5336 -114.3850
34.5313 -114.3841
34.5278 -114.3829
34.5245 -114.3816
34.5214 -114.3804
34.5183 -114.3793
34.5156 -114.3787
34.5129 -114.3782
34.5105 -114.3772
34.5078 -114.3750
34.5050 -114.3750
34.5016 -114.3750
34.5000 -114.3747
34.5000 -114.3744
34.5000 -114.3737
34.4875 -114.3734
34.4844 -114.3735
34.4816 -114.3750
34.4795 -114.3736
34.4774 -114.3730
34.4753 -114.3723
34.4734 -114.3716
34.4711 -114.3712
34.4687 -114.3717
34.4671 -114.3739
34.4656 -114.3750
34.4648 -114.3762
34.4637 -114.3774
34.4618 -114.3794
34.4602 -114.3806
34.4577 -114.3812
34.4558 -114.3814
34.4536 -114.3810
34.4520 -114.3807
34.4509 -114.3799
34.4505 -114.3788
34.4499 -114.3770
34.4487 -114.3752
34.4483 -114.3731
34.4485 -114.3702
34.4484 -114.3674
34.4487 -114.3648
34.4490 -114.3623
34.4499 -114.3585
34.4503 -114.3561
34.4513 -114.3532
34.4520 -114.3509
34.4528 -114.3485
34.4531 -114.3466
34.4536 -114.3444
34.4540 -114.3428
34.4541 -114.3408
34.4542 -114.3389
34.4542 -114.3369
34.4537 -114.3350
34.4526 -114.3342
34.4507 -114.3335
34.4487 -114.3323
34.4461 -114.3314
34.4438 -114.3309
34.4412 -114.3304
34.4388 -114.3292
34.4375 -114.3277
34.4355 -114.3262
34.4347 -114.3250
34.4342 -114.3232
34.4336 -114.3215
34.4338 -114.3203
34.4340 -114.3189
34.4346 -114.3166
34.4351 -114.3149
34.4349 -114.3127
34.4341 -114.3113
34.4330 -114.3096
34.4319 -114.3073
34.4299 -114.3037
34.4282 -114.3008
34.4265 -114.2985
34.4244 -114.2964
34.4223 -114.2947
34.4211 -114.2941
34.4197 -114.2933
34.4180 -114.2924
34.4162 -114.2918
34.4142 -114.2911
34.4116 -114.2902
34.4094 -114.2893
34.4081 -114.2885
34.4065 -114.2876
34.4052 -114.2862
34.4044 -114.2844
34.4039 -114.2824
34.4038 -114.2806
34.4039 -114.2788
34.4041 -114.2768
34.4039 -114.2755
34.4040 -114.2738
34.4035 -114.2717
34.4030 -114.2699
34.4021 -114.2680
34.4015 -114.2659
34.4003 -114.2639
34.3993 -114.2624
34.3980 -114.2606
34.3969 -114.2589
34.3958 -114.2570
34.3940 -114.2551
34.3927 -114.2529
34.3911 -114.2512
34.3895 -114.2502
34.3880 -114.2492
34.3862 -114.2478
34.3845 -114.2469
34.3833 -114.2465
34.3822 -114.2458
34.3817 -114.2445
34.3808 -114.2426
34.3802 -114.2409
34.3797 -114.2394
34.3792 -114.2380
34.3784 -114.2362
34.3775 -114.2348
34.3762 -114.2330
34.3750 -114.2318
34.3739 -114.2311
34.3716 -114.2298
34.3706 -114.2293
34.3693 -114.2287
34.3679 -114.2282
34.3666 -114.2275
34.3653 -114.2253
34.3644 -114.2230
34.3640 -114.2201
34.3636 -114.2175
34.3630 -114.2157
34.3625 -114.2138
34.3616 -114.2112
34.3610 -114.2096
34.3602 -114.2084
34.3594 -114.2067
34.3586 -114.2048
34.3585 -114.2031
34.3586 -114.2009
34.3583 -114.1971
34.3579 -114.1954
34.3579 -114.1937
34.3580 -114.1918
34.3580 -114.1902
34.3579 -114.1887
34.3574 -114.1868
34.3567 -114.1858
34.3554 -114.1844
34.3538 -114.1827
34.3520 -114.1809
34.3504 -114.1791
34.3490 -114.1774
34.3475 -114.1763
34.3449 -114.1745
34.3438 -114.1733
34.3423 -114.1719
34.3409 -114.1707
34.3396 -114.1700
34.3377 -114.1687
34.3362 -114.1669
34.3346 -114.1651
34.3337 -114.1624
34.3331 -114.1603
34.3326 -114.1586
34.3313 -114.1569
34.3299 -114.1559
34.3285 -114.1547
34.3270 -114.1538
34.3256 -114.1530
34.3244 -114.1520
34.3233 -114.1511
34.3218 -114.1506
34.3202 -114.1499
34.3185 -114.1489
34.3164 -114.1480
34.3139 -114.1463
34.3120 -114.1449
34.3100 -114.1434
34.3079 -114.1416
34.3060 -114.1400
34.3043 -114.1384
34.3032 -114.1378
34.3017 -114.1374
34.3002 -114.1370
34.2985 -114.1370
34.2963 -114.1373
34.2939 -114.1373
34.2923 -114.1375
34.2901 -114.1377
34.2882 -114.1378
34.2864 -114.1369
34.2841 -114.1360
34.2825 -114.1354
34.2812 -114.1356
34.2791 -114.1359
34.2773 -114.1365
34.2752 -114.1360
34.2736 -114.1354
34.2724 -114.1346
34.2711 -114.1342
34.2689 -114.1332
34.2672 -114.1322
34.2659 -114.1313
34.2643 -114.1307
34.2631 -114.1302
34.2615 -114.1301
34.2602 -114.1316
34.2593 -114.1333
34.2588 -114.1354
34.2587 -114.1370
34.2584 -114.1397
34.2584 -114.1421
34.2591 -114.1452
34.2602 -114.1483
34.2606 -114.1499
34.2607 -114.1538
34.2607 -114.1565
34.2611 -114.1591
34.2612 -114.1606
34.2601 -114.1629
34.2588 -114.1650
34.2572 -114.1675
34.2551 -114.1700
34.2539 -114.1711
34.2531 -114.1719
34.2518 -114.1726
34.2500 -114.1742
34.2500 -114.1749
34.2500 -114.1756
34.2500 -114.1762
34.2500 -114.1772
34.2419 -114.1794
34.2399 -114.1819
34.2377 -114.1842
34.2359 -114.1858
34.2336 -114.1882
34.2322 -114.1898
34.2307 -114.1924
34.2294 -114.1941
34.2278 -114.1957
34.2259 -114.1976
34.2244 -114.1991
34.2224 -114.2012
34.2207 -114.2037
34.2196 -114.2047
34.2180 -114.2061
34.2160 -114.2080
34.2147 -114.2092
34.2127 -114.2111
34.2109 -114.2132
34.2100 -114.2153
34.2089 -114.2179
34.2075 -114.2205
34.2060 -114.2231
34.2048 -114.2246
34.2031 -114.2251
34.2011 -114.2257
34.1993 -114.2257
34.1976 -114.2262
34.1959 -114.2258
34.1945 -114.2255
34.1931 -114.2254
34.1920 -114.2259
34.1905 -114.2273
34.1875 -114.2284
34.1875 -114.2300
34.1873 -114.2319
34.1860 -114.2349
34.1851 -114.2368
34.1846 -114.2386
34.1842 -114.2402
34.1828 -114.2415
34.1814 -114.2431
34.1805 -114.2449
34.1790 -114.2471
34.1773 -114.2500
34.1764 -114.2521
34.1752 -114.2542
34.1743 -114.2570
34.1731 -114.2606
34.1723 -114.2637
34.1719 -114.2663
34.1712 -114.2691
34.1710 -114.2714
34.1704 -114.2741
34.1697 -114.2769
34.1690 -114.2796
34.1685 -114.2830
34.1682 -114.2855
34.1684 -114.2870
34.1687 -114.2891
34.1683 -114.2911
34.1678 -114.2923
34.1665 -114.2933
34.1653 -114.2948
34.1631 -114.2966
34.1611 -114.2987
34.1596 -114.3005
34.1581 -114.3022
34.1564 -114.3038
34.1554 -114.3048
34.1537 -114.3060
34.1525 -114.3072
34.1499 -114.3091
34.1483 -114.3111
34.1471 -114.3125
34.1452 -114.3145
34.1437 -114.3160
34.1422 -114.3182
34.1407 -114.3203
34.1397 -114.3216
34.1382 -114.3237
34.1373 -114.3260
34.1364 -114.3283
34.1358 -114.3308
34.1350 -114.3340
34.1344 -114.3369
34.1345 -114.3388
34.1349 -114.3426
34.1349 -114.3452
34.1342 -114.3497
34.1341 -114.3512
34.1334 -114.3530
34.1326 -114.3544
34.1316 -114.3558
34.1304 -114.3573
34.1284 -114.3584
34.1250 -114.3594
34.1249 -114.3601
34.1228 -114.3607
34.1208 -114.3616
34.1197 -114.3619
34.1186 -114.3625
34.1176 -114.3631
34.1163 -114.3650
34.1155 -114.3668
34.1147 -114.3700
34.1147 -114.3729
34.1148 -114.3762
34.1142 -114.3786
34.1141 -114.3803
34.1141 -114.3816
34.1130 -114.3833
34.1120 -114.3848
34.1112 -114.3869
34.1108 -114.3888
34.1108 -114.3906
34.1113 -114.3926
34.1115 -114.3951
34.1119 -114.3970
34.1122 -114.3995
34.1124 -114.4025
34.1122 -114.4059
34.1116 -114.4092
34.1111 -114.4115
34.1106 -114.4130
34.1101 -114.4144
34.1093 -114.4159
34.1078 -114.4177
34.1062 -114.4192
34.1046 -114.4205
34.1032 -114.4220
34.1013 -114.4236
34.0993 -114.4253
34.0974 -114.4264
34.0959 -114.4274
34.0947 -114.4281
34.0931 -114.4288
34.0920 -114.4302
34.0911 -114.4323
34.0890 -114.4339
34.0872 -114.4345
34.0848 -114.4349
34.0827 -114.4358
34.0807 -114.4366
34.0790 -114.4369
34.0769 -114.4375
34.0754 -114.4383
34.0733 -114.4386
34.0706 -114.4382
34.0683 -114.4383
34.0662 -114.4386
34.0644 -114.4393
34.0625 -114.4395
34.0615 -114.4395
34.0596 -114.4401
34.0576 -114.4403
34.0556 -114.4403
34.0539 -114.4392
34.0519 -114.4389
34.0500 -114.4394
34.0482 -114.4388
34.0476 -114.4381
34.0456 -114.4375
34.0439 -114.4366
34.0425 -114.4362
34.0411 -114.4359
34.0391 -114.4357
34.0377 -114.4357
34.0363 -114.4358
34.0346 -114.4354
34.0333 -114.4355
34.0318 -114.4357
34.0301 -114.4362
34.0290 -114.4367
34.0273 -114.4373
34.0261 -114.4375
34.0245 -114.4378
34.0234 -114.4387
34.0218 -114.4399
34.0202 -114.4412
34.0189 -114.4423
34.0178 -114.4433
34.0167 -114.4443
34.0160 -114.4461
34.0151 -114.4479
34.0142 -114.4497
34.0137 -114.4512
34.0129 -114.4535
34.0125 -114.4556
34.0124 -114.4576
34.0123 -114.4598
34.0122 -114.4611
34.0125 -114.4625
34.0128 -114.4639
34.0123 -114.4656
34.0119 -114.4661
34.0102 -114.4677
34.0095 -114.4682
34.0087 -114.4684
34.0070 -114.4676
34.0058 -114.4671
34.0047 -114.4661
34.0038 -114.4646
34.0030 -114.4630
34.0024 -114.4619
34.0017 -114.4609
34.0007 -114.4603
> King sheet                                        
36.0000 -115.8900
36.0000 -115.8873
35.9980 -115.8839
35.9955 -115.8808
35.9941 -115.8788
35.9916 -115.8757
35.9894 -115.8730
35.9882 -115.8715
35.9862 -115.8695
35.9838 -115.8664
35.9825 -115.8648
35.9809 -115.8628
35.9791 -115.8604
35.9777 -115.8586
35.9759 -115.8562
35.9746 -115.8544
35.9725 -115.8514
35.9706 -115.8485
35.9687 -115.8453
35.9646 -115.8406
35.9631 -115.8387
35.9596 -115.8355
35.9574 -115.8327
35.9557 -115.8306
35.9538 -115.8281
35.9515 -115.8254
35.9494 -115.8224
35.9481 -115.8204
35.9459 -115.8172
35.9430 -115.8135
35.9409 -115.8107
35.9384 -115.8075
35.9358 -115.8044
35.9337 -115.8021
35.9318 -115.7995
35.9290 -115.7957
35.9266 -115.7930
35.9238 -115.7894
35.9207 -115.7859
35.9174 -115.7819
35.9147 -115.7783
35.9115 -115.7741
35.9073 -115.7691
35.9049 -115.7656
35.9015 -115.7618
35.8990 -115.7580
35.8962 -115.7542
35.8931 -115.7503
35.8906 -115.7469
35.8870 -115.7427
35.8832 -115.7384
35.8796 -115.7341
35.8773 -115.7310
35.8739 -115.7271
35.8709 -115.7234
35.8666 -115.7178
35.8625 -115.7127
35.8576 -115.7071
35.8560 -115.7047
35.8519 -115.6997
35.8483 -115.6956
35.8484 -115.6945
35.8453 -115.6913
35.8433 -115.6883
35.8412 -115.6851
35.8395 -115.6830
35.8371 -115.6798
35.8354 -115.6774
35.8332 -115.6748
35.8307 -115.6719
35.8288 -115.6698
35.8248 -115.6650
35.8229 -115.6632
35.8166 -115.6542
35.8088 -115.6435
35.8008 -115.6328
35.7947 -115.6254
35.7920 -115.6219
35.7891 -115.6176
35.7864 -115.6142
35.7830 -115.6095
35.7802 -115.6056
35.7738 -115.5985
35.7707 -115.5944
35.7676 -115.5905
35.7648 -115.5870
35.7629 -115.5845
35.7603 -115.5814
35.7577 -115.5782
35.7549 -115.5747
35.7510 -115.5696
35.7469 -115.5647
35.7434 -115.5605
35.7398 -115.5564
35.7372 -115.5528
35.7311 -115.5456
35.7288 -115.5417
35.7249 -115.5383
35.7226 -115.5356
35.7206 -115.5324
35.7183 -115.5298
35.7154 -115.5261
35.7132 -115.5227
35.7107 -115.5190
35.7080 -115.5158
35.7051 -115.5125
35.7026 -115.5097
35.6998 -115.5054
35.6958 -115.5000
35.6922 -115.4958
35.6875 -115.4915
35.6844 -115.4870
35.6807 -115.4826
35.6770 -115.4773
35.6731 -115.4723
35.6695 -115.4673
35.6656 -115.4621
35.6607 -115.4569
35.6573 -115.4527
35.6504 -115.4455
35.6459 -115.4383
35.6436 -115.4349
35.6415 -115.4323
35.6383 -115.4287
35.6348 -115.4251
35.6313 -115.4205
35.6275 -115.4156
35.6236 -115.4111
35.6198 -115.4062
35.6167 -115.4024
35.6129 -115.3975
35.6103 -115.3930
35.6064 -115.3880
35.6033 -115.3840
35.6001 -115.3799
35.5970 -115.3761
35.5937 -115.3727
35.5919 -115.3696
35.5881 -115.3647
35.5845 -115.3606
35.5820 -115.3578
35.5796 -115.3551
35.5768 -115.3518
35.5749 -115.3488
35.5722 -115.3455
35.5693 -115.3421
35.5670 -115.3391
35.5647 -115.3351
35.5625 -115.3312
35.5566 -115.3250
35.5517 -115.3191
35.5494 -115.3158
35.5464 -115.3125
35.5435 -115.3089
35.5399 -115.3043
35.5372 -115.3005
35.5338 -115.2964
35.5313 -115.2928
35.5277 -115.2888
35.5245 -115.2852
35.5210 -115.2808
35.5183 -115.2775
35.5156 -115.2737
35.5144 -115.2720
35.5108 -115.2678
35.5074 -115.2633
35.5000 -115.2556
35.4975 -115.2518
35.4951 -115.2500
35.4921 -115.2446
35.4874 -115.2395
35.4841 -115.2349
35.4803 -115.2301
35.4768 -115.2258
35.4741 -115.2226
35.4684 -115.2149
35.4622 -115.2072
35.4596 -115.2045
35.4565 -115.1997
35.4539 -115.1959
35.4507 -115.1917
35.4476 -115.1875
35.4409 -115.1797
35.4340 -115.1719
35.4313 -115.1676
35.4283 -115.1637
35.4250 -115.1598
35.4219 -115.1559
35.4185 -115.1519
35.4148 -115.1478
35.4122 -115.1441
35.4094 -115.1403
35.4069 -115.1367
35.4015 -115.1306
35.3950 -115.1235
35.3906 -115.1182
35.3874 -115.1137
35.3847 -115.1106
35.3816 -115.1069
35.3778 -115.1019
35.3725 -115.0964
35.3689 -115.0915
35.3654 -115.0871
35.3623 -115.0835
35.3587 -115.0784
35.3558 -115.0748
35.3517 -115.0701
35.3480 -115.0663
35.3441 -115.0613
35.3407 -115.0567
35.3370 -115.0518
35.3331 -115.0468
35.3287 -115.0417
35.3203 -115.0321
35.3162 -115.0257
35.3135 -115.0236
35.3082 -115.0173
35.3056 -115.0138
35.3031 -115.0104
35.2966 -115.0000
35.2966 -115.0000
35.2926 -114.9969
35.2845 -114.9878
35.2748 -114.9749
35.2660 -114.9641
35.2500 -114.9508
35.2495 -114.9439
35.2448 -114.9382
35.2409 -114.9335
35.2385 -114.9304
35.2351 -114.9259
35.2340 -114.9244
35.2327 -114.9224
35.2318 -114.9212
35.2294 -114.9184
35.2281 -114.9170
35.2264 -114.9152
35.2253 -114.9138
35.2235 -114.9116
35.2218 -114.9095
35.2203 -114.9077
35.2192 -114.9062
35.2176 -114.9045
35.2166 -114.9035
35.2156 -114.9025
35.2127 -114.8981
35.2106 -114.8954
35.2078 -114.8926
35.2065 -114.8911
35.2053 -114.8896
35.2053 -114.8896
35.2053 -114.8896
35.2031 -114.8860
35.2011 -114.8837
35.1969 -114.8794
35.1909 -114.8717
35.1868 -114.8671
35.1816 -114.8611
35.1804 -114.8591
35.1790 -114.8571
35.1772 -114.8545
35.1748 -114.8515
35.1726 -114.8490
35.1700 -114.8461
35.1679 -114.8433
35.1660 -114.8407
35.1637 -114.8379
35.1606 -114.8342
35.1583 -114.8312
35.1557 -114.8281
35.1530 -114.8247
35.1505 -114.8217
35.1480 -114.8189
35.1454 -114.8156
35.1427 -114.8125
35.1402 -114.8096
35.1381 -114.8064
35.1358 -114.8035
35.1339 -114.8014
35.1325 -114.8000
35.1320 -114.7993
35.1299 -114.7970
35.1268 -114.7934
35.1246 -114.7908
35.1219 -114.7877
35.1194 -114.7847
35.1167 -114.7812
35.1146 -114.7783
35.1112 -114.7742
35.1066 -114.7685
35.1019 -114.7628
35.0980 -114.7580
35.0950 -114.7536
35.0923 -114.7500
35.0898 -114.7476
35.0873 -114.7443
35.0845 -114.7412
35.0817 -114.7376
35.0772 -114.7322
35.0740 -114.7279
35.0709 -114.7244
35.0669 -114.7197
35.0643 -114.7170
35.0611 -114.7135
35.0577 -114.7090
35.0554 -114.7062
35.0531 -114.7030
35.0507 -114.6996
35.0473 -114.6948
35.0421 -114.6882
35.0391 -114.6848
35.0360 -114.6808
35.0337 -114.6782
35.0308 -114.6744
35.0269 -114.6703
35.0243 -114.6674
35.0216 -114.6640
35.0185 -114.6599
35.0165 -114.6572
35.0151 -114.6558
35.0116 -114.6524
35.0091 -114.6496
35.0069 -114.6463
35.0045 -114.6437
35.0019 -114.6404
35.0001 -114.6379
35.0000 -114.6356
35.0000 -114.6321
35.0000 -114.6309
> Death Valley sheet                                
37.0000 -117.2059
36.9972 -117.2016
36.9946 -117.1979
36.9915 -117.1934
36.9842 -117.1828
36.9803 -117.1787
36.9775 -117.1751
36.9746 -117.1716
36.9726 -117.1689
36.9703 -117.1661
36.9681 -117.1635
36.9663 -117.1611
36.9646 -117.1589
36.9619 -117.1557
36.9598 -117.1528
36.9585 -117.1504
36.9564 -117.1470
36.9535 -117.1428
36.9490 -117.1368
36.9467 -117.1336
36.9449 -117.1313
36.9425 -117.1280
36.9407 -117.1250
36.9387 -117.1222
36.9364 -117.1190
36.9341 -117.1162
36.9313 -117.1122
36.9292 -117.1091
36.9263 -117.1048
36.9241 -117.1017
36.9222 -117.0984
36.9181 -117.0938
36.9155 -117.0906
36.9128 -117.0870
36.9102 -117.0830
36.9076 -117.0798
36.9047 -117.0763
36.9014 -117.0717
36.8984 -117.0679
36.8951 -117.0638
36.8926 -117.0597
36.8891 -117.0558
36.8857 -117.0506
36.8829 -117.0468
36.8789 -117.0425
36.8756 -117.0386
36.8720 -117.0345
36.8685 -117.0298
36.8656 -117.0260
36.8629 -117.0219
36.8592 -117.0173
36.8564 -117.0135
36.8545 -117.0109
36.8525 -117.0080
36.8499 -117.0043
36.8476 -117.0012
36.8452 -116.9977
36.8431 -116.9943
36.8395 -116.9901
36.8368 -116.9865
36.8334 -116.9816
36.8320 -116.9791
36.8300 -116.9753
36.8252 -116.9721
36.8221 -116.9681
36.8195 -116.9651
36.8182 -116.9632
36.8162 -116.9599
36.8141 -116.9563
36.8103 -116.9510
36.8075 -116.9469
36.8041 -116.9422
36.8013 -116.9389
36.7985 -116.9348
36.7956 -116.9308
36.7927 -116.9270
36.7904 -116.9237
36.7873 -116.9194
36.7851 -116.9166
36.7828 -116.9138
36.7799 -116.9103
36.7771 -116.9063
36.7739 -116.9020
36.7703 -116.8970
36.7677 -116.8936
36.7649 -116.8894
36.7617 -116.8855
36.7579 -116.8810
36.7548 -116.8762
36.7522 -116.8722
36.7490 -116.8679
36.7448 -116.8626
36.7417 -116.8588
36.7388 -116.8556
36.7356 -116.8508
36.7333 -116.8464
36.7319 -116.8445
36.7291 -116.8407
36.7265 -116.8372
36.7232 -116.8334
36.7202 -116.8296
36.7173 -116.8257
36.7139 -116.8208
36.7104 -116.8161
36.7070 -116.8115
36.7033 -116.8064
36.6997 -116.8014
36.6962 -116.7979
36.6926 -116.7938
36.6900 -116.7900
36.6867 -116.7858
36.6833 -116.7811
36.6788 -116.7757
36.6757 -116.7710
36.6719 -116.7656
36.6684 -116.7609
36.6651 -116.7570
36.6614 -116.7521
36.6571 -116.7473
36.6538 -116.7429
36.6500 -116.7382
36.6469 -116.7336
36.6436 -116.7292
36.6396 -116.7244
36.6360 -116.7201
36.6325 -116.7149
36.6303 -116.7113
36.6274 -116.7076
36.6233 -116.7028
36.6202 -116.6988
36.6164 -116.6935
36.6124 -116.6883
36.6087 -116.6836
36.6044 -116.6777
36.6014 -116.6738
36.5980 -116.6694
36.5947 -116.6647
36.5917 -116.6607
36.5880 -116.6558
36.5845 -116.6516
36.5805 -116.6469
36.5754 -116.6401
36.5714 -116.6354
36.5688 -116.6316
36.5659 -116.6273
36.5622 -116.6230
36.5582 -116.6184
36.5553 -116.6145
36.5537 -116.6128
36.5498 -116.6081
36.5460 -116.6033
36.5406 -116.5952
36.5383 -116.5912
36.5348 -116.5863
36.5316 -116.5814
36.5267 -116.5766
36.5207 -116.5690
36.5182 -116.5652
36.5155 -116.5616
36.5124 -116.5572
36.5085 -116.5527
36.5052 -116.5490
36.5022 -116.5452
36.5000 -116.5420
36.4966 -116.5379
36.4939 -116.5342
36.4910 -116.5308
36.4884 -116.5276
36.4863 -116.5247
36.4846 -116.5227
36.4807 -116.5179
36.4786 -116.5145
36.4759 -116.5106
36.4741 -116.5074
36.4714 -116.5049
36.4690 -116.5018
36.4661 -116.4984
36.4627 -116.4940
36.4590 -116.4891
36.4552 -116.4838
36.4519 -116.4789
36.4491 -116.4754
36.4465 -116.4719
36.4435 -116.4678
36.4370 -116.4600
36.4329 -116.4556
36.4283 -116.4485
36.4233 -116.4415
36.4195 -116.4369
36.4159 -116.4318
36.4131 -116.4276
36.4079 -116.4208
36.4033 -116.4153
36.3983 -116.4086
36.3936 -116.4033
36.3893 -116.3968
36.3848 -116.3922
36.3794 -116.3839
36.3725 -116.3750
36.3655 -116.3657
36.3556 -116.3518
36.3525 -116.3489
36.3474 -116.3427
36.3440 -116.3378
36.3413 -116.3341
36.3386 -116.3306
36.3354 -116.3261
36.3294 -116.3194
36.3255 -116.3147
36.3212 -116.3091
36.3165 -116.3043
36.3044 -116.2870
36.2977 -116.2778
36.2907 -116.2690
36.2777 -116.2516
36.2705 -116.2429
36.2635 -116.2341
36.2556 -116.2235
36.2485 -116.2148
36.2417 -116.2053
36.2341 -116.1959
36.2257 -116.1848
36.2148 -116.1712
36.2072 -116.1615
36.1991 -116.1513
36.1910 -116.1406
36.1821 -116.1289
36.1752 -116.1199
36.1682 -116.1118
36.1617 -116.1032
36.1540 -116.0935
36.1458 -116.0823
36.1381 -116.0722
36.1320 -116.0640
36.1279 -116.0586
36.1250 -116.0534
36.1176 -116.0450
36.1106 -116.0364
36.1025 -116.0253
36.0957 -116.0170
36.0896 -116.0089
36.0842 -116.0016
36.0798 -115.9957
36.0753 -115.9897
36.0727 -115.9864
36.0690 -115.9811
36.0627 -115.9725
36.0555 -115.9646
36.0491 -115.9550
36.0377 -115.9406
36.0281 -115.9278
36.0184 -115.9152
36.0119 -115.9065
36.0068 -115.8996
36.0016 -115.8927
35.9986 -115.8895
> Mariposa sheet                                    
38.0009 -118.5697
37.9984 -118.5666
37.9961 -118.5625
37.9917 -118.5574
37.9887 -118.5531
37.9855 -118.5484
37.9810 -118.5427
37.9765 -118.5357
37.9699 -118.5267
37.9621 -118.5166
37.9588 -118.5118
37.9548 -118.5061
37.9510 -118.5010
37.9490 -118.4980
37.9447 -118.4928
37.9411 -118.4873
37.9379 -118.4832
37.9327 -118.4763
37.9297 -118.4714
37.9269 -118.4671
37.9230 -118.4624
37.9201 -118.4578
37.9150 -118.4514
37.9107 -118.4457
37.9062 -118.4389
37.9016 -118.4325
37.8973 -118.4269
37.8912 -118.4184
37.8864 -118.4113
37.8801 -118.4034
37.8742 -118.3949
37.8697 -118.3888
37.8660 -118.3832
37.8625 -118.3782
37.8568 -118.3706
37.8507 -118.3628
37.8461 -118.3565
37.8410 -118.3492
37.8345 -118.3396
37.8284 -118.3315
37.8212 -118.3216
37.8157 -118.3133
37.8096 -118.3049
37.8041 -118.2972
37.7979 -118.2890
37.7909 -118.2795
37.7858 -118.2725
37.7812 -118.2666
37.7725 -118.2542
37.7682 -118.2482
37.7628 -118.2408
37.7580 -118.2344
37.7500 -118.2260
37.7474 -118.2203
37.7434 -118.2143
37.7373 -118.2059
37.7319 -118.1986
37.7268 -118.1914
37.7208 -118.1834
37.7131 -118.1726
37.7073 -118.1645
37.7014 -118.1560
37.6930 -118.1447
37.6850 -118.1332
37.6772 -118.1235
37.6650 -118.1068
37.6565 -118.0951
37.6473 -118.0817
37.6384 -118.0699
37.6311 -118.0598
37.6250 -118.0504
37.6163 -118.0397
37.6044 -118.0233
37.5922 -118.0071
37.5828 -117.9944
37.5765 -117.9871
37.5715 -117.9813
37.5679 -117.9753
37.5588 -117.9624
37.5509 -117.9506
37.5422 -117.9388
37.5348 -117.9287
37.5248 -117.9151
37.5164 -117.9035
37.5092 -117.8941
37.5000 -117.8842
37.4930 -117.8718
37.4844 -117.8594
37.4728 -117.8434
37.4637 -117.8306
37.4561 -117.8204
37.4474 -117.8096
37.4395 -117.7990
37.4270 -117.7820
37.4168 -117.7679
37.4060 -117.7532
37.3950 -117.7378
37.3857 -117.7253
37.3722 -117.7070
37.3578 -117.6872
37.3458 -117.6705
37.3339 -117.6549
37.3189 -117.6338
37.3054 -117.6163
37.2935 -117.6002
37.2799 -117.5807
37.2651 -117.5595
37.2510 -117.5415
37.2338 -117.5187
37.2155 -117.4945
37.1911 -117.4618
37.1747 -117.4400
37.1588 -117.4189
37.1371 -117.3904
37.1165 -117.3627
37.0979 -117.3374
37.0782 -117.3108
37.0565 -117.2812
37.0382 -117.2565
37.0199 -117.2322
37.0080 -117.2160
36.9998 -117.2036
36.9981 -117.2024
> Sacramento sheet                                  
38.1407 -122.0005
38.1409 -121.9989
38.1405 -121.9980
38.1395 -121.9971
38.1384 -121.9967
38.1376 -121.9960
38.1367 -121.9948
38.1344 -121.9910
38.1338 -121.9900
38.1329 -121.9890
38.1313 -121.9878
38.1299 -121.9866
38.1286 -121.9856
38.1279 -121.9851
38.1250 -121.9839
38.1250 -121.9830
38.1241 -121.9821
38.1226 -121.9811
38.1213 -121.9805
38.1198 -121.9799
38.1178 -121.9793
38.1158 -121.9789
38.1146 -121.9801
38.1139 -121.9817
38.1132 -121.9832
38.1125 -121.9849
38.1118 -121.9872
38.1114 -121.9892
38.1107 -121.9907
38.1102 -121.9921
38.1098 -121.9927
38.1087 -121.9920
38.1076 -121.9912
38.1068 -121.9917
38.1066 -121.9930
38.1059 -121.9945
38.1052 -121.9957
38.1050 -121.9969
38.1049 -121.9979
38.1047 -121.9987
38.1029 -121.9995
38.1026 -122.0003
> Sacramento sheet                                  
38.0894 -122.0007
38.0876 -121.9988
38.0868 -121.9977
38.0866 -121.9966
38.0863 -121.9952
38.0866 -121.9945
38.0859 -121.9936
38.0857 -121.9930
38.0859 -121.9919
38.0861 -121.9905
38.0862 -121.9889
38.0862 -121.9873
38.0855 -121.9856
38.0848 -121.9840
38.0831 -121.9822
38.0817 -121.9812
38.0806 -121.9804
38.0802 -121.9794
38.0803 -121.9781
38.0805 -121.9772
38.0803 -121.9767
38.0791 -121.9761
38.0776 -121.9750
38.0766 -121.9740
38.0756 -121.9731
38.0748 -121.9719
38.0748 -121.9706
38.0749 -121.9695
38.0754 -121.9683
38.0758 -121.9675
38.0762 -121.9664
38.0760 -121.9657
38.0761 -121.9631
38.0764 -121.9617
38.0768 -121.9609
38.0775 -121.9600
38.0785 -121.9596
38.0792 -121.9589
38.0794 -121.9578
38.0793 -121.9566
38.0792 -121.9559
38.0783 -121.9548
38.0774 -121.9534
38.0766 -121.9519
38.0762 -121.9505
38.0762 -121.9491
38.0769 -121.9482
38.0774 -121.9467
38.0776 -121.9450
38.0778 -121.9436
38.0783 -121.9414
38.0787 -121.9404
38.0793 -121.9392
38.0798 -121.9385
38.0801 -121.9369
38.0803 -121.9351
38.0803 -121.9336
38.0812 -121.9318
38.0814 -121.9298
38.0812 -121.9279
38.0812 -121.9257
38.0814 -121.9236
38.0817 -121.9217
38.0821 -121.9199
38.0828 -121.9179
38.0831 -121.9165
38.0834 -121.9149
38.0835 -121.9137
38.0829 -121.9128
38.0821 -121.9117
38.0812 -121.9107
38.0804 -121.9094
38.0795 -121.9085
38.0774 -121.9077
38.0768 -121.9079
38.0751 -121.9088
38.0743 -121.9097
38.0731 -121.9109
38.0728 -121.9130
38.0724 -121.9146
38.0718 -121.9159
38.0714 -121.9177
38.0709 -121.9183
38.0704 -121.9191
38.0695 -121.9193
38.0683 -121.9194
38.0672 -121.9186
38.0653 -121.9182
38.0642 -121.9184
38.0623 -121.9186
38.0606 -121.9190
38.0597 -121.9196
38.0587 -121.9217
38.0584 -121.9239
38.0580 -121.9266
38.0575 -121.9285
38.0572 -121.9308
38.0565 -121.9317
38.0558 -121.9322
38.0547 -121.9318
38.0540 -121.9310
38.0535 -121.9291
38.0532 -121.9272
38.0528 -121.9249
38.0525 -121.9228
38.0521 -121.9207
38.0517 -121.9192
38.0514 -121.9165
38.0509 -121.9140
38.0507 -121.9119
38.0507 -121.9094
38.0505 -121.9071
38.0507 -121.9043
38.0508 -121.9019
38.0509 -121.8993
38.0512 -121.8964
38.0518 -121.8950
38.0532 -121.8934
38.0537 -121.8919
38.0537 -121.8892
38.0546 -121.8865
38.0551 -121.8842
38.0561 -121.8813
38.0574 -121.8785
38.0583 -121.8763
38.0595 -121.8735
38.0611 -121.8715
38.0627 -121.8692
38.0641 -121.8673
38.0653 -121.8659
38.0664 -121.8649
38.0677 -121.8646
38.0689 -121.8641
38.0703 -121.8642
38.0715 -121.8639
38.0727 -121.8641
38.0732 -121.8620
38.0733 -121.8607
38.0735 -121.8587
38.0741 -121.8559
38.0745 -121.8537
38.0756 -121.8521
38.0761 -121.8510
38.0759 -121.8503
38.0756 -121.8490
38.0765 -121.8464
38.0768 -121.8447
38.0775 -121.8426
38.0779 -121.8412
38.0785 -121.8396
38.0777 -121.8383
38.0765 -121.8363
38.0757 -121.8350
38.0750 -121.8339
38.0735 -121.8322
38.0725 -121.8305
38.0714 -121.8288
38.0708 -121.8271
38.0706 -121.8257
38.0704 -121.8242
38.0707 -121.8222
38.0702 -121.8205
38.0697 -121.8190
38.0688 -121.8163
38.0677 -121.8144
38.0665 -121.8125
38.0655 -121.8096
38.0647 -121.8067
38.0644 -121.8039
38.0640 -121.8014
38.0642 -121.7992
38.0644 -121.7973
38.0640 -121.7953
38.0634 -121.7934
38.0625 -121.7919
38.0616 -121.7900
38.0607 -121.7891
38.0598 -121.7881
38.0588 -121.7884
38.0583 -121.7888
38.0570 -121.7894
38.0554 -121.7885
38.0552 -121.7864
38.0551 -121.7847
38.0550 -121.7833
38.0539 -121.7830
38.0535 -121.7831
38.0525 -121.7838
38.0510 -121.7849
38.0501 -121.7858
38.0490 -121.7865
38.0471 -121.7862
38.0462 -121.7860
38.0448 -121.7857
38.0432 -121.7851
38.0413 -121.7844
38.0401 -121.7834
38.0394 -121.7817
38.0387 -121.7800
38.0383 -121.7787
38.0375 -121.7765
38.0360 -121.7740
38.0344 -121.7716
38.0341 -121.7685
38.0339 -121.7656
38.0335 -121.7631
38.0320 -121.7612
38.0296 -121.7604
38.0267 -121.7595
38.0265 -121.7578
38.0231 -121.7576
38.0208 -121.7574
38.0207 -121.7598
38.0203 -121.7620
38.0198 -121.7642
38.0193 -121.7668
38.0186 -121.7689
38.0176 -121.7719
38.0169 -121.7737
38.0161 -121.7757
38.0159 -121.7788
38.0163 -121.7818
38.0163 -121.7848
38.0165 -121.7888
38.0167 -121.7920
38.0169 -121.7945
38.0173 -121.7974
38.0180 -121.7990
38.0188 -121.8013
38.0182 -121.8035
38.0176 -121.8047
38.0173 -121.8074
38.0182 -121.8100
38.0188 -121.8132
38.0188 -121.8157
38.0192 -121.8182
38.0204 -121.8199
38.0222 -121.8216
38.0239 -121.8236
38.0251 -121.8256
38.0252 -121.8270
38.0251 -121.8294
38.0250 -121.8318
38.0257 -121.8342
38.0263 -121.8354
38.0261 -121.8367
38.0259 -121.8375
38.0264 -121.8401
38.0261 -121.8418
38.0266 -121.8443
38.0276 -121.8471
38.0287 -121.8496
38.0295 -121.8515
38.0300 -121.8524
38.0305 -121.8538
38.0303 -121.8560
38.0301 -121.8578
38.0305 -121.8601
38.0306 -121.8616
38.0307 -121.8650
38.0306 -121.8673
38.0309 -121.8693
38.0312 -121.8713
38.0325 -121.8732
38.0335 -121.8757
38.0345 -121.8783
38.0359 -121.8811
38.0367 -121.8827
38.0382 -121.8831
38.0401 -121.8839
38.0415 -121.8846
38.0421 -121.8854
38.0422 -121.8881
38.0419 -121.8907
38.0419 -121.8946
38.0412 -121.8961
38.0402 -121.8974
38.0396 -121.8988
38.0397 -121.9010
38.0395 -121.9033
38.0396 -121.9053
38.0399 -121.9072
38.0405 -121.9091
38.0413 -121.9109
38.0422 -121.9126
38.0424 -121.9147
38.0422 -121.9168
38.0422 -121.9191
38.0435 -121.9212
38.0438 -121.9240
38.0439 -121.9265
38.0439 -121.9283
38.0440 -121.9303
38.0450 -121.9318
38.0453 -121.9341
38.0459 -121.9361
38.0460 -121.9379
38.0461 -121.9393
38.0477 -121.9415
38.0482 -121.9421
38.0490 -121.9432
38.0501 -121.9451
38.0505 -121.9468
38.0514 -121.9487
38.0504 -121.9499
38.0495 -121.9514
38.0493 -121.9522
38.0490 -121.9544
38.0488 -121.9575
38.0486 -121.9595
38.0486 -121.9609
38.0485 -121.9638
38.0485 -121.9660
38.0484 -121.9675
38.0481 -121.9698
38.0480 -121.9722
38.0483 -121.9744
38.0486 -121.9776
38.0488 -121.9791
38.0493 -121.9814
38.0508 -121.9841
38.0526 -121.9860
38.0540 -121.9894
38.0547 -121.9909
38.0549 -121.9927
38.0542 -121.9963
38.0547 -122.0007
> Sacramento sheet                                  
38.0777 -122.0006
38.0784 -121.9995
38.0789 -121.9990
38.0794 -121.9990
38.0799 -121.9991
38.0809 -121.9986
38.0819 -121.9985
38.0826 -121.9988
38.0839 -122.0004
> Walker sheet                                      
38.9988 -120.0000
38.9961 -119.9973
38.9932 -119.9940
38.9913 -119.9913
38.9899 -119.9894
38.9882 -119.9868
38.9847 -119.9816
38.9835 -119.9795
38.9821 -119.9771
38.9809 -119.9756
38.9789 -119.9731
38.9772 -119.9706
38.9766 -119.9690
38.9746 -119.9667
38.9732 -119.9647
38.9720 -119.9628
38.9709 -119.9612
38.9691 -119.9586
38.9675 -119.9561
38.9662 -119.9541
38.9648 -119.9520
38.9632 -119.9496
38.9615 -119.9474
38.9600 -119.9450
38.9579 -119.9420
38.9564 -119.9397
38.9545 -119.9367
38.9533 -119.9347
38.9518 -119.9321
38.9499 -119.9295
38.9478 -119.9262
38.9451 -119.9219
38.9428 -119.9188
38.9419 -119.9177
38.9389 -119.9124
38.9363 -119.9093
38.9341 -119.9062
38.9323 -119.9035
38.9300 -119.9009
38.9277 -119.8974
38.9252 -119.8937
38.9230 -119.8906
38.9211 -119.8874
38.9190 -119.8842
38.9163 -119.8805
38.9141 -119.8772
38.9118 -119.8734
38.9094 -119.8705
38.9049 -119.8643
38.9022 -119.8603
38.9002 -119.8574
38.8983 -119.8546
38.8963 -119.8521
38.8941 -119.8495
38.8923 -119.8470
38.8902 -119.8441
38.8878 -119.8408
38.8859 -119.8384
38.8844 -119.8362
38.8817 -119.8321
38.8799 -119.8297
38.8772 -119.8255
38.8750 -119.8205
38.8715 -119.8171
38.8698 -119.8148
38.8677 -119.8119
38.8658 -119.8087
38.8637 -119.8055
38.8617 -119.8024
38.8588 -119.7982
38.8560 -119.7941
38.8527 -119.7887
38.8475 -119.7812
38.8448 -119.7775
38.8409 -119.7721
38.8377 -119.7668
38.8342 -119.7621
38.8294 -119.7558
38.8255 -119.7504
38.8216 -119.7447
38.8185 -119.7400
38.8135 -119.7331
38.8100 -119.7284
38.8074 -119.7248
38.8054 -119.7225
38.8030 -119.7196
38.8002 -119.7167
38.7957 -119.7090
38.7938 -119.7059
38.7892 -119.7006
38.7875 -119.6985
38.7857 -119.6962
38.7843 -119.6921
38.7803 -119.6853
38.7728 -119.6752
38.7632 -119.6600
38.7605 -119.6566
38.7553 -119.6484
38.7522 -119.6439
38.7500 -119.6394
38.7468 -119.6356
38.7422 -119.6278
38.7373 -119.6205
38.7325 -119.6132
38.7280 -119.6068
38.7229 -119.6010
38.7195 -119.5960
38.7173 -119.5917
38.7133 -119.5868
38.7109 -119.5834
38.7070 -119.5781
38.7008 -119.5685
38.6931 -119.5572
38.6875 -119.5517
38.6846 -119.5458
38.6804 -119.5392
38.6751 -119.5315
38.6681 -119.5219
38.6620 -119.5130
38.6562 -119.5050
38.6487 -119.4945
38.6417 -119.4838
38.6360 -119.4752
38.6283 -119.4652
38.6250 -119.4580
38.6194 -119.4508
38.6128 -119.4420
38.6069 -119.4340
38.6035 -119.4285
38.5978 -119.4210
38.5919 -119.4127
38.5853 -119.4030
38.5816 -119.3974
38.5792 -119.3943
38.5769 -119.3903
38.5736 -119.3854
38.5706 -119.3812
38.5677 -119.3770
38.5653 -119.3733
38.5624 -119.3693
38.5586 -119.3638
38.5551 -119.3589
38.5519 -119.3541
38.5489 -119.3488
38.5454 -119.3436
38.5388 -119.3344
38.5309 -119.3243
38.5274 -119.3203
38.5215 -119.3116
38.5144 -119.3018
38.5066 -119.2911
38.5000 -119.2764
38.4893 -119.2636
38.4787 -119.2500
38.4707 -119.2378
38.4641 -119.2287
38.4618 -119.2255
38.4590 -119.2224
38.4567 -119.2190
38.4543 -119.2149
38.4516 -119.2116
38.4483 -119.2068
38.4457 -119.2029
38.4426 -119.1981
38.4392 -119.1934
38.4328 -119.1836
38.4254 -119.1734
38.4172 -119.1601
38.4101 -119.1510
38.4026 -119.1402
38.3927 -119.1267
38.3871 -119.1178
38.3806 -119.1090
38.3741 -119.0998
38.3647 -119.0863
38.3536 -119.0709
38.3421 -119.0540
38.3338 -119.0422
38.3231 -119.0275
38.3093 -119.0075
38.2969 -118.9905
38.2830 -118.9708
38.2664 -118.9478
38.2511 -118.9252
38.2369 -118.9042
38.2076 -118.8648
38.1971 -118.8504
38.1815 -118.8277
38.1691 -118.8092
38.1567 -118.7929
38.1399 -118.7690
38.1250 -118.7471
38.1062 -118.7212
38.0931 -118.7017
38.0744 -118.6762
38.0566 -118.6514
38.0408 -118.6299
38.0243 -118.6066
38.0096 -118.5852
37.9993 -118.5714
> San Diego-El Centro sheet                         
32.9994 -114.4983
32.9961 -114.4976
32.9922 -114.4964
32.9892 -114.4955
32.9844 -114.4952
32.9835 -114.4947
32.9804 -114.4942
32.9766 -114.4929
32.9752 -114.4916
32.9687 -114.4903
32.9687 -114.4878
32.9687 -114.4850
32.9687 -114.4823
32.9687 -114.4803
32.9687 -114.4780
32.9687 -114.4762
32.9687 -114.4734
32.9687 -114.4712
32.9687 -114.4689
32.9687 -114.4674
32.9686 -114.4663
32.9661 -114.4656
32.9634 -114.4652
32.9603 -114.4650
32.9585 -114.4656
32.9566 -114.4662
32.9531 -114.4674
32.9513 -114.4688
32.9488 -114.4699
32.9464 -114.4711
32.9437 -114.4726
32.9419 -114.4740
32.9403 -114.4750
32.9386 -114.4763
32.9367 -114.4776
32.9335 -114.4779
32.9297 -114.4777
32.9267 -114.4770
32.9219 -114.4756
32.9209 -114.4730
32.9179 -114.4700
32.9154 -114.4672
32.9116 -114.4646
32.9062 -114.4630
32.9062 -114.4615
32.9042 -114.4605
32.9015 -114.4605
32.8976 -114.4602
32.8947 -114.4604
32.8906 -114.4607
32.8885 -114.4606
32.8856 -114.4607
32.8817 -114.4608
32.8789 -114.4610
32.8760 -114.4610
32.8750 -114.4610
32.8750 -114.4611
32.8750 -114.4610
32.8750 -114.4608
32.8630 -114.4611
32.8594 -114.4612
32.8583 -114.4615
32.8553 -114.4619
32.8537 -114.4624
32.8516 -114.4628
32.8505 -114.4634
32.8490 -114.4643
32.8437 -114.4664
32.8437 -114.4682
32.8437 -114.4697
32.8431 -114.4714
32.8409 -114.4729
32.8388 -114.4749
32.8359 -114.4766
32.8348 -114.4787
32.8329 -114.4804
32.8307 -114.4820
32.8281 -114.4841
32.8261 -114.4866
32.8242 -114.4891
32.8223 -114.4911
32.8203 -114.4930
32.8193 -114.4951
32.8184 -114.4972
32.8174 -114.4997
32.8165 -114.5024
32.8147 -114.5057
32.8138 -114.5077
32.8121 -114.5101
32.8098 -114.5118
32.8086 -114.5136
32.8060 -114.5158
32.8030 -114.5180
32.8008 -114.5203
32.7986 -114.5222
32.7969 -114.5236
32.7937 -114.5252
32.7912 -114.5267
32.7891 -114.5276
32.7860 -114.5287
32.7830 -114.5292
32.7812 -114.5292
32.7765 -114.5292
32.7734 -114.5290
32.7704 -114.5283
32.7670 -114.5275
32.7656 -114.5269
32.7620 -114.5261
32.7591 -114.5253
32.7564 -114.5254
32.7533 -114.5260
32.7504 -114.5267
32.7500 -114.5276
32.7500 -114.5287
32.7500 -114.5311
32.7500 -114.5333
32.7500 -114.5354
32.7500 -114.5377
32.7297 -114.5404
32.7270 -114.5440
32.7266 -114.5466
32.7266 -114.5502
32.7213 -114.5537
32.7205 -114.5570
32.7203 -114.5606
32.7205 -114.5642
32.7207 -114.5675
32.7217 -114.5717
32.7222 -114.5748
32.7228 -114.5779
32.7230 -114.5797
32.7233 -114.5819
32.7223 -114.5847
32.7219 -114.5869
32.7211 -114.5894
32.7205 -114.5926
32.7206 -114.5958
32.7206 -114.5982
32.7215 -114.6000
32.7230 -114.6013
32.7266 -114.6023
32.7266 -114.6038
32.7266 -114.6069
32.7266 -114.6095
32.7268 -114.6150
32.7273 -114.6190
32.7278 -114.6227
32.7284 -114.6276
32.7290 -114.6337
32.7296 -114.6383
32.7302 -114.6432
32.7313 -114.6480
32.7318 -114.6530
32.7500 -114.6581
32.7500 -114.6641
32.7500 -114.6705
32.7500 -114.6784
32.7500 -114.6820
32.7500 -114.6859
32.7500 -114.6889
32.7500 -114.6926
32.7500 -114.6951
32.7500 -114.6973
32.7500 -114.6994
32.7500 -114.7013
32.7500 -114.7021
32.7500 -114.7048
32.7500 -114.7070
32.7323 -114.7089
32.7300 -114.7107
32.7272 -114.7124
32.7250 -114.7132
32.7223 -114.7148
32.7197 -114.7163
32.7168 -114.7180
32.7161 -114.7264
32.7158 -114.7319
32.7152 -114.7398
32.7147 -114.7480
32.7144 -114.7547
32.7140 -114.7636
32.7130 -114.7751
32.7123 -114.7835
32.7115 -114.7945
32.7111 -114.8037
32.7105 -114.8136
32.7096 -114.8235
32.7089 -114.8362
32.7082 -114.8465
32.7076 -114.8581
32.7066 -114.8683
32.7060 -114.8810
32.7052 -114.8963
32.7046 -114.9090
32.7034 -114.9245
32.7024 -114.9379
32.7014 -114.9554
32.7003 -114.9714
32.6991 -114.9849
32.6982 -115.0039
32.6974 -115.0195
32.6961 -115.0417
32.6937 -115.0719
32.6921 -115.0970
32.6899 -115.1281
32.6884 -115.1457
32.6875 -115.1675
32.6875 -115.1888
32.6875 -115.2103
32.6875 -115.2319
32.6875 -115.2585
32.6796 -115.2822
32.6765 -115.3062
32.6756 -115.3324
32.6737 -115.3554
32.6721 -115.3777
32.6718 -115.3824
32.6713 -115.3927
32.6704 -115.4023
32.6695 -115.4155
32.6677 -115.4377
32.6657 -115.4723
32.6643 -115.4876
32.6628 -115.5017
32.6618 -115.5205
32.6606 -115.5383
32.6584 -115.5655
32.6582 -115.5907
32.6550 -115.6101
32.6539 -115.6306
32.6520 -115.6488
32.6513 -115.6643
32.6490 -115.6868
32.6479 -115.7080
32.6454 -115.7387
32.6436 -115.7632
32.6422 -115.7826
32.6406 -115.8099
32.6394 -115.8236
32.6379 -115.8431
32.6372 -115.8571
32.6353 -115.8765
32.6341 -115.8948
32.6331 -115.9115
32.6319 -115.9277
32.6306 -115.9435
32.6293 -115.9568
32.6287 -115.9668
32.6281 -115.9791
32.6272 -115.9884
32.6266 -115.9964
32.6263 -116.0009
32.5600 -117.1000
>
