>99 370
-117.1212 32.5292
-117.1207 32.5189
-117.1208 32.5067
-117.1203 32.4991
-117.1219 32.4902
-117.1212 32.4806
-117.1193 32.4707
-117.1153 32.4600
-117.1105 32.4503
-117.1030 32.4396
-117.0991 32.4333
-117.0970 32.4241
-117.0950 32.4174
-117.0918 32.4079
-117.0915 32.4017
-117.0903 32.3955
-117.0864 32.3896
-117.0800 32.3801
-117.0752 32.3768
-117.0719 32.3691
-117.0681 32.3615
-117.0660 32.3525
-117.0627 32.3451
-117.0586 32.3372
-117.0538 32.3297
-117.0504 32.3239
-117.0477 32.3172
-117.0466 32.3101
-117.0433 32.3020
-117.0426 32.2983
-117.0387 32.2954
-117.0359 32.2887
-117.0355 32.2834
-117.0337 32.2806
-117.0305 32.2797
-117.0287 32.2759
-117.0256 32.2720
-117.0214 32.2682
-117.0177 32.2672
-117.0126 32.2664
-117.0070 32.2640
-117.0006 32.2618
-116.9936 32.2587
-116.9853 32.2580
-116.9804 32.2577
-116.9729 32.2550
-116.9724 32.2552
-116.9681 32.2531
-116.9679 32.2531
-116.9614 32.2513
-116.9553 32.2498
-116.9483 32.2473
-116.9411 32.2437
-116.9311 32.2382
-116.9238 32.2303
-116.9158 32.2195
-116.9155 32.2191
-116.9113 32.2089
-116.9096 32.2024
-116.9083 32.1927
-116.9075 32.1858
-116.9063 32.1810
-116.9059 32.1766
-116.9056 32.1704
-116.9036 32.1662
-116.9036 32.1660
-116.9004 32.1629
-116.8963 32.1580
-116.8958 32.1553
-116.8936 32.1509
-116.8918 32.1462
-116.8904 32.1409
-116.8887 32.1347
-116.8855 32.1270
-116.8826 32.1182
-116.8818 32.1093
-116.8819 32.0999
-116.8808 32.0902
-116.8820 32.0872
-116.8837 32.0850
-116.8817 32.0810
-116.8806 32.0741
-116.8793 32.0660
-116.8798 32.0578
-116.8806 32.0518
-116.8809 32.0498
-116.8834 32.0469
-116.8822 32.0422
-116.8817 32.0363
-116.8818 32.0317
-116.8812 32.0266
-116.8789 32.0229
-116.8782 32.0190
-116.8730 32.0149
-116.8730 32.0149
-116.8661 32.0109
-116.8661 32.0111
-116.8582 32.0068
-116.8519 32.0014
-116.8465 31.9923
-116.8432 31.9869
-116.8377 31.9841
-116.8326 31.9833
-116.8326 31.9833
-116.8239 31.9840
-116.8152 31.9858
-116.8152 31.9858
-116.8074 31.9873
-116.8071 31.9873
-116.8071 31.9873
-116.7993 31.9873
-116.7902 31.9859
-116.7846 31.9840
-116.7787 31.9820
-116.7718 31.9784
-116.7653 31.9741
-116.7592 31.9696
-116.7544 31.9621
-116.7520 31.9547
-116.7499 31.9448
-116.7502 31.9356
-116.7508 31.9281
-116.7489 31.9207
-116.7472 31.9156
-116.7420 31.9102
-116.7340 31.9072
-116.7284 31.9076
-116.7209 31.9065
-116.7143 31.9031
-116.7052 31.8999
-116.6965 31.8969
-116.6965 31.8969
-116.6888 31.8928
-116.6844 31.8879
-116.6844 31.8881
-116.6798 31.8816
-116.6779 31.8737
-116.6751 31.8714
-116.6695 31.8694
-116.6622 31.8688
-116.6620 31.8690
-116.6569 31.8689
-116.6501 31.8685
-116.6440 31.8674
-116.6440 31.8674
-116.6390 31.8638
-116.6346 31.8591
-116.6318 31.8545
-116.6284 31.8516
-116.6265 31.8520
-116.6259 31.8555
-116.6225 31.8597
-116.6218 31.8627
-116.6183 31.8629
-116.6118 31.8586
-116.6079 31.8529
-116.6054 31.8432
-116.6052 31.8343
-116.6039 31.8260
-116.6036 31.8189
-116.6049 31.8125
-116.6055 31.8051
-116.6071 31.7971
-116.6093 31.7908
-116.6118 31.7874
-116.6126 31.7807
-116.6201 31.7731
-116.6262 31.7625
-116.6329 31.7493
-116.6391 31.7421
-116.6487 31.7357
-116.6575 31.7313
-116.6643 31.7283
-116.6692 31.7264
-116.6759 31.7277
-116.6827 31.7322
-116.6900 31.7370
-116.6964 31.7394
-116.7057 31.7424
-116.7147 31.7463
-116.7227 31.7481
-116.7278 31.7475
-116.7277 31.7416
-116.7257 31.7390
-116.7248 31.7346
-116.7244 31.7302
-116.7209 31.7308
-116.7160 31.7309
-116.7126 31.7306
-116.7097 31.7278
-116.7078 31.7220
-116.7038 31.7208
-116.6979 31.7211
-116.6891 31.7193
-116.6836 31.7152
-116.6753 31.7068
-116.6704 31.7002
-116.6669 31.6951
-116.6646 31.6909
-116.6600 31.6859
-116.6552 31.6833
-116.6522 31.6784
-116.6471 31.6712
-116.6443 31.6679
-116.6461 31.6608
-116.6483 31.6544
-116.6503 31.6494
-116.6503 31.6441
-116.6524 31.6378
-116.6553 31.6314
-116.6590 31.6271
-116.6613 31.6215
-116.6615 31.6171
-116.6609 31.6120
-116.6565 31.6057
-116.6506 31.5989
-116.6439 31.5916
-116.6436 31.5870
-116.6436 31.5845
-116.6469 31.5839
-116.6501 31.5840
-116.6538 31.5855
-116.6565 31.5858
-116.6654 31.5835
-116.6671 31.5814
-116.6725 31.5816
-116.6819 31.5806
-116.6871 31.5766
-116.6854 31.5713
-116.6847 31.5630
-116.6817 31.5554
-116.6788 31.5544
-116.6758 31.5568
-116.6723 31.5574
-116.6662 31.5555
-116.6625 31.5531
-116.6589 31.5489
-116.6562 31.5442
-116.6532 31.5381
-116.6507 31.5335
-116.6495 31.5286
-116.6454 31.5237
-116.6380 31.5217
-116.6324 31.5216
-116.6315 31.5215
-116.6258 31.5182
-116.6198 31.5130
-116.6158 31.5071
-116.6134 31.5046
 243.571 31.4268
 243.649 31.3229
 243.737 31.2188
 243.792 31.1336
 243.837 31.0199
 243.837 30.944
 243.881 30.925
 243.914 30.849
 243.98  30.8015
 244.035 30.6874
 244.101 30.535
 244.101 30.3823
 244.123 30.3441
 244.19  30.3919
 244.245 30.3728
 244.289 30.239
 244.322 30.0859
>99 370
 245.644 30
 245.625 30.0284
 245.559 30.0955
 245.548 30.1051
 245.515 30.2868
 245.47  30.43
 245.47  30.5826
 245.459 30.7349
 245.437 30.8775
 245.338 30.9914
 245.294 31.1147
 245.272 31.285
 245.249 31.4079
-114.8509 31.4746
-114.8500 31.5026
-114.8535 31.5252
-114.8517 31.5461
-114.8478 31.5625
-114.8426 31.5774
-114.8401 31.5874
-114.8357 31.5937
-114.8295 31.5953
-114.8266 31.5988
-114.8254 31.6045
-114.8255 31.6121
-114.8163 31.6085
-114.8104 31.6083
-114.8107 31.6126
-114.8114 31.6184
-114.8114 31.6184
-114.8050 31.6184
-114.7922 31.6222
-114.7826 31.6292
-114.7768 31.6411
-114.7741 31.6582
-114.7775 31.6791
-114.7845 31.6922
-114.7955 31.7044
-114.8058 31.7161
-114.8125 31.7267
-114.8184 31.7400
-114.8198 31.7532
-114.8181 31.7667
-114.8180 31.7830
-114.8169 31.7963
-114.8168 31.8064
-114.8237 31.8094
-114.8501 31.8181
-114.8671 31.8250
-114.8795 31.8347
-114.8889 31.8445
-114.8995 31.8504
-114.9096 31.8538
-114.9137 31.8615
-114.9124 31.8661
-114.9096 31.8710
-114.9113 31.8743
-114.9167 31.8750
-114.9284 31.8810
-114.9377 31.8924
-114.9471 31.9033
-114.9538 31.9086
-114.9585 31.9153
-114.9660 31.9201
-114.9721 31.9227
-114.9765 31.9210
-114.9786 31.9170
-114.9889 31.9151
-114.9991 31.9166
-115.0075 31.9204
-115.0114 31.9275
-115.0136 31.9354
-115.0155 31.9403
-115.0236 31.9495
-115.0372 31.9618
-115.0403 31.9736
-115.0356 31.9801
-115.0281 31.9835
-115.0216 31.9846
-115.0173 31.9833
-115.0170 31.9745
-115.0198 31.9680
-115.0220 31.9577
-115.0123 31.9495
-114.9966 31.9365
-114.9874 31.9286
-114.9788 31.9278
-114.9706 31.9286
-114.9611 31.9257
-114.9481 31.9217
-114.9370 31.9139
-114.9206 31.9039
-114.9073 31.8967
-114.8984 31.8931
-114.8849 31.8893
-114.8764 31.8816
-114.8624 31.8721
-114.8517 31.8673
-114.8352 31.8597
-114.8247 31.8508
-114.8185 31.8407
-114.8058 31.8296
-114.7917 31.8262
-114.7770 31.8291
-114.7641 31.8279
-114.7561 31.8280
-114.7437 31.8183
-114.7325 31.8077
-114.7164 31.7946
-114.7077 31.7864
-114.6955 31.7758
-114.6840 31.7698
-114.6722 31.7695
-114.6570 31.7714
-114.6443 31.7730
-114.6287 31.7725
-114.6123 31.7718
-114.5987 31.7708
-114.5906 31.7668
-114.5822 31.7627
-114.5748 31.7560
-114.5643 31.7491
-114.5541 31.7445
-114.5464 31.7384
-114.5384 31.7286
-114.5345 31.7216
-114.5251 31.7138
-114.5181 31.7101
-114.5115 31.7070
-114.5078 31.7016
-114.5042 31.6957
-114.4926 31.6878
-114.4776 31.6830
-114.4655 31.6792
-114.4572 31.6747
-114.4517 31.6674
-114.4478 31.6617
-114.4448 31.6574
-114.4398 31.6560
-114.4297 31.6549
-114.4196 31.6489
-114.4193 31.6487
-114.3834 31.6315
-114.3429 31.6101
-114.3273 31.6020
-114.3246 31.5991
-114.3241 31.5934
-114.3244 31.5890
-114.3209 31.5854
-114.3032 31.5727
-114.2691 31.5525
-114.2519 31.5459
-114.2360 31.5420
-114.2181 31.5285
-114.1905 31.5162
-114.1640 31.5046
-114.1280 31.5008
-114.0933 31.5026
-114.0626 31.5005
-114.0362 31.4978
-114.0244 31.5025
-114.0209 31.5134
-114.0109 31.5263
-114.0025 31.5282
-113.9946 31.5340
-113.9795 31.5376
-113.9762 31.5439
-113.9756 31.5519
-113.9694 31.5592
-113.9606 31.5661
-113.9524 31.5719
-113.9449 31.5729
-113.9444 31.5800
-113.9503 31.5831
-113.9592 31.5858
-113.9651 31.5861
-113.9709 31.5848
-113.9751 31.5813
-113.9811 31.5770
-113.9846 31.5765
-113.9893 31.5779
-113.9859 31.5814
-113.9808 31.5841
-113.9841 31.5877
-113.9851 31.5924
-113.9780 31.5943
-113.9705 31.5944
-113.9699 31.5951
-113.9685 31.6037
-113.9699 31.6144
-113.9722 31.6271
-113.9763 31.6418
-113.9761 31.6480
-113.9745 31.6560
-113.9744 31.6645
-113.9707 31.6678
-113.9668 31.6623
-113.9625 31.6616
-113.9596 31.6571
-113.9628 31.6497
-113.9645 31.6376
-113.9621 31.6287
-113.9594 31.6224
-113.9539 31.6242
-113.9538 31.6244
-113.9508 31.6254
-113.9405 31.6162
-113.9308 31.6118
-113.9223 31.6109
-113.9135 31.6105
-113.9081 31.6102
-113.9061 31.6122
-113.9091 31.6195
-113.9036 31.6201
-113.8976 31.6150
-113.8926 31.6090
-113.8915 31.6025
-113.8864 31.5986
-113.8780 31.5917
-113.8717 31.5902
-113.8657 31.5909
-113.8625 31.5946
-113.8561 31.5943
-113.8453 31.5910
-113.8355 31.5857
-113.8246 31.5808
-113.8149 31.5766
-113.8043 31.5713
-113.7941 31.5671
-113.7866 31.5671
-113.7741 31.5727
-113.7682 31.5729
-113.7730 31.5653
-113.7660 31.5629
-113.7572 31.5542
-113.7451 31.5508
-113.7303 31.5473
-113.7128 31.5406
-113.7009 31.5350
-113.6886 31.5309
-113.6739 31.5223
-113.6617 31.5134
-113.6523 31.5065
-113.6395 31.4943
-113.6303 31.4773
-113.6278 31.4717
-113.6231 31.4592
-113.6215 31.4520
-113.6221 31.4403
-113.6221 31.4330
 246.409 31.3985
 246.42  31.304
 246.497 31.2661 
 246.63  31.2472
 246.74  31.2094
 246.839 31.1904
 246.928 31.1241
 246.994 31.0388
 246.994 30.9724
 246.994 30.849
 247.005 30.7254
 247.038 30.6302
 247.104 30.5445
 247.182 30.411
 247.204 30.2963
 247.248 30.2581
 247.314 30.1529
>99 370
-114.6490 31.6840
-114.6586 31.6851
-114.6649 31.6877
-114.6678 31.6919
-114.6737 31.6931
-114.6836 31.6979
-114.6881 31.7027
-114.6930 31.7068
-114.6961 31.7041
-114.6922 31.6982
-114.6926 31.6916
-114.6949 31.6880
-114.7065 31.6880
-114.7152 31.6912
-114.7207 31.6882
-114.7339 31.6968
-114.7472 31.7035
-114.7580 31.7113
-114.7653 31.7160
-114.7780 31.7326
-114.7861 31.7410
-114.7901 31.7508
-114.7911 31.7605
-114.7935 31.7735
-114.7918 31.7837
-114.7891 31.7896
-114.7885 31.7944
-114.7889 31.8009
-114.7880 31.8068
-114.7797 31.8115
-114.7686 31.8113
-114.7584 31.8065
-114.7493 31.7974
-114.7402 31.7876
-114.7330 31.7779
-114.7330 31.7779
-114.7219 31.7666
-114.7075 31.7554
-114.6943 31.7473
-114.6791 31.7402
-114.6770 31.7392
-114.6660 31.7298
-114.6635 31.7267
-114.6561 31.7167
-114.6532 31.7065
-114.6485 31.6962
-114.6467 31.6901
-114.6485 31.6874
-114.6508 31.6857
>99 370
-114.6669 31.7590
-114.6562 31.7631
-114.6470 31.7634
-114.6346 31.7638
-114.6311 31.7637
-114.6250 31.7629
-114.6161 31.7623
-114.6132 31.7624
-114.6057 31.7619
-114.5994 31.7584
-114.5984 31.7499
-114.6012 31.7394
-114.6099 31.7372
-114.6173 31.7394
-114.6253 31.7411
-114.6353 31.7445
-114.6448 31.7466
-114.6533 31.7488
-114.6615 31.7516
-114.6665 31.7564
-114.6657 31.7615
-114.6575 31.7632
