 241.4000  34.3340     3.40
 243.0440  35.0230     3.40
 243.4950  34.4850     3.00
 243.6320  33.9440     3.80
 242.4070  36.4710     3.80
 242.3540  35.7610     5.20
 242.3530  35.7680     3.00
 242.3600  35.7550     3.20
 242.3550  35.7620     3.20
 242.3600  35.7730     3.30
 242.3680  35.7620     3.20
 242.3470  35.7700     3.40
 242.3570  35.7620     3.60
 242.3470  35.7670     3.10
 242.3800  35.7550     4.20
 242.3640  35.7790     4.40
 242.3680  35.7990     4.20
 242.3650  35.7740     3.70
 242.3560  35.7840     3.10
 242.3610  35.7790     3.10
 242.3550  35.7620     3.60
 242.3610  35.7750     3.30
 242.3660  35.7610     3.10
 239.9910  36.0200     3.40
 242.3690  35.7330     3.10
 242.3630  35.7840     3.10
 242.3790  35.7280     3.20
 242.3650  35.7510     3.50
 243.0570  34.9940     4.20
 239.5280  36.5210     3.20
 242.3450  35.7840     3.60
 244.6480  32.2790     3.10
 240.0620  36.1440     3.00
 241.9650  35.7850     3.00
 241.5520  34.3630     3.60
 242.3800  35.7420     3.30
 243.0770  34.2240     3.10
 243.1710  34.2420     3.40
 242.3820  35.7450     3.10
 243.5550  34.0960     3.20
 240.4380  34.9210     3.10
 243.5540  34.1630     3.60
 242.3360  35.7890     4.20
 241.5220  34.3360     3.90
 242.3800  35.7710     3.10
 243.5450  34.3080     3.30
 243.0380  35.0300     3.60
 243.5370  34.3720     3.60
 242.3620  34.2070     3.00
 241.1150  37.6040     3.40
 241.1160  37.6100     3.50
 241.0900  37.5810     3.00
 241.1200  37.6230     4.00
 244.5490  32.7680     3.00
 241.1070  37.6080     3.10
 241.1230  37.6260     4.00
 241.1180  37.5970     3.00
 241.1470  37.5120     3.60
 241.1280  37.5190     3.40
 243.4860  34.6340     3.10
 243.5420  34.3900     3.80
 242.5090  34.0980     3.40
 244.7770  32.3150     3.30
 241.1380  37.5000     3.10
 242.2660  34.1520     3.10
 243.4210  31.8080     4.10
 243.5320  34.3490     3.30
 243.7730  31.8770     3.30
 241.1700  37.6210     3.00
 241.0630  37.6300     3.70
 241.3850  34.3620     4.10
 244.2340  31.8030     3.20
 241.3950  34.2360     3.20
 243.6280  32.0140     3.00
 241.1590  37.6330     4.30
 241.1600  37.6310     3.00
 241.1550  37.6320     3.10
 241.1530  37.6230     3.90
 241.1460  37.6290     3.20
 241.1230  37.5720     3.80
 241.1360  37.6230     3.70
 241.1360  37.6270     3.40
 241.1410  37.6160     3.00
 241.1520  37.6340     4.40
 241.0920  37.5690     3.40
 241.1350  37.6270     3.20
 241.1360  37.6330     4.10
 241.1250  37.6240     3.60
 241.1120  37.5900     3.40
 241.1200  37.6130     3.00
 241.1200  37.6170     3.20
 241.1400  37.6270     3.80
 241.1330  37.6330     4.30
 241.1520  37.6240     4.00
 241.1710  37.6410     4.30
 241.1440  37.6300     4.60
 244.0780  33.7380     3.30
 241.3430  34.3610     3.00
 243.5390  34.3780     3.10
 243.5390  34.3780     3.00
 243.5400  34.3770     3.90
 242.9710  35.9610     3.10
 243.4360  34.6220     3.10
 241.1160  37.6360     3.00
 241.1650  37.5940     3.30
 243.1460  34.1350     3.10
 244.0810  33.7330     3.20
 241.1840  37.5170     3.20
 241.0710  37.6320     3.60
 241.1440  37.5130     3.70
 244.0780  33.7360     3.30
 241.2970  34.3540     4.10
 241.1510  37.5940     3.10
 241.1420  37.5960     3.00
 243.5770  33.4550     3.00
 243.1830  34.9680     3.00
 242.3730  35.7350     3.40
 241.1390  37.6050     3.00
 243.7780  33.3460     3.40
 244.3580  33.1510     3.20
 244.3550  33.1490     3.40
 244.3560  33.1450     3.50
 241.1360  37.6530     3.30
 241.7930  34.0440     3.50
 243.1100  35.5920     3.00
 242.3770  35.7390     3.00
 243.0420  35.0190     3.20
 241.1300  37.4830     3.00
 242.5230  34.2300     3.20
 241.0770  37.6300     3.00
 241.0830  37.6190     3.00
 241.0800  37.6210     3.00
 241.0790  37.6260     3.10
 241.0810  37.6310     3.70
 241.1710  37.5260     4.40
 241.1470  37.6370     3.40
 244.4030  33.1800     3.20
 241.1640  37.5330     3.10
 241.1190  37.4620     3.20
 238.6970  35.7790     3.30
 238.6370  35.7790     3.70
 243.7020  33.9950     3.50
 244.3240  31.5440     4.40
 242.9940  35.0970     3.00
 241.1330  37.5410     3.00
 243.1860  33.9960     3.30
 243.4130  35.8200     3.00
 243.0510  35.0000     3.40
 243.0510  35.0010     3.30
 243.6590  33.9130     3.00
 243.8130  36.6040     3.30
 240.5480  35.7390     3.20
 243.7250  33.9920     3.40
 245.0250  32.0220     3.10
 241.3570  34.6270     3.00
 244.2210  32.0070     3.30
 243.2180  34.0790     3.30
 243.7130  33.2590     3.30
 243.8350  33.7400     3.00
 243.7210  34.5930     4.40
 242.5340  35.7490     3.50
 243.1160  33.9630     3.30
 243.7160  34.6060     3.00
 241.2290  37.5310     3.10
 240.8620  32.9640     3.30
 241.0360  34.0400     3.00
 239.0170  35.3300     3.10
 241.3960  37.3980     3.00
 244.6210  32.3770     4.10
 244.6400  32.3740     3.00
 242.3790  35.7440     3.00
 242.1460  36.1170     3.50
 242.5050  35.1010     3.20
 243.0480  34.9780     3.30
 242.1400  36.1070     3.30
 242.5070  35.0990     3.00
 242.3680  35.7980     3.70
 239.6290  36.2830     3.20
 242.8550  33.9060     3.80
 241.5220  37.5170     3.10
 239.9330  36.4280     3.20
 241.5570  34.2950     3.30
 244.4340  33.1910     3.20
 241.5960  34.3170     3.00
 241.7080  35.4940     3.40
 241.8550  33.0240     3.40
 242.2510  35.4280     3.30
 244.2900  31.7360     4.20
 244.3990  33.1900     3.00
 243.7220  34.6040     4.20
 240.6470  34.4810     4.10
 240.6330  34.4790     3.60
 240.6370  34.4790     3.50
 243.5930  34.1390     3.40
 243.5500  34.3400     3.40
 244.2960  33.2070     3.20
 244.4190  33.0010     3.40
 243.7200  34.5950     3.40
 243.5710  34.1420     3.10
 241.1270  37.5560     3.10
 243.5470  33.4680     3.70
 244.7820  32.3450     3.70
 241.5270  34.2940     3.00
 241.6740  35.4740     3.10
 244.3970  32.5460     3.20
 243.0550  34.0130     3.40
 243.7660  31.9220     3.00
 243.6860  33.9530     4.50
 243.6920  33.9590     3.00
 243.6870  33.9530     3.30
 242.3500  36.0750     5.30
 242.3560  36.0720     3.40
 242.3470  36.0880     3.60
 242.3470  36.0800     3.30
 242.3650  36.0740     3.80
 242.3670  36.0640     3.00
 244.7170  32.4990     3.10
 242.3600  36.0790     3.60
 242.3440  36.0900     3.00
 242.3490  36.0870     3.50
 242.3480  36.0900     3.80
 242.3450  36.0900     3.20
 242.3530  36.0670     3.00
 242.3480  36.0930     3.50
 243.3820  34.5910     3.10
 242.3640  36.0810     3.00
 242.3430  36.0940     3.00
 242.3410  36.0920     3.10
 242.3490  36.0640     3.40
 244.6120  31.1850     3.10
 239.5870  36.2980     3.50
 242.3570  36.0770     3.10
 242.3500  36.0760     3.40
 242.3450  36.0840     3.20
 242.3450  36.0900     3.40
 242.3450  36.0830     3.20
 242.3420  36.0840     3.90
 242.3660  36.0670     3.00
 242.3610  35.7950     3.00
 242.3470  36.0870     3.60
 242.3440  36.0830     4.00
 242.3420  36.0840     3.10
 245.0430  32.0420     3.20
 242.1020  36.0640     3.00
 241.4380  35.3000     3.70
 242.3470  36.0800     3.00
 243.1100  33.7600     4.00
 242.7220  33.6200     3.10
 244.4810  31.2610     3.20
 242.7220  33.6180     3.20
 244.5400  31.2740     3.10
 244.2080  31.9060     3.00
 242.3520  36.0670     4.00
 242.3560  36.0640     3.50
 243.7710  31.7760     3.00
 243.5370  34.3710     3.10
 244.1320  31.3470     4.10
 242.3610  36.0580     3.50
 243.0990  33.4470     3.80
 243.9900  33.2670     3.90
 242.9990  33.8190     3.30
 239.2560  34.9470     3.00
 241.3000  37.3440     3.00
 241.4270  37.3390     3.20
 243.5760  34.1580     3.30
 241.2600  34.3550     3.00
 241.0530  35.0790     3.30
 242.5690  34.2230     3.20
 244.6940  31.3490     3.20
 242.3660  36.0810     3.20
 242.2160  33.9120     3.50
 244.0820  32.6220     3.70
 239.8130  36.1840     4.00
 243.6040  34.0470     3.00
 241.4330  34.3000     3.40
 243.4370  33.5010     3.90
 241.1490  37.5700     4.40
 244.0810  32.6240     3.60
 244.0850  32.6270     3.10
 242.3660  36.0720     3.90
 242.3630  36.0840     3.80
 242.3670  36.0820     3.20
 242.4210  34.0020     3.10
 240.3030  34.3970     3.50
 241.1360  37.6090     3.50
 243.9570  33.7380     3.90
 243.9570  33.7380     3.40
 243.9590  33.7380     3.30
 241.0610  37.6130     3.70
 241.1410  37.5540     3.20
 241.1430  37.5550     3.00
 241.1450  37.5620     4.60
 241.8930  35.6780     3.10
 239.2360  34.4060     3.10
 239.2870  34.4450     3.30
 242.4220  34.0010     3.00
 242.3360  36.0920     3.60
 244.2190  31.5460     3.00
 241.4180  37.3790     3.10
 243.1760  34.9690     3.10
 243.1810  34.9710     5.30
 243.1740  34.9710     3.90
 243.1800  34.9740     3.50
 243.1730  34.9690     3.10
 243.1780  34.9690     3.40
 243.0280  33.8070     3.20
 241.3930  37.3940     3.00
 241.3260  33.1430     3.40
 243.4970  33.0390     3.00
 241.1110  37.6220     3.00
 239.2780  34.4380     3.00
 241.6460  33.9830     3.40
 243.0490  33.4220     3.10
 239.3640  36.0630     3.00
 244.1900  31.9310     3.00
 243.1880  34.9750     3.60
 243.1840  34.9760     3.00
 241.3300  34.3690     5.10
 241.3290  34.3750     4.00
 241.3490  34.3760     3.10
 241.3540  34.3810     3.00
 241.3490  34.3740     3.10
 241.3570  34.3750     3.10
 241.3350  34.3730     3.80
 241.3530  34.3770     3.00
 241.3170  34.3660     3.40
 241.3510  34.3770     4.90
 241.3590  34.3800     3.60
 241.3450  34.3960     3.40
 241.3530  34.3720     3.70
 241.3660  34.3790     3.40
 241.5530  36.0140     3.00
 241.3590  34.3840     3.00
 241.3310  34.3720     3.50
 243.9430  31.6260     3.50
 243.1890  34.9720     3.20
 241.5690  35.4530     4.50
 242.3760  35.7280     3.00
 239.6990  34.8230     3.00
 243.3280  33.9740     3.80
 244.1870  31.9340     3.90
 243.1220  34.3720     3.10
 241.5400  33.8790     3.10
 244.0110  31.7720     3.00
 243.3140  32.2230     3.60
 243.6450  33.3530     3.00
 243.0600  34.9690     3.00
 239.6920  34.8140     3.20
 244.2280  32.1920     3.30
 243.3340  32.2690     3.20
 243.1910  34.9720     3.60
 243.1830  34.9660     3.50
 243.1930  34.9730     3.30
 243.5410  33.0700     3.50
 242.3630  35.7970     4.00
 239.4930  35.9320     3.30
 241.9350  36.1630     3.10
 243.0880  33.3470     3.40
 244.2290  31.7680     4.00
 242.0160  35.9700     3.70
 243.0520  34.9900     3.70
 241.9970  32.8350     3.70
 244.2230  31.8800     3.20
 243.9660  33.2590     3.00
 242.3290  35.9830     3.40
 242.7350  34.0480     3.20
 244.1320  32.6060     3.40
 244.1990  36.6480     3.80
 244.5670  31.2980     3.00
 244.5090  31.2460     4.80
 241.8910  32.6810     4.80
 241.8630  32.6850     4.20
 241.8490  32.6260     4.50
 241.8680  32.7210     3.50
 244.5520  31.3110     3.20
 241.8330  32.6230     3.00
 243.7640  31.7910     3.70
 244.5400  32.4910     3.30
 244.5590  31.2690     3.10
 241.8540  32.7280     3.00
 244.5680  32.7340     3.50
 241.4060  35.2760     3.40
 244.2300  31.7620     3.10
 243.9940  33.2630     3.40
 241.6890  35.4420     3.70
 242.6640  34.1680     4.20
 243.1870  34.9710     3.40
 243.1850  34.9720     3.20
 244.4060  33.1690     3.00
 244.4110  33.1800     3.00
 242.3640  35.7940     3.10
 244.5280  31.2810     3.50
 242.3330  36.0960     3.20
 242.3620  35.7910     4.30
 244.5880  32.1930     3.50
 244.5840  32.7120     3.50
 244.4940  31.1830     3.00
 241.9190  34.4750     3.00
 242.6720  34.1560     3.50
 245.0030  32.0900     3.00
 244.0960  32.6310     3.20
 242.3430  35.7710     3.10
 244.5320  31.3010     3.80
 242.1220  36.0980     3.50
 239.5950  35.8070     3.70
 244.8190  32.4100     3.00
 243.6510  33.3980     4.90
 242.6710  34.1590     3.70
 243.6080  33.3280     3.10
 241.9820  35.7530     3.40
 244.4270  31.1180     3.00
 244.5630  31.2130     3.00
 244.4090  31.1410     3.10
 241.3010  34.3570     3.10
 243.5230  35.6010     3.30
 244.8180  32.3940     3.30
 244.8290  32.3950     3.10
 244.8230  32.3880     3.50
 244.8160  32.3990     3.60
 241.0400  37.6270     3.00
 241.4350  34.2010     3.10
 244.8710  32.3230     3.40
 244.8730  32.3400     3.30
 244.8810  32.3060     3.10
 244.8720  32.3060     3.00
 244.8730  32.3020     3.40
 241.6030  32.8350     3.60
 242.6670  34.1500     3.10
 244.8740  32.2930     3.00
 244.2150  32.1490     3.00
 241.4760  34.1810     3.30
 241.6390  35.5940     3.30
 241.5670  35.4500     3.50
 242.6680  34.1500     3.10
 241.8050  33.4610     3.10
 244.5270  31.2770     3.00
 242.1690  35.8600     3.10
 243.7230  36.8870     4.10
 239.7220  36.2520     3.30
 240.9900  34.4590     3.30
 244.8630  32.2750     3.00
 244.3540  32.5800     3.30
 243.1440  34.1410     4.10
 241.6500  34.3990     3.40
 241.2190  37.7230     3.00
 243.5480  34.3010     4.40
 241.6770  34.5000     3.10
 239.4750  35.9540     3.50
 243.3540  35.7800     3.40
 241.5280  34.2660     3.00
 241.0620  37.7090     3.10
 239.4630  35.9370     3.40
 241.0380  37.7090     3.00
 242.5680  34.1100     3.90
 243.1620  34.9630     3.20
 243.2510  34.0200     3.10
 241.3800  34.2240     3.00
 241.2560  33.4180     3.40
 244.1590  31.5010     3.10
 243.5490  34.3020     3.00
 244.1980  31.9010     3.00
 241.2840  37.8870     3.00
 243.0450  34.9770     3.00
 241.2940  34.2540     3.10
 243.9610  33.1760     3.20
 241.5680  35.4490     3.40
 241.1260  37.7880     3.30
 241.2790  37.3520     4.00
 241.7930  37.8690     4.90
 241.7960  37.8600     4.30
 241.8110  37.8260     3.50
 241.8320  37.8340     3.00
 241.1370  37.6550     3.00
 241.1340  37.6480     3.40
 241.1360  37.6620     3.00
 241.1460  37.6900     3.20
 242.5700  34.1040     3.60
 241.9540  32.6750     3.40
 242.1400  37.2410     4.20
 242.1510  37.2490     3.40
 243.0500  34.9790     3.90
 241.7620  37.8650     3.40
 241.1300  37.7130     3.20
 242.3780  35.7460     3.00
 241.7670  37.7960     3.00
 241.8060  37.8530     3.30
 241.0980  37.6540     3.10
 241.1060  37.6600     3.90
 241.1160  37.6700     3.00
 241.7280  35.6570     3.60
 242.1190  37.2330     4.70
 242.0500  37.2160     3.50
 241.0140  37.6340     3.10
 241.0700  37.6880     3.10
 244.6240  32.1750     3.10
 241.0920  37.6420     4.80
 241.0600  37.5800     3.10
 241.0890  37.6490     3.30
 241.0770  37.6280     3.00
 241.0690  37.6300     3.00
 241.0620  37.6300     3.00
 241.2100  37.6600     3.20
 241.0790  37.7400     4.00
 241.0490  37.5650     3.00
 241.0700  37.6690     3.00
 241.0810  37.7170     3.50
 241.0520  37.6240     3.10
 241.0730  37.6260     3.00
 241.0700  37.7030     4.80
 241.0710  37.6270     3.00
 241.0530  37.6610     3.30
 241.0620  37.6750     3.00
 241.0620  37.6140     3.00
 241.0850  37.7050     3.20
 241.0460  37.6270     3.70
 241.0530  37.6380     3.80
 241.0430  37.6280     3.70
 241.1120  37.6740     3.10
 241.1090  37.6770     3.40
 241.0560  37.6240     3.80
 244.2840  31.9410     3.00
 241.0850  37.6670     3.00
 241.8850  32.7010     3.50
 241.0620  37.6590     3.00
 241.0620  37.6480     3.00
 244.6990  32.2740     3.70
 241.0660  37.7170     5.20
 241.0520  37.6250     3.10
 241.0540  37.6660     3.00
 241.0430  37.6430     3.00
 241.0650  37.6530     4.10
 241.0400  37.6300     3.50
 243.6930  31.8780     3.60
 241.0620  37.6500     4.00
 241.1270  37.6250     3.20
 244.3450  33.1630     3.40
 241.0560  37.6650     3.60
 243.6800  31.9260     3.60
 243.0040  34.0970     4.10
 239.7340  36.3940     3.60
 244.1370  31.7340     3.90
 241.6480  37.2450     3.10
 244.7370  32.3370     4.00
 244.7470  32.3380     3.00
 239.6220  36.3160     3.30
 241.1060  37.6340     3.10
 244.6140  32.4750     3.00
 241.0630  37.6300     3.10
 241.0610  37.6290     3.00
 241.0510  37.6390     3.90
 241.0510  37.6360     3.00
 239.7830  36.1120     3.40
 241.1100  37.6360     3.50
 241.1340  37.6240     3.00
 241.1390  37.6250     3.00
 241.1470  37.6340     3.00
 242.3410  36.4560     3.70
 241.0230  37.6460     4.10
 241.1680  37.5770     3.00
 243.6400  32.0020     3.30
 241.1230  37.6320     3.40
 241.1420  37.6240     3.10
 241.1170  37.6320     3.00
 241.1290  37.6400     4.10
 244.3110  33.3200     3.70
 244.3050  33.3120     3.50
 241.1680  37.6260     3.10
 241.1630  37.6300     3.50
 241.0950  37.6040     4.20
 244.3920  33.1920     4.10
 244.3900  33.1930     3.10
 241.1340  37.6390     4.10
 241.1480  37.6480     3.80
 241.1100  37.6410     3.40
 241.0430  37.6590     4.30
 242.1410  37.2370     3.00
 241.1610  37.6460     3.10
 241.1620  37.6450     3.40
 241.1110  37.6490     3.60
 241.1090  37.6470     3.40
 241.3630  34.2000     3.40
 241.0580  37.6370     3.10
 241.1620  37.6370     3.40
 241.1340  37.6340     4.50
 242.2910  33.9510     4.30
 241.1310  37.6340     3.30
 244.7550  32.3020     3.70
 242.1210  33.8880     3.10
 244.3890  33.1950     3.00
 244.3970  33.1940     3.40
 241.1360  37.6420     3.60
 241.1340  37.6460     3.30
 241.1420  37.6420     3.50
 241.1310  37.6460     4.10
 241.1330  37.6410     3.80
 241.5340  34.1870     3.40
 244.4310  33.2340     3.20
 244.4230  33.2320     3.90
 241.0900  37.6390     3.00
 244.4160  32.2030     3.10
 241.0960  37.6090     3.00
 244.3900  32.1790     3.20
 243.5510  32.9750     3.20
 241.2050  37.6670     3.70
 244.2340  31.8890     3.60
 243.3280  34.6240     3.20
 243.7740  32.6500     3.50
 243.0530  34.9810     3.00
 241.5240  34.3040     3.00
 241.1960  37.6470     3.50
 243.0860  34.1110     3.50
 241.0110  37.6360     3.10
 243.0260  33.7900     3.10
 241.0670  37.6380     3.90
 244.3040  31.8410     3.80
 241.8450  33.5530     3.20
 239.7330  36.2480     3.00
 241.1180  37.6510     3.50
 244.2730  31.8140     4.90
 241.0690  37.6250     3.10
 244.2280  31.9040     3.90
 244.2330  31.9100     3.10
 241.9230  32.7320     3.40
 244.5440  31.1730     4.80
 244.5480  31.3170     3.00
 244.2170  31.9270     3.00
 244.5950  31.9650     3.60
 239.0920  36.3940     3.00
 244.2360  32.0060     3.00
 241.0810  37.6190     3.00
 242.3620  36.0670     5.20
 242.3700  36.0610     4.90
 242.3650  36.0680     3.00
 242.3620  36.0730     3.70
 242.3750  36.0720     4.50
 242.3730  36.0640     3.10
 242.3710  36.0690     3.10
 242.3770  36.0670     3.10
 242.3530  36.0810     3.50
 242.3560  36.0660     3.20
 242.3580  36.0550     3.00
 242.3620  36.0790     3.10
 242.3610  36.0720     3.30
 242.3530  36.0620     4.40
 242.3750  36.0740     3.20
 242.3800  36.0790     3.70
 242.3720  36.0770     3.60
 242.3680  36.0630     3.70
 242.3760  36.0770     3.20
 242.3710  36.0700     3.10
 242.3820  36.0760     5.00
 242.3770  36.0740     4.80
 242.3760  36.0740     3.20
 242.3580  36.0600     3.30
 242.3810  36.0760     3.00
 242.3640  36.0700     3.10
 242.3790  36.0740     3.20
 242.3670  36.0710     3.40
 242.3830  36.0750     3.90
 244.2000  31.9300     3.00
 242.3660  36.0790     3.10
 242.3720  36.0800     3.00
 242.7700  34.0240     4.50
 241.1390  37.6320     3.00
 243.2200  34.0150     3.10
 241.1270  37.6080     3.10
 243.5780  33.4350     3.00
 241.1500  37.6340     3.30
 242.3850  36.0800     3.10
 242.3790  36.0750     3.80
 241.6030  37.4980     3.10
 244.2230  31.7900     3.30
 241.1390  37.6030     3.00
 240.5120  34.4520     3.20
 241.8840  35.2140     3.00
 244.1340  31.7120     3.70
 241.8100  37.9280     3.00
 241.1960  37.4600     3.00
 242.3740  36.0720     3.40
 242.4020  36.0850     3.10
 241.8120  37.9000     3.00
 243.7980  31.7070     3.60
 241.7410  34.1020     3.20
 243.3720  34.6090     3.60
 241.1420  37.6070     3.00
 241.1210  37.5280     3.30
 241.0480  37.6270     3.10
 243.3320  34.9580     3.40
 245.3450  31.4760     3.10
 242.2400  32.9870     3.00
 241.8930  34.0750     3.80
 241.1110  37.6260     3.00
 243.6680  31.8950     3.10
 242.1630  36.0760     3.00
 241.3330  34.3520     3.80
 244.2720  31.9050     3.80
 244.2490  31.9030     3.30
 244.2770  31.8500     3.20
 244.3580  33.1620     3.10
 241.0970  37.6820     3.40
 242.2000  36.0100     3.50
 241.0470  37.6340     3.10
 244.2060  31.9400     3.10
 241.1420  37.5460     3.00
 242.6570  34.1730     3.00
 241.1490  37.5690     3.10
 243.6890  31.8800     3.50
 242.2450  37.0890     3.00
 241.5180  34.1240     3.00
 243.1410  33.4430     3.70
 241.2020  37.5840     4.20
 242.4030  36.0900     3.90
 242.2420  35.9250     3.00
 245.1170  31.9770     3.20
 242.3760  36.0710     3.20
 241.2090  37.5910     5.20
 241.2000  37.5810     3.00
 241.2090  37.5760     3.10
 241.2190  37.5790     3.90
 241.2170  37.5830     3.20
 241.2180  37.6080     4.10
 241.2280  37.5800     3.10
 241.2130  37.5870     3.10
 241.1810  37.5410     3.00
 241.0970  37.6420     3.20
 241.2140  37.5740     4.40
 241.2210  37.5780     3.20
 241.1950  37.5730     3.30
 239.5760  36.3120     3.20
 239.5780  36.3140     3.10
 241.1760  37.5420     3.00
 241.2090  37.5770     3.20
 242.0690  33.0600     3.70
 241.1670  37.5970     3.20
 243.9240  32.5950     3.00
 243.7520  33.3400     3.30
 243.0390  34.2710     3.00
 243.0380  34.2740     3.30
 241.4220  34.2710     3.20
 241.4230  34.2760     3.90
 241.1800  37.5920     3.30
 241.2300  37.5620     3.80
 243.3540  34.0310     3.60
 241.1190  37.6580     3.10
 240.9070  34.0160     3.00
 241.2540  37.5670     4.10
 241.0570  37.4930     3.30
 241.0520  37.4900     3.20
 244.1220  33.0280     3.90
 241.1960  37.5970     4.60
 241.0480  37.4860     3.00
 242.4750  36.9450     4.80
 242.5560  36.9740     3.10
 241.5600  35.4420     3.10
 242.5600  36.9850     3.00
 242.4860  36.9780     3.40
 242.5220  36.9640     3.20
 241.5730  32.8750     3.00
 243.3130  34.6360     3.70
 242.4580  36.9400     3.70
 244.4030  33.1840     3.00
 244.4370  33.1950     3.00
 241.3300  31.5410     4.80
 243.9120  33.2240     4.10
 241.5780  35.4540     3.00
 241.0530  37.4900     3.00
 241.1920  37.5850     3.70
 241.0500  37.4890     3.00
 241.2230  37.5980     5.30
 241.2110  37.5610     3.20
 241.2420  37.6090     3.10
 241.2030  37.5480     4.10
 241.0880  37.6180     4.00
 241.2250  37.5860     3.50
 241.2290  37.6600     3.00
 241.1910  37.5480     3.40
 241.1940  37.5110     3.30
 241.1910  37.5350     3.10
 241.2080  37.5620     3.40
 244.2380  31.8590     3.00
 241.2030  37.4910     3.30
 241.2310  37.5940     3.00
 243.0490  34.9780     3.30
 241.1960  37.5230     3.10
 241.1900  37.5320     3.50
 240.7000  33.8350     3.50
 241.2120  37.5620     3.20
 241.2270  37.6080     3.30
 243.5100  34.4070     3.00
 244.4640  32.9770     3.00
 243.4300  33.1760     3.90
 241.1130  37.6090     3.90
 241.1110  37.6020     3.00
 243.5240  31.6430     3.20
 242.3200  36.8820     3.30
 243.6390  33.9470     3.60
 244.4570  32.0690     3.20
 244.4380  31.9910     3.10
 241.1710  37.6850     3.20
 241.2250  37.5470     3.10
 244.7000  32.5580     3.20
 244.5030  31.3100     3.20
 241.1220  33.3270     3.20
 241.2740  37.6580     3.30
 241.5510  37.5150     3.00
 241.2220  37.5840     4.30
 241.2090  37.5830     3.00
 241.2060  37.5710     4.00
 241.2220  37.5760     3.10
 244.4570  32.0620     3.20
 244.4600  32.0370     3.60
 243.0630  33.9970     3.00
 241.2820  37.6780     3.10
 241.2080  37.5740     3.00
 241.2230  37.5970     4.10
 241.2200  37.5600     3.40
 241.1610  37.6810     3.30
 241.1590  37.6730     3.70
 239.2310  34.4570     3.00
 241.2120  37.5940     3.00
 242.4810  34.6390     3.20
 242.3870  34.8430     3.60
 239.8170  36.1640     3.00
 239.8130  36.1630     3.80
 241.1220  33.3110     3.00
 243.0720  34.1210     4.80
 243.0750  34.1090     3.00
 242.7980  34.2710     3.40
 243.0690  34.1220     3.20
 241.1990  37.4610     3.50
 242.3520  34.3740     4.40
 242.6710  35.9430     3.00
 243.0470  34.0990     3.40
 241.1930  37.6020     3.20
 242.1740  37.1610     3.60
 241.5660  34.2850     3.40
 244.7640  32.5110     3.40
 242.6420  35.1480     3.00
 243.0810  34.1080     3.10
 244.8550  32.2760     3.00
 241.1790  37.5910     3.50
 243.8020  33.2860     3.20
 241.2110  37.5720     3.20
 241.3030  37.3780     4.00
 241.3010  37.3710     3.00
 239.4810  35.9590     3.40
 239.4590  35.9530     3.40
 239.4810  35.9760     3.00
 239.4750  35.9660     3.00
 239.2590  36.1650     3.00
 238.6490  35.7490     3.10
 241.2020  37.5420     3.00
 244.3520  32.1020     3.00
 244.5440  32.7870     3.10
 243.0760  34.3150     3.40
 243.0800  34.1110     4.60
 244.0150  32.6430     3.00
 238.4850  34.7040     3.10
 242.0600  34.4640     3.10
 243.5730  34.1650     3.00
 241.2060  37.5660     3.00
 238.6360  35.3770     3.20
 244.4210  33.1900     3.00
 244.7540  32.3560     3.80
 241.2110  37.5720     3.30
 244.5450  32.8190     3.10
 241.1980  37.5910     3.10
 244.5800  32.0750     3.10
 244.5900  32.0370     3.60
 244.5800  32.0170     3.50
 244.5810  32.0840     3.20
 244.5940  32.0580     4.20
 244.5920  32.0180     3.70
 244.2790  31.8400     3.80
 244.5850  32.0650     3.10
 244.5960  32.0850     3.70
 244.5750  32.0740     3.10
 239.0290  35.6320     3.20
 243.3440  34.9450     3.10
 244.5880  32.0790     3.20
 243.6860  32.0030     3.00
 244.5810  31.8680     3.20
 242.8240  33.9660     3.00
 243.1560  34.3230     4.80
 243.1550  34.3190     3.10
 243.1490  34.3240     3.60
 243.1500  34.3200     4.10
 243.1560  34.3160     3.00
 243.1490  34.3190     3.40
 243.1520  34.3190     3.10
 244.2330  31.8990     4.00
 244.4000  33.1800     3.90
 243.1580  34.3160     3.10
 243.0500  33.9340     3.00
 245.2780  31.5520     3.10
 239.5070  35.9200     3.10
 241.6370  32.2740     3.70
 243.5750  34.1510     3.50
 241.1930  37.4750     3.70
 243.9360  33.2240     3.40
 243.7010  32.0120     3.00
 242.5550  34.2220     3.30
 244.5760  31.9250     3.00
 242.2850  36.0430     3.00
 243.1230  31.0810     3.60
 244.5780  32.0610     3.00
 241.0660  37.6310     3.70
 241.0010  37.6320     3.20
 241.4550  35.3430     3.60
 239.2020  34.3050     3.70
 239.2650  34.3430     3.30
 243.2260  34.0100     3.50
 244.0800  32.7240     3.70
 244.0050  31.7240     3.00
 241.1720  37.5510     4.00
 241.1440  37.5800     3.80
 241.1720  37.5460     4.00
 241.2050  37.5550     3.10
 242.4170  36.0370     3.20
 244.5640  32.0530     3.00
 241.1570  37.5870     4.10
 240.9250  33.6380     3.90
 244.5780  32.0690     3.20
 242.0830  33.5040     3.20
 242.0760  33.5080     3.70
 241.6160  36.0930     3.30
 244.9730  32.1750     3.20
 244.4910  31.9730     3.10
 242.1660  36.0730     3.10
 241.0950  37.6360     3.10
 240.8050  35.0130     3.50
 244.3810  32.8250     3.20
 244.3830  32.8360     3.20
 244.3860  32.8270     3.40
 244.3660  31.5710     3.20
 242.1640  36.0670     3.10
 242.1630  36.0710     3.20
 244.9110  32.1690     3.00
 244.0820  31.6300     3.00
 243.4000  33.4380     3.10
 244.0810  32.7180     3.80
 244.0750  32.7110     4.40
 244.0800  32.7130     3.10
 240.9860  33.6500     3.40
 238.7610  36.6430     3.00
 244.2450  32.0040     3.00
 242.1680  36.0660     3.30
 242.1700  36.0610     3.60
 240.8300  34.1380     3.20
 242.0740  32.4240     3.10
 242.1710  36.0630     3.00
 241.4330  35.3420     3.10
 243.1570  34.3170     3.40
 242.5680  34.0860     3.60
 241.4600  35.3430     3.00
 242.1470  36.0610     4.10
 242.2850  36.0450     3.20
 244.2780  31.5510     3.10
 244.8530  32.0380     3.10
 241.4600  35.3420     3.10
 244.1660  37.0960     3.00
 238.8140  36.5540     3.00
 244.9000  31.9770     3.30
 243.8570  31.7300     3.00
 244.4960  31.8490     3.00
 243.8390  32.5910     4.20
 243.8480  32.6020     3.50
 244.0140  33.2010     3.50
 241.0530  34.8380     3.40
 245.0230  31.5620     3.10
 243.1720  33.7250     3.10
 240.9890  37.6290     3.20
 239.5010  35.9420     4.10
 243.0450  32.1850     3.30
 244.9040  32.1900     3.50
 244.2050  31.8320     3.10
 244.2130  31.7960     3.00
 242.4870  35.5820     3.00
 239.5150  35.9350     3.30
 243.6480  33.9680     3.40
 241.5260  34.3350     3.00
 243.1540  34.3280     3.00
 244.0410  31.6690     3.40
 241.1200  37.5180     3.80
 243.8350  32.5840     4.30
 244.7780  32.3430     3.00
 240.9400  33.6380     3.10
 241.2400  37.4980     3.10
 239.3630  36.1250     3.40
 244.0050  32.7060     3.50
 241.5490  35.6890     3.00
 242.7760  34.0340     3.80
 241.1350  37.6580     3.00
 242.9390  33.7340     3.40
 243.8360  32.5760     3.00
 243.8340  32.5900     3.00
 243.5670  34.1440     3.10
 243.6820  31.9820     3.40
 244.5610  31.3680     3.30
 243.8380  32.5940     4.10
 241.4190  34.3530     3.60
 243.1590  34.3190     3.10
 242.0460  33.6690     3.50
 243.5980  33.9830     3.30
 243.1100  32.4510     3.40
 244.3590  33.1660     3.30
 244.3610  33.1650     3.10
 244.3620  33.1570     3.00
 243.7850  34.8360     3.00
 239.6560  36.3720     3.00
 241.1960  37.5400     3.00
 243.4890  34.4840     3.20
 239.1790  36.2580     3.10
 243.8370  32.5860     3.50
 243.8380  32.5850     4.20
 244.4840  32.0820     3.40
 244.4770  31.9580     3.60
 243.2320  34.1380     3.90
 243.5950  33.9850     3.10
 244.4180  33.0140     3.00
 243.6820  33.9550     3.70
 241.2340  37.7960     3.10
 241.8890  32.7460     3.60
 243.6290  34.0690     3.60
 244.2830  31.9010     3.60
 244.2860  31.9770     3.50
 244.2310  36.9160     3.00
 243.6340  34.0620     4.90
 243.6290  34.0560     3.40
 243.6280  34.0300     3.20
 243.6260  34.0630     3.50
 243.6290  34.0680     3.10
 243.6450  34.0220     3.20
 243.6330  34.0350     3.00
 243.6290  34.0760     3.50
 243.6510  34.0320     3.10
 243.6450  34.0280     3.90
 243.6590  34.0380     3.20
 243.6380  34.0390     3.40
 243.6470  34.0430     3.70
 243.6360  34.0340     3.80
 243.6440  34.0300     3.10
 243.6400  34.0360     3.40
 243.6440  34.0390     3.20
 243.6320  34.0640     3.10
 243.6320  34.0480     3.10
 243.6360  34.0680     3.20
 243.6300  34.0390     3.00
 243.6410  34.0330     4.20
 243.6400  34.0350     3.00
 240.3760  34.3500     3.20
 241.1820  37.5300     5.40
 241.1630  37.4770     3.40
 241.1570  37.4870     3.90
 241.1730  37.4940     3.20
 241.1550  37.4750     3.30
 241.1780  37.5160     3.20
 241.1850  37.5340     3.10
 241.1920  37.5230     3.30
 241.1830  37.5300     3.40
 241.1700  37.5110     3.00
 241.1630  37.4840     3.20
 241.1990  37.5050     4.80
 241.1870  37.5130     3.00
 241.1890  37.5460     3.00
 241.1500  37.4910     3.70
 241.1960  37.5530     3.10
 241.1780  37.4860     3.10
 241.1720  37.4950     3.20
 241.1800  37.4840     3.00
 241.1790  37.4950     3.00
 241.1900  37.5380     3.00
 241.1960  37.5410     3.10
 241.1970  37.5420     3.10
 241.1870  37.5250     3.10
 241.1850  37.5260     3.00
 241.1750  37.5050     3.10
 243.6370  34.0950     3.00
 241.1820  37.5220     3.00
 241.1530  37.4660     3.30
 241.1580  37.4710     3.20
 241.1870  37.5280     3.10
 241.1790  37.5070     3.80
 241.1830  37.5100     3.20
 241.1820  37.5080     3.20
 242.1960  36.5530     3.20
 242.1740  36.5530     3.30
 241.1930  37.5430     3.30
 241.1660  37.4760     3.10
 241.1830  37.5190     3.10
 241.2050  37.5530     3.00
 241.1980  37.5100     3.40
 241.1840  37.5290     3.10
 241.1680  37.4810     3.00
 241.0510  35.3110     3.00
 241.1670  37.4980     3.40
 241.1760  37.5400     3.20
 241.1510  37.4430     3.00
 238.5830  34.7210     3.20
 241.1920  37.5330     3.70
 241.1960  37.5050     3.10
 239.4690  35.9880     3.00
 241.2070  37.5620     3.00
 241.2220  37.6100     4.00
 241.2100  37.5640     3.10
 241.2040  37.5550     3.10
 241.2030  37.5690     3.10
 241.2030  37.5590     3.00
 241.2100  37.5580     3.20
 244.4230  33.1880     3.00
 241.1970  37.5500     4.10
 241.2050  37.5530     3.30
 241.1960  37.5390     3.00
 241.1560  37.4800     3.20
 241.2030  37.5460     3.10
 241.3350  37.7120     3.00
 241.2040  37.5600     3.20
 241.1960  37.5580     3.00
 241.1910  37.5580     3.30
 241.1790  37.5500     3.00
 241.2000  37.5710     3.10
 241.1980  37.5520     3.10
 241.7890  34.0120     3.40
 241.7850  34.0140     3.00
 244.2860  35.9740     3.30
 244.7570  32.3790     4.90
 244.2110  35.8810     3.30
 241.2070  37.5640     3.50
 241.1680  37.5090     3.50
 243.6350  34.0670     3.70
 241.2220  37.4750     3.50
 241.1820  37.5170     3.00
 241.2140  37.5580     3.00
 241.1950  37.5350     3.00
 239.6810  36.2090     3.20
 243.5930  33.9660     3.10
 241.4440  35.3030     3.60
 239.9740  36.3200     3.10
 241.2160  37.5290     3.30
 241.2080  37.5200     3.30
 241.1680  37.4510     3.30
 243.5590  34.1670     3.00
 242.9760  34.9720     3.10
 241.7870  34.0110     3.20
 241.7810  34.0090     3.00
 241.1920  37.5370     3.10
 242.9790  34.9760     3.00
 242.9790  34.9800     3.10
 243.2830  31.8890     3.30
 243.9960  33.2640     3.10
 243.3540  37.2290     3.00
 241.2330  37.4780     3.20
 243.9870  33.2250     3.10
 241.2930  33.3350     3.50
 243.8280  32.5740     3.20
 243.8330  32.5810     3.10
 241.7820  34.0100     3.80
 241.6940  35.0950     3.80
 241.1970  37.5440     3.10
 241.5960  37.1810     3.00
 241.1640  37.4980     3.20
 241.1670  37.4770     3.00
 241.1780  37.5050     3.00
 243.0970  33.7490     3.40
 241.1990  37.6190     3.20
 241.1880  37.5300     3.00
 241.5220  35.7310     4.40
 241.5220  35.7330     3.50
 241.5220  35.7360     3.40
 243.8460  32.6060     3.40
 244.4920  32.8930     3.20
 242.1230  35.9890     3.20
 241.5270  35.7250     3.10
 241.1610  37.4470     3.10
 241.1530  37.4540     3.30
 241.1470  37.4720     3.40
 241.1810  37.4760     3.00
 241.1360  37.4790     3.50
 240.6240  33.2390     3.70
 239.0080  34.5200     3.40
 239.5780  35.9140     3.10
 239.6300  36.4320     3.20
 243.2830  33.6320     4.20
 241.1750  37.5100     3.50
 241.3910  34.3980     4.00
 241.4250  34.3930     3.90
 241.1840  37.5210     3.30
 244.4590  32.7800     3.70
 244.4520  32.7700     3.80
 244.4500  32.7890     3.60
 242.5630  34.2180     3.00
 242.9820  37.4250     3.20
 242.9530  37.4180     3.20
 243.0320  37.5300     5.90
 242.9410  37.4430     3.60
 242.9960  37.4210     5.10
 243.0850  37.5300     3.10
 242.9690  37.4520     3.30
 242.9530  37.4120     4.00
 242.9110  37.3960     4.10
 242.9820  37.4390     3.30
 242.9500  37.4240     3.20
 243.0380  37.5520     3.30
 243.0160  37.4490     3.30
 242.9570  37.4280     3.10
 242.9630  37.4410     3.10
 242.9900  37.4290     3.00
 242.9190  37.3920     3.30
 242.9540  37.5130     3.10
 242.9470  37.4100     3.00
 243.0020  37.4430     3.20
 242.9700  37.4230     3.80
 242.9390  37.4040     3.30
 243.5560  33.4840     4.10
 242.9470  37.4010     3.00
 243.0300  37.5140     3.10
 242.9350  37.4170     4.10
 242.9070  37.3830     5.00
 242.9520  37.4370     3.30
 242.9390  37.3980     3.30
 243.0260  37.4490     3.20
 243.1260  37.4920     3.20
 242.9810  37.4500     3.20
 245.2900  32.0310     3.30
 242.8780  37.3810     3.20
 241.1840  37.5230     3.20
 245.3260  32.0430     3.00
 245.3380  32.0720     3.30
 241.1610  37.5260     3.40
 242.8450  37.4180     3.00
 242.9600  37.4460     3.10
 242.9340  37.4050     3.40
 242.9590  37.4190     3.00
 245.3410  32.0710     3.40
 243.9990  33.2640     3.30
 242.3660  36.6100     3.00
 242.3460  33.5260     3.50
 243.9950  33.2700     3.50
 245.3270  32.0600     3.00
 241.1960  37.4660     3.10
 245.3300  32.0630     3.00
 243.0190  37.4400     3.20
 245.3540  32.0710     3.20
 245.3350  32.0640     3.70
 245.3630  31.9060     3.10
 242.9640  37.4920     3.00
 242.4540  35.7220     3.00
 245.3620  32.0540     3.00
 242.9070  37.4460     3.00
 240.2660  34.5260     3.10
 241.5190  35.7420     3.20
 245.3590  32.0310     3.00
 245.3350  32.0660     3.00
 245.3690  32.0420     3.20
 245.3210  32.0730     3.10
 243.5310  34.3960     3.10
 242.9830  37.4570     3.10
 245.3290  32.0590     3.00
 245.3080  32.0480     3.60
 245.3080  32.0540     3.20
 245.2990  32.0490     3.50
 245.3220  32.0210     3.00
 245.3620  32.1000     3.00
 245.3280  32.0150     3.00
 245.3120  32.0540     3.10
 245.2770  31.9810     4.70
 245.3470  32.0070     3.10
 245.2930  32.0010     3.70
 245.3020  32.0590     3.10
 245.3320  32.0270     3.30
 245.2920  32.0210     3.50
 245.3440  32.1010     3.00
 245.3130  32.0730     3.00
 245.3540  32.0310     3.00
 245.3410  32.0330     3.10
 245.3830  32.0310     3.00
 243.3060  37.6880     3.00
 245.2950  32.0350     3.70
 245.3090  32.0480     3.00
 243.2470  33.2940     3.10
 245.3340  32.0410     3.10
 245.3270  32.0680     3.30
 245.3270  32.0660     3.50
 243.6180  33.3440     4.00
 245.5260  31.6890     3.20
 245.3070  32.0650     3.10
 245.3300  32.1000     3.20
 243.8710  33.7920     4.40
 241.5190  35.7470     3.00
 243.8650  32.6300     3.70
 245.3190  32.0010     3.00
 238.5690  35.8600     3.10
 241.2200  37.4700     3.30
 243.7910  33.3390     3.40
 241.1600  37.4760     3.30
 245.6660  31.3790     3.20
 244.7670  32.2720     4.80
 245.3140  32.0990     3.10
 243.6410  33.9370     3.20
 243.0640  37.4060     3.00
 242.1190  36.0240     3.10
 242.1180  36.0220     3.60
 242.1200  36.0250     3.10
 242.1080  36.0250     3.10
 241.2060  37.6490     3.40
 241.2160  37.5780     3.90
 243.1540  34.3220     4.10
 243.1350  37.4290     3.00
 238.6620  35.8090     3.60
 242.1020  36.2060     3.30
 241.2180  37.7930     3.10
 238.3450  36.8350     3.20
 242.1040  36.2010     3.00
 244.2640  31.8860     3.30
 242.9570  37.4350     4.50
 242.9200  37.4260     4.10
 242.0990  36.2060     3.20
 242.8290  33.9370     3.50
 242.1020  36.2090     3.00
 244.0980  33.0490     3.30
 241.1820  37.5090     3.00
 240.5650  34.3980     3.30
 242.9080  37.4060     3.80
 242.9450  37.3870     3.60
 243.5720  31.4790     3.80
 242.9200  37.4000     3.20
 244.0190  33.2110     3.00
 239.4280  35.9810     3.20
 243.7240  34.5940     3.00
 243.7300  34.5940     3.70
 243.7290  34.5940     7.10
 244.3400  33.2320     4.70
 243.6340  34.2210     4.30
 243.7380  34.4380     4.80
 243.7140  34.6090     4.20
 243.7970  34.5020     5.00
 243.7110  34.6170     4.30
 243.6890  34.5360     4.00
 244.3530  33.2860     4.50
 243.7400  34.5300     3.70
 243.7080  34.6780     5.80
 243.7380  34.5840     4.50
 243.7040  34.6190     4.10
 243.8500  34.3530     3.00
 243.6990  34.8110     4.80
 243.6590  34.7060     4.80
 243.7080  34.6710     4.00
 243.7220  34.5940     4.40
 243.7230  34.6290     4.30
 242.8975  34.2542     4.20
 243.6090  34.6950     4.00
 243.7640  34.4910     3.90
 244.4720  33.1747     4.70
 243.2360  33.5592     4.00
 244.2023  32.7617     4.00
 243.7120  34.6610     3.90
 242.5588  33.5513     3.90
 243.3507  34.7415     4.80
 243.8520  34.3620     4.80
 243.7340  34.5400     4.70
 244.0320  33.8350     3.80
 243.1000  33.5648     3.80
 243.7128  34.6968     4.00
 243.6123  34.3318     4.00
 243.5353  34.2755     4.10
 243.3977  34.1455     3.80
 243.8232  34.6118     4.30
 243.6995  34.6645     4.10
 243.2482  34.3633     3.90
 243.8210  34.6540     3.90
 243.6705  34.6140     4.10
 243.7367  34.5303     3.80
 242.8637  33.7390     3.50
 243.6987  34.5832     4.10
 243.4203  34.0235     3.20
 244.3270  33.2560     4.00
 243.7448  34.5285     3.80
 244.1487  33.7507     3.60
 243.6960  34.7027     3.80
 244.1735  35.0818     3.00
 243.2405  34.6053     3.20
 243.7950  34.4320     3.90
 243.7050  34.4670     3.50
 242.7160  34.3982     4.20
 242.1167  34.1933     4.00
 243.7180  34.5830     4.40
 243.7060  34.6030     4.40
 243.6727  33.6878     3.00
 243.6688  34.6462     3.60
 243.6133  34.7002     3.40
 243.1390  34.0970     3.10
 243.7100  34.5880     3.90
 243.7530  34.4540     3.50
 243.7470  34.4950     3.80
 243.7230  34.6050     3.80
 243.6590  34.8130     4.70
 243.6550  34.7980     4.10
 243.8590  34.3700     4.20
 243.7500  34.5140     3.70
 243.6930  34.5060     3.90
 243.6530  34.6810     3.80
 243.6960  34.7110     4.10
 243.6350  34.6820     3.60
 243.7660  34.4620     3.50
 243.7360  34.4440     3.90
 243.7020  34.7190     4.30
 243.6920  34.6570     4.00
 243.7260  34.6090     3.50
 243.7700  34.5970     3.60
 243.7030  34.6240     3.40
 243.6440  34.6810     3.60
 243.7120  34.5960     3.70
 243.7350  34.5570     3.10
 244.2860  33.2670     3.00
 243.7020  34.5440     3.80
 243.6920  34.5270     3.80
 243.7190  34.5620     3.20
 243.8680  34.3680     3.70
 243.7370  34.5070     4.40
 243.7520  34.4420     5.60
 243.7220  34.8000     3.50
 243.6890  34.6890     3.60
 243.6920  34.6810     3.80
 243.7540  34.4330     3.30
 243.7230  34.5670     3.00
 243.7570  34.5550     3.30
 243.7790  34.4690     3.20
 243.7260  34.5550     3.90
 243.8630  34.3400     3.50
 243.7170  34.6040     3.60
 243.7330  34.5190     3.00
 243.7900  34.4270     3.60
 244.1362  33.5393     3.60
 243.6990  34.6000     3.70
 243.8830  33.7880     3.30
 243.6568  34.6592     3.20
 243.8800  33.7880     3.60
 243.7822  34.3833     3.00
 243.7125  34.5558     3.10
 243.6633  34.5513     4.30
 243.7700  34.4510     4.30
 244.3390  33.2200     3.80
 243.5200  33.4630     3.00
 244.2055  33.2990     3.50
 244.2928  33.2720     3.60
 243.7330  34.4950     3.50
 243.6990  34.6830     3.50
 243.6550  34.8290     4.40
 243.8810  33.7920     3.00
 243.7540  34.5720     3.50
 243.8710  34.3840     3.50
 243.5740  34.5748     3.10
 243.7460  34.4890     3.10
 243.7040  34.7170     3.40
 243.7050  34.6500     3.10
 243.7410  34.4780     3.10
 243.9747  34.5192     3.00
 243.7850  34.4610     3.20
 243.7670  34.4520     3.70
 243.9090  33.7727     3.80
 243.7010  34.5850     3.50
 243.7350  34.5280     3.10
 243.7420  34.4950     3.70
 243.6410  34.6640     3.10
 243.6570  34.7370     3.10
 243.6940  34.6030     3.30
 243.7520  34.4780     3.20
 243.7600  34.4170     3.10
 243.5260  34.3830     3.00
 243.7500  34.4870     3.10
 243.7030  34.6180     3.50
 243.8680  34.3630     3.70
 243.7240  34.5830     3.40
 243.7540  34.5100     3.10
 243.7270  34.5520     3.00
 243.7000  34.6640     3.10
 243.7030  34.6030     3.00
 243.7080  34.6020     3.30
 243.7910  34.4250     3.20
 243.7030  34.6810     3.60
 243.6910  34.6800     4.10
 243.7320  34.5210     3.60
 243.6990  34.6780     3.80
 243.7070  34.6020     3.40
 243.7420  34.5120     3.20
 243.7000  34.6690     3.60
 243.7440  34.5670     3.20
 243.7140  34.6980     3.50
 243.6890  34.6390     3.20
 243.5580  34.6130     3.30
 243.8830  33.7880     3.60
 243.7030  34.5900     3.30
 243.7290  34.5760     3.30
 243.7300  34.4900     3.20
 243.6530  34.6470     3.40
 243.6680  34.7010     3.00
 243.7910  34.7010     3.10
 243.8800  33.8010     3.00
 243.6390  34.6800     3.20
 243.7360  34.4760     3.30
 243.7490  34.6050     3.30
 243.7500  34.5540     3.30
 244.3540  33.2150     3.10
 243.7480  34.4300     4.90
 243.7840  34.4350     3.20
 243.7560  34.4570     3.10
 244.2830  33.2680     3.50
 243.7550  34.5320     3.10
 243.7030  34.7040     4.30
 243.7310  34.6900     3.30
 243.7350  34.5680     3.70
 243.6570  34.7870     3.60
 243.7250  34.5890     3.40
 243.7020  34.6590     3.10
 243.8030  34.4240     3.00
 243.6230  34.7240     3.00
 243.8760  34.3420     3.00
 243.7200  34.6070     3.70
 243.7530  34.4140     3.50
 243.7170  34.6690     3.10
 243.8520  34.3720     3.20
 243.5820  34.8560     3.10
 243.6970  34.6740     3.50
 243.7100  34.7030     3.10
 243.7360  34.4860     3.50
 243.6100  34.8610     3.40
 243.6100  34.8540     3.20
 243.6000  34.8580     3.00
 243.7150  34.5060     3.10
 243.7200  34.6890     4.60
 243.7310  34.6860     4.50
 243.8410  34.5310     3.20
 243.7240  34.6800     3.00
 243.7300  34.5810     3.20
 243.6920  34.6060     3.50
 243.7440  34.4670     3.00
 243.7270  34.5070     3.00
 243.7300  34.6180     3.00
 243.6270  34.6860     3.00
 243.8340  34.3980     3.00
 243.6620  34.6700     4.00
 243.6720  34.6720     3.00
 243.7370  34.4900     3.00
 243.6340  34.8040     3.20
 243.8010  34.4330     3.30
 243.7160  34.6950     3.40
 243.7140  34.5770     3.00
 243.7470  34.5660     3.00
 243.6720  34.6290     3.00
 243.7490  34.4520     3.20
 243.7280  34.7020     3.10
 243.8470  34.3530     3.00
 243.6470  34.7100     4.60
 243.6660  34.6580     4.00
 243.6530  34.7040     3.10
 243.6950  34.5420     3.10
 243.6710  34.8130     3.20
 243.6590  34.8150     3.30
 243.6780  34.6660     3.30
 243.7240  34.6580     3.10
 243.7580  34.4880     3.50
 243.9420  34.2940     3.40
 243.7070  34.6070     3.20
 243.7320  34.5510     3.20
 243.7160  34.7380     3.00
 243.7650  34.6120     3.40
 243.7070  34.6700     3.00
 243.8170  34.4230     3.10
 243.7060  34.6730     3.20
 243.7140  34.5220     3.90
 243.7000  34.6870     3.20
 243.8570  34.3620     3.40
 243.7440  34.5370     3.30
 243.6570  34.8200     3.10
 243.7050  34.7850     3.40
 243.6950  34.6910     3.00
 243.9280  34.3380     3.00
 243.8290  34.4050     3.30
 243.7320  34.6010     3.00
 243.7760  34.6270     3.00
 243.6390  34.8320     4.20
 243.7520  34.4630     3.30
 243.6400  34.6780     3.30
 243.7190  34.5040     3.40
 244.3780  33.2200     3.20
 243.7110  34.6070     3.60
 243.7160  34.6610     3.10
 243.6120  34.7230     3.20
 243.7370  34.5010     3.10
 243.7040  34.6960     3.10
 243.6890  34.5440     3.20
 243.7360  34.5640     3.20
 243.6460  34.8500     3.40
 243.7387  34.4440     3.20
 243.6880  34.6290     3.20
 243.7320  34.6295     3.90
 243.7000  34.7010     3.30
 243.6430  34.8670     3.00
 243.8678  34.4815     3.00
 243.8660  34.3590     3.00
 243.7060  34.6670     3.30
 243.7212  34.6990     3.80
 243.5960  34.8220     3.60
 243.6398  34.8345     3.90
 243.7420  34.5570     3.80
 243.7240  34.5920     3.20
 243.7130  34.6140     3.10
 243.8190  34.4260     3.10
 243.6900  34.6950     3.60
 243.7270  34.5700     3.00
 243.6790  34.6140     3.20
 243.6820  34.6120     3.50
 243.7930  34.4220     3.00
 243.6330  34.7080     3.60
 243.8760  34.3100     3.30
 243.9928  34.4513     3.30
 243.8760  34.3150     3.00
 243.7030  34.6640     3.90
 243.6920  34.6270     3.20
 243.8580  34.3640     3.00
 243.6160  34.6890     3.20
 243.7070  34.7030     3.20
 243.7460  34.4780     3.50
 243.7340  34.7330     3.00
 243.7150  34.6480     3.80
 243.1460  34.0820     3.10
 244.1960  32.9910     3.10
 243.7110  34.5430     3.40
 242.9762  34.2328     3.30
 243.6390  34.7940     3.50
 243.7610  34.4590     3.10
 243.8630  34.3450     3.60
 243.8610  34.3510     4.30
 243.8000  34.4110     3.20
 243.8590  34.3610     4.10
 243.8620  34.3620     4.20
 243.7390  34.5720     3.00
 243.7133  34.6417     3.20
 243.6930  34.5210     3.40
 243.5240  33.5595     3.60
 243.7110  34.6640     3.70
 243.7700  34.5940     3.30
 243.6420  34.5300     3.10
 244.8310  32.3450     3.40
 243.8820  34.3440     3.10
 243.2425  33.8975     3.00
 243.7210  34.5060     3.20
 243.7710  34.4710     3.20
 243.7580  34.4340     3.40
 243.6570  34.6740     3.00
 243.6930  34.5420     3.60
 243.7530  34.5290     3.00
 243.7310  34.4900     3.20
 244.2010  32.5280     3.10
 243.8600  34.3650     3.60
 243.7220  34.6140     3.00
 243.7310  34.4180     3.10
 243.0030  34.3360     3.10
 243.6780  34.7780     3.00
 243.6980  34.6170     3.20
 244.8340  32.3370     3.20
 243.7240  34.6680     3.70
 240.6720  34.3430     3.50
 243.7030  34.6370     3.20
 243.7570  34.4240     3.10
 243.8530  34.3590     4.60
 243.7410  34.5830     3.70
 243.7400  34.5090     3.50
 243.7060  34.5760     3.50
 243.7430  34.5630     3.70
 243.6490  34.8560     4.40
 243.7150  34.6930     3.50
 243.7330  34.5050     3.20
 243.3290  34.3250     3.30
 243.6900  34.6850     3.10
 243.7110  34.7840     3.00
 243.6860  34.8500     3.10
 243.6980  34.6540     3.30
 243.9290  34.3180     3.00
 243.7090  34.4530     3.70
 244.5600  32.7650     3.00
 243.7140  34.4530     3.40
 243.7020  33.3070     3.20
 244.8290  32.3150     3.30
 244.8230  32.3350     4.40
 243.7140  34.7980     3.20
 244.4370  33.0590     3.50
 243.6630  34.7980     3.00
 243.7100  34.6640     3.30
 243.6600  34.8200     3.60
 243.1480  34.0850     3.30
 243.0360  34.2977     3.40
 244.4320  33.0440     3.20
 244.4300  33.0480     3.30
 244.4320  33.0450     3.30
 243.8040  34.3760     3.10
 243.8630  34.3680     3.10
 243.7160  34.6990     3.30
 243.5980  34.8570     3.60
 243.6030  34.8580     3.40
 243.6518  34.7832     4.00
 243.8090  34.3750     3.90
 243.7330  34.8080     3.60
 243.7250  34.8020     3.60
 243.7360  34.4830     3.20
 243.7380  34.4350     3.10
 243.6940  34.5320     3.00
 243.7160  34.6590     3.00
 243.6150  34.8300     3.00
 243.6940  34.6840     3.00
 243.6440  34.8520     3.20
 244.4300  33.0490     3.30
 244.4280  33.0510     3.20
 243.7510  34.4360     3.30
 243.6350  34.7030     3.00
 243.7500  34.5040     3.20
 243.7030  34.5940     4.10
 243.6950  34.7010     4.10
 244.4310  33.0460     3.10
 244.4330  33.0460     3.20
 241.8980  35.6730     3.30
 244.4320  33.0430     3.30
 243.5900  34.8110     3.00
 244.6893  32.8905     4.80
 243.6590  34.7100     4.50
 243.8202  34.8683     4.70
 244.4280  33.0480     3.30
 244.4300  33.0470     3.00
 244.4320  33.0430     3.00
 244.4350  33.0480     3.40
 244.4390  33.0460     3.10
 244.4340  33.0390     3.10
 244.4350  33.0510     3.00
 243.6530  34.8600     3.10
 243.6020  34.8560     3.10
 243.6460  34.8200     3.20
 243.7610  34.6130     3.20
 243.8060  34.4220     3.30
 243.9130  34.3087     3.10
 243.7350  34.4830     3.50
 244.8290  32.3340     3.50
 244.8660  32.3400     3.70
 243.7110  34.5910     3.10
 243.7190  34.6030     3.60
 243.7400  34.4930     3.00
 243.6610  34.6510     3.10
 243.7480  34.5130     3.20
 243.6460  34.6680     3.40
 243.6990  34.5950     3.00
 243.7680  34.5960     3.60
 243.7680  34.5930     4.00
 243.7160  34.6030     3.00
 243.7470  34.5690     3.20
 242.9080  37.3960     3.60
 243.7420  34.8050     3.30
 243.6740  34.5100     3.20
 243.7020  34.6060     3.10
 243.7360  34.5600     3.00
 243.6420  34.6700     4.10
 243.5960  34.8320     3.30
 243.6120  34.8320     3.10
 243.7020  34.6840     3.00
 243.7100  34.5940     3.60
 243.7130  34.7990     3.10
 243.7060  34.5380     3.30
 243.6470  34.7730     3.00
 243.6210  34.8180     3.00
 243.6350  34.8200     3.30
 243.6030  34.8660     4.30
 243.6040  34.8460     3.10
 243.5940  34.8590     3.30
 243.6070  34.8670     4.50
 243.5960  34.8600     4.90
 243.6090  34.8740     5.10
 243.5105  34.7755     5.10
 243.6050  34.8630     5.00
 243.5900  34.8530     3.30
 243.8080  34.3683     3.10
 243.3167  34.6205     3.00
 241.1680  37.4970     3.30
 243.6040  34.8610     3.00
 243.5920  34.8610     3.00
 243.5980  34.8640     3.60
 243.6960  34.6440     3.10
 243.6010  34.8610     3.00
 243.5880  34.8560     3.00
 243.7300  34.5280     3.80
 243.6940  34.6820     3.20
 243.5900  34.8650     3.50
 243.5930  34.8660     3.50
 243.7290  34.5110     3.00
 243.5930  34.8620     3.20
 243.6940  34.6900     3.40
 244.8370  32.2370     3.30
 243.7080  34.6540     3.20
 243.6000  34.8680     3.00
 243.1080  37.4980     3.00
 243.6910  34.5420     3.00
 243.5453  34.3500     3.00
 243.7420  34.5210     3.30
 243.7380  34.5640     4.00
 243.5890  34.8560     3.00
 243.7310  34.5090     4.00
 241.1650  37.4990     3.00
 243.6400  34.6960     3.70
 243.7340  34.5970     3.80
 243.7930  34.3360     4.20
 243.8070  34.4120     3.40
 243.6020  34.8550     3.80
 243.5830  34.8570     3.00
 243.7430  34.5670     3.50
 243.5910  34.8650     5.00
 243.5740  34.8560     3.10
 243.5082  34.5260     3.20
 243.5910  34.8500     3.20
 243.6130  34.8240     3.70
 243.7410  34.5820     3.30
 243.6180  34.8270     4.10
 243.6060  34.8220     3.70
 243.6020  34.8610     3.50
 243.6000  34.8250     3.30
 243.5940  34.8580     3.00
 243.5810  34.8630     3.30
 243.6040  34.8700     4.10
 243.6120  34.8610     4.20
 243.6000  34.8560     3.30
 244.4440  32.5770     3.10
 243.6070  34.8580     3.80
 243.6570  34.8170     3.00
 243.5730  34.8540     3.40
 243.6612  34.6550     3.30
 243.7160  34.6630     3.10
 243.6070  34.8150     3.00
 243.7100  34.5290     3.00
 243.5960  34.8230     3.00
 244.2843  34.3605     3.10
 243.5900  34.8400     3.10
 243.8640  34.3400     3.20
 243.7390  34.4360     3.10
 243.5970  34.8600     3.20
 243.7680  34.6020     3.00
 243.6130  34.8190     3.00
 243.6120  34.8180     3.00
 242.5510  34.0860     3.10
 243.7110  34.6680     3.50
 243.8060  34.3670     3.40
 243.0150  37.4660     3.10
 243.6090  34.8280     3.50
 243.7010  34.7250     3.30
 243.6010  34.8420     3.60
 243.6570  34.8050     3.30
 243.6920  34.6560     3.00
 243.6790  34.6810     3.10
 243.6010  34.8360     3.00
 243.7070  34.6130     3.00
 243.6580  34.7080     3.40
 243.6840  34.6450     3.20
 243.7100  34.5300     3.70
 243.7570  34.6170     4.60
 243.7340  34.4900     3.70
 243.6190  34.8180     3.30
 243.7290  34.5210     3.30
 243.7580  34.6260     3.20
 243.7613  34.6662     3.00
 244.0900  34.7523     3.10
 243.7260  34.6240     3.00
 243.6480  34.8310     3.10
 243.6360  34.6990     3.10
 243.7070  34.6490     3.10
 242.0960  36.4450     3.90
 243.7360  34.5550     3.10
 243.6950  34.6700     3.20
 243.7580  34.6170     3.30
 243.6120  34.8200     3.00
 243.7370  34.6230     3.40
 243.7210  34.5300     3.10
 243.5750  34.8600     3.10
 243.7930  34.4410     3.40
 243.6380  34.6780     3.20
 243.6160  34.8260     3.20
 243.7320  34.6150     3.10
 243.7130  34.5370     3.40
 243.7290  34.5090     3.10
 243.8560  34.3660     3.00
 243.7270  34.5220     4.30
 243.7590  34.5260     3.50
 243.7420  34.5660     3.50
 243.6830  34.7950     3.10
 243.7710  34.5620     3.10
 243.7060  34.8090     3.30
 243.6450  34.8480     4.10
 243.0702  34.1582     3.10
 243.5910  34.8550     3.30
 243.3700  34.6487     3.00
 243.6930  34.7090     3.80
 243.7350  34.5810     3.20
 243.6050  34.8670     3.30
 243.8160  34.4250     3.40
 243.5880  34.8542     3.60
 243.6250  34.7000     3.20
 243.6620  34.8300     3.10
 242.1300  36.0560     3.40
 242.1250  36.0590     3.00
 243.1490  34.3050     3.20
 243.7640  34.5320     3.20
 243.8820  34.3230     3.40
 240.2450  34.3920     3.00
 243.7130  34.6750     3.00
 243.7370  34.5530     3.30
 243.8070  34.4290     3.00
 243.9880  33.1590     3.50
 243.6902  34.6920     3.50
 243.6960  34.6820     3.40
 243.6930  34.6840     3.00
 243.7100  34.6440     3.00
 243.7160  34.7980     3.30
 243.7180  34.8010     3.80
 243.6430  34.8470     4.10
 243.6440  34.8510     3.50
 243.6470  34.8480     3.00
 243.6250  34.6850     3.20
 243.7210  34.7080     3.20
 243.6980  34.7080     3.50
 243.6190  34.8440     3.30
 243.6510  34.8470     3.00
 243.6440  34.8600     3.20
 243.5945  34.3920     3.00
 243.6910  34.8000     3.00
 243.7110  34.6170     3.40
 243.7480  34.5040     3.10
 243.7470  34.5170     3.00
 243.6170  34.8300     3.50
 243.6660  34.8330     3.40
 243.7360  34.5700     3.00
 243.7080  34.7900     4.00
 243.7108  34.8670     3.20
 243.6000  34.8650     3.00
 243.6930  34.6050     3.20
 243.6800  34.6350     3.10
 241.4110  37.3500     4.30
 241.3890  37.3600     3.00
 241.3820  37.3500     3.00
 243.6500  34.7780     3.30
 243.7250  34.6010     3.40
 243.9220  34.2940     3.00
 244.4673  32.7682     3.10
 243.7130  34.5240     3.40
 242.2965  33.4572     3.10
 243.6360  34.8603     3.30
 243.6120  34.8270     3.20
 243.5950  34.8510     3.00
 243.5360  34.3510     3.50
 243.7120  34.6520     3.10
 243.6520  34.8490     3.10
 241.8940  35.6750     3.00
 242.7350  34.0480     3.30
 244.5870  32.4870     3.10
 244.6940  32.3640     3.10
 241.4020  35.3530     3.00
 244.6970  32.3630     3.50
 244.6940  32.3760     3.60
 244.6900  32.3690     3.30
 243.6960  34.6800     3.00
 243.7120  34.6380     3.00
 243.1780  34.1590     3.10
 243.6370  34.8090     3.50
 243.7460  34.4370     3.20
 243.5950  34.8360     4.40
 243.7350  34.4890     3.10
 243.7340  34.6020     3.00
 243.8170  34.4200     3.00
 243.5700  34.8130     3.10
 243.6930  34.5490     3.00
 243.7500  34.5750     3.00
 243.6390  34.8030     3.00
 243.6020  34.8700     3.50
 244.4010  33.1730     3.40
 243.6950  34.5430     3.60
 241.1590  37.4720     3.00
 242.9440  37.4110     3.10
 243.7500  34.6200     3.20
 243.6650  34.7020     3.20
 241.1630  37.4830     3.10
 243.8090  34.4100     3.00
 243.6670  34.8020     3.00
 244.4060  33.1790     3.60
 243.5910  34.8380     3.50
 242.7840  35.9370     3.00
 242.1290  36.0480     3.00
 243.6910  34.6690     3.30
 243.7510  34.6280     3.20
 241.5830  34.1210     3.30
 241.5840  34.1240     3.10
 242.9310  37.4170     3.10
 243.6540  34.8510     3.60
 243.7010  34.6640     3.80
 242.5500  34.1520     3.10
 243.6600  34.6620     3.10
 243.5970  34.8380     3.00
 243.7300  34.6200     3.50
 243.5980  34.8380     3.10
 243.6960  34.6890     3.10
 243.7340  34.4360     3.60
 242.2890  33.8110     3.80
 243.6550  34.8510     3.70
 242.7590  34.0387     3.20
 242.7530  34.0430     3.10
 243.6780  34.6420     3.90
 243.7000  34.5890     3.20
 244.2500  32.3270     4.00
 243.5940  34.8580     3.10
 243.6030  34.8710     3.10
 243.8540  34.3890     3.40
 242.9920  34.1020     3.90
 243.6100  34.8570     3.10
 242.9930  34.1010     3.10
 243.8870  34.3330     3.30
 243.8830  34.3350     3.30
 243.7180  34.6080     3.00
 243.6880  34.6920     3.00
 243.6860  34.6890     3.30
 243.6600  34.8530     3.20
 243.7490  34.6190     3.00
 243.7500  34.6180     3.20
 243.7350  34.5920     4.00
 243.7590  34.5290     3.00
 243.7080  34.6540     3.20
 243.6290  34.7970     3.40
 243.6450  34.8130     3.80
 244.0610  32.7370     3.00
 243.6290  34.7920     3.20
 243.7060  34.6750     3.20
 243.6880  34.7320     4.30
 243.7060  34.7030     3.80
 242.6700  34.1100     3.30
 243.7150  34.6650     3.20
 243.7130  34.8010     3.00
 243.9280  34.3090     3.10
 244.6843  32.3603     3.00
 242.9920  34.1010     3.50
 242.1640  36.0830     3.90
 244.4060  33.1660     3.40
 241.9438  36.1338     4.10
 243.6300  34.7990     3.00
 243.6660  34.6650     3.10
 243.6930  36.7520     3.00
 243.7270  34.5900     3.20
 243.8060  34.4300     3.40
 243.7360  34.6290     4.00
 243.6630  34.6690     3.10
 243.2332  34.2908     3.50
 243.2350  34.2950     3.40
 241.1380  37.5790     3.80
 241.1370  37.5760     3.10
 243.6143  34.8525     3.00
 243.7405  34.5748     3.00
 243.7360  34.5730     3.00
 243.2355  34.3212     3.00
 243.5568  34.2508     3.10
 243.5610  34.2500     3.00
 243.6758  34.8515     3.50
 243.6770  34.8510     3.40
 241.7960  32.5710     3.20
 241.9815  35.7518     3.40
 241.9900  35.7500     3.30
 241.9818  35.7505     3.40
 241.9940  35.7470     3.60
 243.2298  33.7033     3.00
 243.2275  33.7063     3.00
 243.5522  34.3960     3.40
 243.5500  34.3970     3.50
 243.7100  34.6090     3.10
 243.8660  34.3640     3.50
 238.5320  34.7240     3.30
 243.7070  34.7190     3.60
 243.8500  34.3710     4.00
 243.9060  32.6760     3.10
 243.6680  34.8400     3.00
 243.7800  31.8350     3.00
 243.7140  34.7960     3.00
 243.6280  34.8030     4.40
 243.6290  34.7990     3.00
 243.6300  34.8020     3.30
 244.1910  32.2530     3.30
 242.3730  35.6670     3.00
 243.1740  33.2920     3.80
 242.7450  34.0470     4.30
 244.0370  34.5740     3.20
 242.7430  34.0460     3.00
 244.9540  32.2328     3.10
 243.6490  34.7880     3.90
 244.4470  32.9880     3.10
 242.3990  36.0780     3.20
 242.3990  36.0720     4.20
 242.4000  36.0810     3.70
 242.4030  36.0820     4.10
 242.4000  36.0810     3.90
 242.3990  36.0750     3.50
 241.8220  37.8680     4.20
 241.7990  37.8420     3.10
 242.2850  33.8060     4.00
 242.2890  33.8090     3.90
 243.2320  34.3280     3.50
 242.2880  33.8130     3.00
 243.6920  34.5430     3.10
 243.5970  34.8570     3.00
 242.5240  34.1120     3.00
 243.6880  34.0150     3.30
 242.2560  33.8390     3.10
 239.2730  34.9650     3.60
 244.2600  37.0470     3.10
 241.1790  34.0440     3.40
 239.7410  36.3660     3.80
 243.1460  31.2120     3.20
 245.1230  31.9430     3.00
 243.5350  34.3440     3.20
 243.7130  34.5250     3.00
 242.3517  35.8030     3.10
 242.3530  35.7990     3.00
 241.1570  37.4760     3.00
 244.4420  32.9850     4.00
 244.4450  32.9830     4.00
 244.4430  32.9840     3.80
 244.4450  32.9820     3.80
 242.1270  36.0160     4.20
 242.1290  36.0110     3.50
 242.1350  36.0020     3.20
 242.1300  36.0190     3.30
 242.1260  36.0030     3.00
 242.1330  36.0100     3.10
 242.1280  36.0030     3.30
 244.3590  33.1470     3.30
 242.1250  36.0210     3.00
 242.1320  36.0150     3.10
 243.5920  34.8600     3.10
 243.6760  34.0280     3.60
 243.7150  34.5020     3.20
 243.7430  34.4470     3.20
 239.6138  35.7667     3.00
 243.7350  34.8040     3.00
 242.5290  34.1340     3.60
 244.6080  32.6920     4.30
 244.6070  32.7040     4.30
 243.5927  34.9632     3.60
 243.5990  34.8370     3.50
 242.0820  36.1840     3.10
 243.3270  37.8943     3.30
 243.9300  32.0530     4.10
 239.8250  36.2030     3.10
 243.7310  34.7950     3.80
 242.1690  36.0060     3.10
 243.3510  33.9420     3.00
 243.8500  34.3990     3.00
 243.6740  34.5100     4.60
 243.1390  32.0050     3.50
 243.2620  34.3390     3.30
 241.1650  37.4880     3.10
 243.7450  34.4360     3.20
 243.7430  34.5790     3.40
 241.4680  35.2830     3.30
 243.6310  34.6910     3.40
 240.9570  34.8530     3.10
 243.7010  34.6510     3.10
 244.8920  32.1720     4.20
 244.3630  33.1620     3.70
 241.9420  36.3330     3.30
 244.3660  33.1690     3.30
 244.3600  33.1660     3.50
 244.3680  33.1630     3.60
 244.9290  32.1720     3.20
 244.8810  32.1110     3.90
 244.9900  32.2000     4.00
 244.9080  31.8920     4.20
 244.9110  32.1590     3.50
 244.8630  32.1480     3.70
 244.9265  32.2248     3.70
 244.8510  32.1600     4.20
 244.9052  32.2100     3.40
 244.9560  32.1180     3.70
 244.9905  32.3035     3.40
 244.9320  32.1930     3.00
 244.9110  32.1650     3.00
 243.7280  34.5140     3.00
 244.9070  32.1820     3.20
 243.1360  32.0140     3.10
 245.0055  31.9825     3.10
 244.9370  32.1870     3.00
 244.8890  32.1600     3.50
 243.7820  36.8910     3.00
 244.3620  33.1600     3.90
 244.3570  33.1560     3.60
 244.3660  33.1530     3.10
 244.3630  33.1760     3.00
 241.9390  36.3240     3.10
 243.6940  34.6840     3.30
 241.9540  36.3260     3.40
 241.9540  36.3250     3.50
 244.3730  31.2500     3.00
 241.6940  35.0970     3.90
 243.6910  34.6710     3.20
 241.9460  36.3260     3.10
 241.9500  36.3250     3.40
 243.6430  34.6920     3.40
 243.1320  34.2940     3.70
 243.8630  32.5920     3.10
 241.9350  36.3180     3.90
 243.7150  34.6000     3.00
 242.3490  35.7800     4.10
 242.3570  36.0670     3.10
 243.5880  32.1320     3.00
 243.5880  32.1320     3.40
 243.6640  32.0030     3.20
 244.4030  33.1770     3.50
 244.4020  33.1810     3.10
 242.8980  37.4300     3.00
 244.3950  33.1800     3.40
 242.3530  35.7800     3.10
 242.3510  35.7860     3.20
 243.6430  34.6830     3.90
 243.9400  34.2950     3.20
 244.4980  32.8960     4.10
 244.4960  32.9000     3.00
 244.4960  32.8760     3.40
 244.4960  32.9020     3.00
 244.4970  32.8940     3.30
 244.4910  32.8970     3.00
 244.4930  32.8850     3.10
 244.4940  32.8760     3.20
 244.4880  32.8720     3.40
 244.4930  32.9000     3.00
 244.4950  32.8840     4.50
 244.4980  32.8700     3.10
 244.4830  32.8950     3.60
 244.4940  32.8690     3.70
 244.4920  32.9110     3.30
 244.4970  32.9110     3.50
 244.4900  32.9090     3.20
 244.4880  32.9050     3.30
 244.4880  32.9050     3.20
 244.5000  32.8820     3.10
 243.7360  35.5090     3.10
 243.6150  34.8350     3.00
 243.7032  34.7822     4.50
 243.7060  34.7890     3.70
 243.7010  34.7770     3.10
 243.0370  33.9790     3.00
 243.7030  34.7890     3.30
 243.3640  34.0430     3.60
 244.1867  31.5747     3.30
 244.3700  31.8320     3.20
 241.9470  36.3230     3.30
 241.9620  36.3270     3.10
 241.9620  36.3260     3.00
 244.7967  32.5592     3.00
 244.2880  31.9320     3.20
 244.6020  31.0600     3.10
 239.3510  34.3120     3.20
 243.5930  34.8190     3.70
 243.9180  32.6130     3.00
 240.3350  34.1900     3.40
 243.5830  34.8170     3.10
 243.7050  34.8050     3.50
 245.0003  32.3560     3.00
 243.9050  34.7160     3.50
 244.8860  32.1540     3.80
 243.9210  34.7160     3.00
 243.6830  32.0460     3.10
 241.5600  34.4380     4.00
 243.7070  34.6600     3.00
 243.7940  31.7450     3.40
 243.0520  34.0530     3.10
 244.2200  32.2230     3.10
 243.8320  33.1990     3.10
 243.7340  34.8020     3.30
 243.7320  34.8100     3.70
 242.6560  34.1460     3.80
 243.7310  34.8070     3.00
 241.9630  36.3250     3.20
 244.2580  31.9180     3.00
 243.7100  34.6760     3.10
 243.7517  31.8542     3.00
 238.8963  35.4085     3.40
 239.1470  35.1270     3.30
 243.7040  34.6670     3.00
 243.5460  34.3660     3.10
 239.3830  36.5310     3.20
 241.8180  37.9050     3.70
 243.6960  33.3050     3.70
 243.7020  34.7300     3.30
 242.3950  36.0820     3.40
 242.3180  32.3700     3.00
 244.2140  32.2210     3.10
 242.3840  35.6820     3.40
 241.1530  37.4890     3.00
 241.1420  37.4310     3.30
 241.1690  34.4450     3.00
 243.6540  34.8780     3.20
 243.6900  36.7810     3.40
 242.1900  36.0900     3.00
 243.5880  34.8650     3.00
 244.1810  32.7170     3.60
 244.2200  32.1320     3.30
 244.0550  32.8330     3.10
 243.7380  34.5320     3.40
 243.5840  34.9370     3.70
 244.2070  32.0830     3.40
 244.2007  32.1678     3.40
 241.5760  33.9760     3.20
 242.1360  36.0420     3.00
 243.1960  33.9630     3.00
 242.1350  36.0420     3.80
 243.7360  34.4900     3.00
 243.7742  31.8567     3.00
 243.7180  34.5330     3.20
 239.4800  36.0312     3.40
 244.2030  32.2300     3.10
 244.8580  32.1360     3.30
 244.2330  31.8050     3.30
 244.2520  31.7630     3.60
 244.2430  31.7790     3.20
 244.2220  31.9250     3.20
 243.7430  34.4480     3.30
 242.2650  34.1700     3.10
 241.1183  37.5713     3.80
 243.5850  34.9310     3.10
 244.1290  31.5400     4.00
 244.1010  31.6780     3.20
 244.1160  31.6840     3.00
 243.7740  33.2970     3.40
 244.8480  32.1250     3.90
 242.3530  35.7790     3.60
 244.2650  31.5550     3.20
 244.3460  31.5020     3.60
 244.8620  32.1580     3.10
 240.9670  35.2750     3.10
 243.7280  34.7950     3.10
 240.4580  35.6220     3.00
 241.1000  34.5630     3.90
 244.5660  32.0800     3.30
 244.4330  33.1870     3.10
 242.8572  37.3182     3.80
 243.0100  37.3120     3.70
 245.1350  31.9880     3.00
 243.7920  36.6650     3.30
 243.5620  35.4730     3.50
 243.5510  35.4720     3.60
 243.5820  34.1500     3.10
 243.0420  33.9750     3.10
 244.6577  32.3622     3.00
 244.6660  32.3660     3.00
 244.6620  32.4180     3.20
 243.7090  34.7900     3.50
 243.7360  34.7970     3.10
 244.6610  32.4260     3.30
 244.6790  32.3800     3.60
 244.6660  32.4160     3.50
 244.6640  32.4080     3.30
 243.7350  34.6170     3.40
 241.3490  37.4290     3.50
 241.1030  34.5510     3.00
 244.7170  32.3470     3.10
 243.7290  34.5820     3.50
 244.7540  32.2790     3.40
 243.2250  34.2670     4.10
 245.1160  32.2780     4.10
 244.9227  32.1538     3.60
 242.0910  36.0830     3.30
 244.9020  32.1550     3.00
 243.5750  34.0900     3.20
 243.3020  34.0090     3.40
 241.0960  37.4938     3.00
 241.1530  37.4130     3.30
 243.3420  31.9590     3.00
 243.3270  31.9580     3.10
 242.5770  35.1273     3.00
 242.8390  35.5820     3.30
 244.8950  32.1240     3.10
 244.4820  32.5570     3.20
 243.6590  32.0060     3.10
 243.6827  32.0832     3.20
 242.9830  35.0870     3.00
 241.8940  37.1250     3.20
 240.5557  37.7100     3.00
 241.1620  37.5530     3.50
 244.6800  32.4010     3.00
 242.7510  34.0480     3.40
 240.9850  34.4360     3.10
 243.5700  31.8100     3.20
 243.5940  31.8590     3.00
 243.6000  31.8530     3.00
 240.9800  34.9180     4.40
 242.9620  37.4700     3.50
 242.8575  36.8533     3.10
 243.0850  34.9210     3.50
 243.5840  31.8460     3.00
 241.7960  33.5520     3.10
 243.1360  34.3130     3.00
 241.9320  32.7260     4.00
 241.5370  37.5270     3.40
 241.6390  37.3178     3.30
 244.4030  33.1810     3.00
 244.3650  33.1570     3.00
 244.3650  33.1570     3.00
 243.9130  31.9990     3.00
 243.9130  31.9990     3.00
 242.0910  36.5050     3.10
 242.0910  36.5050     3.10
 242.0780  36.4940     3.40
 242.0780  36.4940     3.40
 245.0090  32.0900     3.20
 245.0765  32.3113     3.20
 245.1770  31.9460     3.70
 245.1770  31.9460     3.70
 245.2350  31.9040     3.10
 244.1840  31.3150     3.10
 241.5960  34.2840     4.30
 241.5960  34.2840     4.30
 241.5970  34.2890     4.10
 241.5970  34.2890     4.10
 245.2430  31.9520     3.20
 245.3668  31.8627     4.40
 246.2810  32.4480     3.20
 245.2710  31.9270     3.40
 245.2710  31.9270     3.40
 245.2060  31.9920     3.30
 245.2200  31.9090     3.70
 245.2950  31.8900     3.00
 245.2310  31.9800     3.00
 245.2540  31.9020     3.10
 245.2700  31.9260     3.40
 245.2480  31.9500     3.00
 245.2130  31.9140     3.30
 241.4970  36.9503     3.80
 245.2230  31.9620     3.10
 243.6890  34.7092     3.00
 243.7050  31.9460     3.20
 243.7050  31.9460     3.20
 242.3503  33.8487     3.00
 241.4010  37.2870     3.20
 242.4110  32.3950     3.40
 243.9893  31.7512     3.50
 244.1552  31.9273     3.40
 243.8537  33.8152     3.90
 243.6940  34.7040     3.00
 243.0542  34.2895     5.10
 243.0687  34.3020     3.00
 243.0533  34.2838     3.20
 243.0582  34.2875     4.20
 243.0633  34.2933     3.20
 243.0605  34.2952     3.10
 243.0582  34.2887     3.50
 243.0575  34.2775     3.60
 243.1390  31.3920     3.40
 243.1393  31.5640     3.40
 243.0587  34.2987     3.00
 243.0638  34.3007     3.10
 242.2950  36.0140     3.00
 242.2950  36.0140     3.00
 243.1912  33.6747     3.30
 243.7417  34.4868     3.00
 243.2243  33.7085     3.10
 243.7168  34.4437     3.00
 242.4750  35.1120     3.80
 243.6993  34.7073     3.30
 242.5532  34.3393     3.10
 242.9967  34.0252     3.20
 243.6907  33.3748     3.10
 244.0295  31.8130     3.00
 244.1193  31.8503     3.40
 242.5577  36.3528     3.10
 243.7058  34.6467     3.20
 240.8848  32.9417     3.10
 241.9657  35.7723     3.50
 242.3222  36.0443     3.00
 243.7278  34.8068     3.10
 242.4295  34.0477     3.40
 243.6923  34.6912     3.20
 243.9727  31.7792     3.20
 243.7447  33.2403     3.50
 242.9758  33.8715     3.20
 242.1883  36.0173     3.80
 242.3250  36.0447     3.10
 243.7332  34.5363     3.20
 242.1712  36.3798     3.10
 242.1553  36.3678     3.10
 241.6670  35.9833     3.10
 239.4700  35.9397     3.60
 242.3118  33.8777     3.60
 242.8938  34.0478     3.10
 244.4062  33.2010     3.00
 241.6688  35.9893     3.80
 241.6675  35.9897     3.00
 241.6688  35.9865     3.00
 241.6725  35.9803     3.00
 244.0302  34.5668     3.00
 241.6605  35.9913     3.00
 241.6522  36.3290     3.10
 241.2847  34.7093     3.20
 243.2238  33.7045     3.40
 242.1173  36.0248     3.50
 242.1047  36.0255     3.20
 242.1117  36.0258     3.30
 243.7203  34.6478     3.30
 239.5373  35.8635     3.00
 241.1683  37.5498     3.00
 242.5603  34.2262     3.80
 241.9553  35.7988     3.00
 241.9602  35.7985     3.60
 241.9572  35.7948     3.00
 241.9563  35.7990     4.30
 241.9565  35.8028     3.00
 241.9538  35.7960     4.10
 241.9513  35.7940     3.20
 241.9550  35.7982     3.10
 241.9555  35.8022     3.00
 243.7773  31.7902     3.20
 243.6990  34.7248     3.00
 243.2428  34.0238     3.80
 243.4393  33.9977     3.10
 241.2350  37.9855     3.10
 243.7085  31.8168     3.40
 242.2772  37.0415     3.20
 243.2397  33.6777     3.20
 241.9548  35.7992     3.00
 244.4052  33.0317     3.10
 243.7687  34.5687     3.10
 242.5358  34.2257     3.20
 242.1142  36.0295     3.00
 243.1837  33.6875     3.10
 244.5862  32.7293     3.40
 244.7742  32.3352     3.10
 242.7742  33.9737     3.00
 241.9587  35.7990     3.00
 243.7580  31.8130     3.20
 241.5997  36.0983     3.30
 243.2358  34.2635     3.90
 243.2335  34.2628     3.00
 243.2405  34.2580     3.00
 241.6555  35.7500     3.00
 242.1222  36.0303     3.60
 242.1292  36.0228     3.80
 242.1260  36.0267     3.90
 242.1248  36.0260     3.40
 243.5832  33.4618     3.00
 242.1208  36.0375     3.00
 242.1272  36.0215     3.00
 242.1223  36.0178     3.50
 242.1210  36.0097     3.20
 242.1143  36.0098     3.20
 242.1217  36.0187     3.00
 242.1392  36.0135     4.80
 242.1248  36.0352     3.10
 242.1255  36.0300     3.00
 242.1227  36.0333     3.00
 242.1190  36.0257     3.60
 242.1350  36.0268     3.80
 242.1247  36.0182     3.00
 242.1278  36.0430     4.10
 242.1077  36.0060     3.10
 242.1198  36.0392     3.00
 242.1152  36.0303     3.20
 242.1172  36.0285     3.70
 242.1177  36.0170     4.70
 242.1165  36.0325     3.70
 242.1142  36.0172     3.00
 242.1285  35.9985     3.30
 242.1105  36.0492     3.00
 242.1248  36.0138     3.50
 242.1323  35.9957     3.30
 242.1245  36.0095     3.20
 242.5358  34.2655     3.80
 242.1248  35.9973     3.50
 242.1298  35.9868     3.00
 242.1235  36.0065     3.10
 242.1228  35.9950     4.40
 242.1253  35.9933     3.10
 242.1267  35.9882     3.40
 243.9363  32.7097     3.10
 242.1233  35.9923     3.10
 243.0122  34.2875     3.00
 242.3188  35.9338     3.00
 242.1210  35.9900     3.70
 242.1313  35.9822     3.30
 242.1387  35.9833     3.30
 242.1335  35.9732     3.00
 243.9033  31.6672     3.00
 243.0135  34.2882     3.00
 242.1233  35.9843     3.00
 242.1258  36.0605     3.10
 242.1285  36.0582     4.00
 242.1225  36.0502     3.10
 242.1347  35.9805     3.00
 242.1172  36.0487     3.70
 242.1165  36.0512     3.50
 242.1160  36.0275     3.30
 242.1218  35.9893     3.60
 243.9975  31.6758     3.20
 242.1033  36.0620     3.10
 242.2087  37.2195     3.70
 243.7437  31.9915     3.00
 241.5177  35.7305     3.20
 243.5765  32.1057     3.50
 241.7945  32.7678     3.00
 242.6742  31.9682     3.40
 241.7118  32.7595     4.40
 241.6790  32.7602     3.30
 241.6070  32.7275     3.10
 241.6658  32.7335     4.20
 242.7062  31.9390     3.00
 243.6855  34.6363     3.20
 242.7498  34.0435     3.10
 243.7293  34.5952     3.10
 242.1278  36.0472     3.10
 243.2582  33.6470     3.40
 243.5833  33.3717     3.50
 239.7713  36.2378     3.40
 243.5805  33.3767     3.10
 243.5735  31.2707     3.20
 243.5507  31.3280     3.10
 243.5987  31.8807     3.00
 242.5002  34.2762     3.10
 241.6115  34.0590     4.20
 243.3700  33.4518     3.00
 242.2262  33.9225     3.10
 242.2297  32.9255     3.20
 243.4868  33.5087     3.00
 242.1065  36.0878     3.10
 242.1348  36.4428     3.00
 243.2297  34.0483     3.10
 240.5422  34.9895     3.00
 244.3975  33.1873     3.00
 244.1770  31.9853     3.10
 243.5982  34.8648     3.00
 241.7380  34.0940     3.00
 239.9305  33.9963     3.30
 243.7375  31.9855     3.40
 242.1003  36.0882     3.00
 243.6465  34.8195     3.10
 243.4795  33.5013     3.10
 243.6817  31.9557     3.10
 243.7687  34.6393     3.30
 241.6025  34.0568     3.00
 242.5973  32.0970     3.30
 243.7595  31.8370     3.20
 241.3180  33.2863     3.10
 245.0273  32.1072     3.00
 243.8973  32.6705     3.30
 241.7298  33.9220     4.00
 241.7040  33.9295     3.00
 242.4042  35.9062     3.00
 243.5285  34.3515     3.40
 243.8452  32.6098     3.10
 243.4857  33.5083     5.10
 244.1775  32.1183     3.00
 243.5658  34.1617     3.30
 243.5663  34.1545     3.00
 243.7690  31.9045     3.00
 244.3085  33.3253     3.00
 244.3020  33.3177     3.20
 244.2962  33.3110     3.40
 244.2887  33.3073     3.10
 244.2998  33.3172     4.10
 244.2785  33.3058     3.20
 244.2963  33.3103     3.00
 244.2943  33.3117     3.20
 243.7038  34.6750     3.00
 243.7218  34.6133     3.20
 243.5345  34.4095     3.40
 244.9983  31.9977     5.10
 245.0523  32.0783     3.40
 241.6668  32.7475     3.00
 244.9900  32.0035     4.90
 245.0215  32.0835     3.20
 245.0115  32.1183     3.00
 245.0575  32.1378     3.00
 245.0215  32.0925     3.10
 243.2767  34.1078     3.60
 242.1225  36.0097     3.10
 242.2537  33.9545     4.00
 242.6493  31.9835     3.00
 242.6182  32.0012     3.40
 242.6110  31.9900     3.40
 244.9975  32.0783     3.10
 243.7467  31.7875     3.40
 243.8582  33.2645     3.00
 243.5655  33.3793     4.20
 244.8950  32.4082     3.50
 244.9160  32.4290     3.30
 244.9112  32.4305     3.00
 244.9222  32.4180     3.00
 244.9008  32.4240     3.00
 244.9600  32.3877     3.40
 244.9722  32.3973     3.40
 244.9130  32.5395     3.20
 244.9715  32.3797     3.50
 244.9873  32.3558     3.30
 245.0050  32.3125     3.20
 244.9678  32.3942     3.60
 244.9667  32.3738     3.20
 244.9898  32.3553     3.00
 244.9562  32.3998     3.20
 245.0315  32.3060     3.20
 244.9255  32.4188     3.10
 244.9625  32.2963     3.30
 244.9450  32.3785     3.40
 244.9338  32.4130     3.50
 243.5173  34.4620     3.20
 244.8948  32.4255     3.00
 244.9298  32.3817     3.10
 244.9770  32.3140     3.10
 244.9070  32.4038     3.00
 244.8973  32.4190     3.30
 244.9043  32.4103     3.50
 244.6127  31.0488     4.20
 241.0292  34.5398     3.30
 242.1228  36.0438     3.00
 241.3492  34.3540     3.10
 241.3428  34.3613     4.20
 241.3322  34.3705     3.90
 241.3357  34.3653     3.80
 243.0000  32.2323     3.00
 241.3332  34.3628     3.60
 241.3387  34.3675     3.10
 241.3393  34.3662     3.50
 241.3387  34.3618     3.00
 243.5598  33.0467     3.60
 243.2947  34.1082     3.40
 242.2960  32.3007     3.70
 244.7205  32.3103     3.00
 244.7518  32.2595     3.30
 242.9313  37.3943     3.00
 244.2252  32.5650     3.20
 244.6785  32.3188     5.70
 244.6798  32.3247     3.40
 244.6833  32.3722     3.20
 244.6870  32.3008     3.10
 244.6863  32.2968     3.00
 244.6977  32.3175     3.20
 244.6778  32.2913     3.10
 244.6823  32.3157     3.00
 244.6808  32.3158     3.20
 244.6798  32.3065     3.50
 244.6668  32.3043     4.10
 244.6785  32.3245     3.10
 244.6767  32.2973     3.00
 244.6772  32.3115     3.20
 244.6752  32.2627     3.00
 244.6712  32.2913     3.60
 244.6885  32.2735     3.20
 244.6750  32.2790     3.40
 244.6663  32.2862     3.70
 244.6675  32.3095     3.00
 244.6797  32.3065     3.00
 244.6772  32.2725     3.40
 244.6725  32.2550     3.10
 244.6845  32.3825     3.00
 242.3095  35.9602     3.00
 244.6602  32.2808     3.20
 244.3747  33.1407     3.30
 244.6953  32.3227     4.00
 244.6758  32.2983     3.00
 244.6658  32.2947     3.30
 244.6740  32.2992     3.20
 244.6610  32.3248     3.30
 244.7320  32.4632     3.00
 244.7283  32.4488     3.00
 244.7362  32.4560     3.00
 243.1450  36.2445     3.20
 244.6957  32.2845     3.00
 244.6763  32.3385     3.20
 244.6742  32.2495     3.00
 244.6808  32.2643     3.00
 244.6855  32.2675     3.00
 244.6887  32.2352     3.20
 244.6847  32.2368     3.00
 243.5460  35.4217     3.20
 244.6755  32.2630     3.10
 244.6768  32.2417     3.40
 244.6753  32.2997     3.20
 244.6595  32.2795     3.40
 244.6652  32.2705     3.10
 241.1597  37.6343     3.20
 244.6688  32.2063     3.00
 243.6477  34.8450     3.30
 243.7087  34.5185     3.40
 243.7070  34.5215     3.10
 240.6700  33.6660     4.60
 240.6737  33.6673     3.20
 242.1442  33.8728     3.20
 243.2257  34.2668     3.40
 244.6727  32.3137     3.00
 244.3945  32.8123     3.00
 244.6788  32.2927     3.70
 243.7087  34.5252     3.00
 244.2480  33.3502     3.00
 244.7597  32.5058     3.30
 243.2720  33.1947     3.80
 243.9722  31.7078     3.00
 243.7053  34.5240     4.40
 244.5443  32.1052     3.30
 243.7767  31.8212     3.20
 244.6870  32.3442     3.00
 244.6837  32.2872     3.30
 245.0427  32.0535     4.10
 241.9220  35.7133     3.00
 241.9212  35.7097     3.80
 241.9147  35.6998     3.00
 241.9318  35.7155     3.40
 243.6852  32.0397     3.00
 244.0228  33.1583     3.90
 244.2093  31.8547     4.00
 240.4297  33.9077     3.00
 244.8665  32.2627     3.90
 243.7900  31.8303     3.20
 243.6647  36.6938     4.90
 241.6488  33.9978     3.00
 244.7830  32.3348     3.20
 243.6298  32.1042     3.00
 242.8048  32.0173     3.10
 243.3490  34.1033     3.30
 244.4648  32.9433     3.00
 242.7128  31.9492     3.00
 242.5712  34.1613     3.70
 243.5588  34.5710     3.70
 242.5643  34.1668     3.00
 240.5533  35.3118     3.20
 242.0108  37.1062     3.10
 239.4382  35.9110     3.00
 244.3900  33.0453     3.80
 242.2242  33.9173     4.80
 244.6888  32.2828     3.10
 242.2312  33.9208     3.00
 242.1233  36.0505     3.50
 243.7375  31.8422     3.40
 243.5930  31.9072     3.20
 243.6798  34.0543     3.30
 243.2213  33.5032     3.70
 243.6047  34.8662     3.80
 243.8872  33.2248     4.30
 244.6163  32.1813     3.60
 244.6230  32.2063     3.10
 244.6070  32.2388     3.00
 242.6965  35.9462     4.10
 244.7502  32.3712     3.60
 242.6948  35.9455     4.00
 242.6948  35.9440     3.70
 243.7343  34.5772     3.10
 243.7022  34.7095     3.40
 243.7090  34.7188     3.30
 244.5805  32.4478     3.20
 243.9757  33.7465     3.00
 241.9265  32.6453     3.20
 243.5002  33.4822     3.10
 241.9197  32.6340     3.20
 243.7053  34.7067     3.00
 243.1162  34.3015     3.60
 243.4190  33.5057     3.80
 243.7335  34.8027     4.80
 243.0597  33.5333     3.10
 244.3583  33.1658     3.30
 244.3707  33.1625     3.00
 244.4985  31.5233     3.80
 243.7252  34.8032     3.10
 240.9833  34.9240     3.50
 242.7052  35.9488     3.10
 239.4323  35.9617     4.20
 244.7803  32.3763     3.00
 244.9730  31.8560     3.50
 244.9925  32.0997     4.10
 243.5353  34.3833     3.40
 244.3823  31.8740     3.10
 243.7303  34.8052     3.00
 243.8848  33.7848     3.10
 244.3007  33.3247     3.30
 243.1357  33.9925     3.00
 244.2018  32.2317     4.80
 244.2050  32.2248     4.00
 240.8110  33.9488     3.20
 244.2130  32.2298     3.30
 241.4787  37.5688     3.50
 244.7982  32.3672     4.20
 243.7425  33.8852     3.50
 244.6632  32.1692     3.20
 241.3442  35.3150     3.20
 240.8688  33.3668     3.50
 241.3387  35.3198     3.00
 241.3433  35.3195     3.60
 241.3433  35.3130     3.60
 241.3565  35.3168     3.00
 241.3315  35.3230     3.00
 244.7403  32.4042     3.80
 242.0032  36.0948     3.30
 241.4222  34.3000     3.10
 244.2010  32.2013     3.10
 244.4497  32.7690     3.40
 241.4492  33.8953     3.00
 241.3390  35.3248     3.90
 241.3462  35.3175     4.50
 244.5908  31.8882     3.00
 241.3490  35.3152     3.10
 241.3305  35.3312     3.00
 238.8243  34.8468     3.00
 242.4938  32.1022     3.30
 243.9792  33.7452     3.30
 242.7490  34.0515     3.00
 244.4893  31.6282     5.00
 244.4660  31.5987     3.10
 241.3338  35.3275     3.00
 241.3308  35.3285     3.20
 244.2112  32.2473     3.00
 240.6383  34.8928     3.40
 240.6428  34.8950     3.10
 243.1520  34.3098     5.40
 243.1527  34.3110     4.00
 243.1493  34.3108     4.30
 243.1525  34.3102     3.70
 243.1475  34.3403     3.10
 243.1498  34.3120     3.20
 243.1428  34.3260     4.00
 243.1517  34.3098     3.40
 243.1495  34.3130     3.20
 243.1440  34.3165     3.10
 243.1595  34.3063     3.50
 243.1420  34.3242     4.10
 243.1562  34.3087     3.00
 243.1508  34.3135     3.90
 243.1493  34.3198     3.10
 243.1497  34.3097     4.50
 243.1540  34.3073     3.00
 243.1497  34.3127     3.50
 243.1533  34.3048     3.40
 243.1582  34.3170     3.30
 241.3390  35.3323     3.00
 243.1675  34.3070     3.00
 243.1477  34.3122     3.30
 243.5635  33.4453     3.20
 243.1493  34.3143     3.00
 243.1555  34.3155     4.60
 243.1432  34.3310     3.60
 243.1570  34.3043     4.00
 244.2135  32.1857     3.00
 244.1992  32.2020     3.20
 243.1385  34.3258     3.00
 244.4202  33.1990     3.20
 243.6970  34.6983     3.00
 243.8668  34.3592     4.60
 243.8680  34.3670     3.40
 243.1572  34.3057     3.60
 244.2275  31.6723     3.00
 242.8135  36.6627     3.50
 242.8405  36.6393     3.00
 244.2525  31.3350     3.50
