 242.3540  35.7610     5.20
 242.3800  35.7550     4.20
 242.3640  35.7790     4.40
 242.3680  35.7990     4.20
 243.0570  34.9940     4.20
 242.3360  35.7890     4.20
 241.1200  37.6230     4.00
 241.1230  37.6260     4.00
 243.4210  31.8080     4.10
 241.3850  34.3620     4.10
 241.1590  37.6330     4.30
 241.1520  37.6340     4.40
 241.1360  37.6330     4.10
 241.1330  37.6330     4.30
 241.1520  37.6240     4.00
 241.1710  37.6410     4.30
 241.1440  37.6300     4.60
 241.2970  34.3540     4.10
 241.1710  37.5260     4.40
 244.3240  31.5440     4.40
 243.7210  34.5930     4.40
 244.6210  32.3770     4.10
 244.2900  31.7360     4.20
 243.7220  34.6040     4.20
 240.6470  34.4810     4.10
 243.6860  33.9530     4.50
 242.3500  36.0750     5.30
 242.3440  36.0830     4.00
 243.1100  33.7600     4.00
 242.3520  36.0670     4.00
 244.1320  31.3470     4.10
 239.8130  36.1840     4.00
 241.1490  37.5700     4.40
 241.1450  37.5620     4.60
 243.1810  34.9710     5.30
 241.3300  34.3690     5.10
 241.3290  34.3750     4.00
 241.3510  34.3770     4.90
 241.5690  35.4530     4.50
 242.3630  35.7970     4.00
 244.2290  31.7680     4.00
 244.5090  31.2460     4.80
 241.8910  32.6810     4.80
 241.8630  32.6850     4.20
 241.8490  32.6260     4.50
 242.6640  34.1680     4.20
 242.3620  35.7910     4.30
 243.6510  33.3980     4.90
 243.7230  36.8870     4.10
 243.1440  34.1410     4.10
 243.5480  34.3010     4.40
 241.2790  37.3520     4.00
 241.7930  37.8690     4.90
 241.7960  37.8600     4.30
 242.1400  37.2410     4.20
 242.1190  37.2330     4.70
 241.0920  37.6420     4.80
 241.0790  37.7400     4.00
 241.0700  37.7030     4.80
 241.0660  37.7170     5.20
 241.0650  37.6530     4.10
 241.0620  37.6500     4.00
 243.0040  34.0970     4.10
 244.7370  32.3370     4.00
 241.0230  37.6460     4.10
 241.1290  37.6400     4.10
 241.0950  37.6040     4.20
 244.3920  33.1920     4.10
 241.1340  37.6390     4.10
 241.0430  37.6590     4.30
 241.1340  37.6340     4.50
 242.2910  33.9510     4.30
 241.1310  37.6460     4.10
 244.2730  31.8140     4.90
 244.5440  31.1730     4.80
 242.3620  36.0670     5.20
 242.3700  36.0610     4.90
 242.3750  36.0720     4.50
 242.3530  36.0620     4.40
 242.3820  36.0760     5.00
 242.3770  36.0740     4.80
 242.7700  34.0240     4.50
 241.2020  37.5840     4.20
 241.2090  37.5910     5.20
 241.2180  37.6080     4.10
 241.2140  37.5740     4.40
 241.2540  37.5670     4.10
 241.1960  37.5970     4.60
 242.4750  36.9450     4.80
 241.3300  31.5410     4.80
 243.9120  33.2240     4.10
 241.2230  37.5980     5.30
 241.2030  37.5480     4.10
 241.0880  37.6180     4.00
 241.2220  37.5840     4.30
 241.2060  37.5710     4.00
 241.2230  37.5970     4.10
 243.0720  34.1210     4.80
 242.3520  34.3740     4.40
 241.3030  37.3780     4.00
 243.0800  34.1110     4.60
 244.5940  32.0580     4.20
 243.1560  34.3230     4.80
 243.1500  34.3200     4.10
 244.2330  31.8990     4.00
 241.1720  37.5510     4.00
 241.1720  37.5460     4.00
 241.1570  37.5870     4.10
 244.0750  32.7110     4.40
 242.1470  36.0610     4.10
 243.8390  32.5910     4.20
 239.5010  35.9420     4.10
 243.8350  32.5840     4.30
 243.8380  32.5940     4.10
 243.8380  32.5850     4.20
 243.6340  34.0620     4.90
 243.6410  34.0330     4.20
 241.1820  37.5300     5.40
 241.1990  37.5050     4.80
 241.2220  37.6100     4.00
 241.1970  37.5500     4.10
 244.7570  32.3790     4.90
 241.5220  35.7310     4.40
 243.2830  33.6320     4.20
 241.3910  34.3980     4.00
 243.0320  37.5300     5.90
 242.9960  37.4210     5.10
 242.9530  37.4120     4.00
 242.9110  37.3960     4.10
 243.5560  33.4840     4.10
 242.9350  37.4170     4.10
 242.9070  37.3830     5.00
 245.2770  31.9810     4.70
 243.6180  33.3440     4.00
 243.8710  33.7920     4.40
 244.7670  32.2720     4.80
 243.1540  34.3220     4.10
 242.9570  37.4350     4.50
 242.9200  37.4260     4.10
 243.7290  34.5940     7.10
 244.3400  33.2320     4.70
 243.6340  34.2210     4.30
 243.7380  34.4380     4.80
 243.7140  34.6090     4.20
 243.7970  34.5020     5.00
 243.7110  34.6170     4.30
 243.6890  34.5360     4.00
 244.3530  33.2860     4.50
 243.7080  34.6780     5.80
 243.7380  34.5840     4.50
 243.7040  34.6190     4.10
 243.6990  34.8110     4.80
 243.6590  34.7060     4.80
 243.7080  34.6710     4.00
 243.7220  34.5940     4.40
 243.7230  34.6290     4.30
 242.8975  34.2542     4.20
 243.6090  34.6950     4.00
 244.4720  33.1747     4.70
 243.2360  33.5592     4.00
 244.2023  32.7617     4.00
 243.3507  34.7415     4.80
 243.8520  34.3620     4.80
 243.7340  34.5400     4.70
 243.7128  34.6968     4.00
 243.6123  34.3318     4.00
 243.5353  34.2755     4.10
 243.8232  34.6118     4.30
 243.6995  34.6645     4.10
 243.6705  34.6140     4.10
 243.6987  34.5832     4.10
 244.3270  33.2560     4.00
 242.7160  34.3982     4.20
 242.1167  34.1933     4.00
 243.7180  34.5830     4.40
 243.7060  34.6030     4.40
 243.6590  34.8130     4.70
 243.6550  34.7980     4.10
 243.8590  34.3700     4.20
 243.6960  34.7110     4.10
 243.7020  34.7190     4.30
 243.6920  34.6570     4.00
 243.7370  34.5070     4.40
 243.7520  34.4420     5.60
 243.6633  34.5513     4.30
 243.7700  34.4510     4.30
 243.6550  34.8290     4.40
 243.6910  34.6800     4.10
 243.7480  34.4300     4.90
 243.7030  34.7040     4.30
 243.7200  34.6890     4.60
 243.7310  34.6860     4.50
 243.6620  34.6700     4.00
 243.6470  34.7100     4.60
 243.6660  34.6580     4.00
 243.6390  34.8320     4.20
 243.8610  34.3510     4.30
 243.8590  34.3610     4.10
 243.8620  34.3620     4.20
 243.8530  34.3590     4.60
 243.6490  34.8560     4.40
 244.8230  32.3350     4.40
 243.6518  34.7832     4.00
 243.7030  34.5940     4.10
 243.6950  34.7010     4.10
 244.6893  32.8905     4.80
 243.6590  34.7100     4.50
 243.8202  34.8683     4.70
 243.7680  34.5930     4.00
 243.6420  34.6700     4.10
 243.6030  34.8660     4.30
 243.6070  34.8670     4.50
 243.5960  34.8600     4.90
 243.6090  34.8740     5.10
 243.5105  34.7755     5.10
 243.6050  34.8630     5.00
 243.7380  34.5640     4.00
 243.7310  34.5090     4.00
 243.7930  34.3360     4.20
 243.5910  34.8650     5.00
 243.6180  34.8270     4.10
 243.6040  34.8700     4.10
 243.6120  34.8610     4.20
 243.7570  34.6170     4.60
 243.7270  34.5220     4.30
 243.6450  34.8480     4.10
 243.6430  34.8470     4.10
 243.7080  34.7900     4.00
 241.4110  37.3500     4.30
 243.5950  34.8360     4.40
 244.2500  32.3270     4.00
 243.7350  34.5920     4.00
 243.6880  34.7320     4.30
 241.9438  36.1338     4.10
 243.7360  34.6290     4.00
 243.8500  34.3710     4.00
 243.6280  34.8030     4.40
 242.7450  34.0470     4.30
 242.3990  36.0720     4.20
 242.4030  36.0820     4.10
 241.8220  37.8680     4.20
 242.2850  33.8060     4.00
 244.4420  32.9850     4.00
 244.4450  32.9830     4.00
 242.1270  36.0160     4.20
 244.6080  32.6920     4.30
 244.6070  32.7040     4.30
 243.9300  32.0530     4.10
 243.6740  34.5100     4.60
 244.8920  32.1720     4.20
 244.9900  32.2000     4.00
 244.9080  31.8920     4.20
 244.8510  32.1600     4.20
 242.3490  35.7800     4.10
 244.4980  32.8960     4.10
 244.4950  32.8840     4.50
 243.7032  34.7822     4.50
 241.5600  34.4380     4.00
 244.1290  31.5400     4.00
 243.2250  34.2670     4.10
 245.1160  32.2780     4.10
 240.9800  34.9180     4.40
 241.9320  32.7260     4.00
 241.5960  34.2840     4.30
 241.5960  34.2840     4.30
 241.5970  34.2890     4.10
 241.5970  34.2890     4.10
 245.3668  31.8627     4.40
 243.0542  34.2895     5.10
 243.0582  34.2875     4.20
 241.9563  35.7990     4.30
 241.9538  35.7960     4.10
 242.1392  36.0135     4.80
 242.1278  36.0430     4.10
 242.1177  36.0170     4.70
 242.1228  35.9950     4.40
 242.1285  36.0582     4.00
 241.7118  32.7595     4.40
 241.6658  32.7335     4.20
 241.6115  34.0590     4.20
 241.7298  33.9220     4.00
 243.4857  33.5083     5.10
 244.2998  33.3172     4.10
 244.9983  31.9977     5.10
 244.9900  32.0035     4.90
 242.2537  33.9545     4.00
 243.5655  33.3793     4.20
 244.6127  31.0488     4.20
 241.3428  34.3613     4.20
 244.6785  32.3188     5.70
 244.6668  32.3043     4.10
 244.6953  32.3227     4.00
 240.6700  33.6660     4.60
 243.7053  34.5240     4.40
 245.0427  32.0535     4.10
 244.2093  31.8547     4.00
 243.6647  36.6938     4.90
 242.2242  33.9173     4.80
 243.8872  33.2248     4.30
 242.6965  35.9462     4.10
 242.6948  35.9455     4.00
 243.7335  34.8027     4.80
 239.4323  35.9617     4.20
 244.9925  32.0997     4.10
 244.2018  32.2317     4.80
 244.2050  32.2248     4.00
 244.7982  32.3672     4.20
 241.3462  35.3175     4.50
 244.4893  31.6282     5.00
 243.1520  34.3098     5.40
 243.1527  34.3110     4.00
 243.1493  34.3108     4.30
 243.1428  34.3260     4.00
 243.1420  34.3242     4.10
 243.1497  34.3097     4.50
 243.1555  34.3155     4.60
 243.1570  34.3043     4.00
 243.8668  34.3592     4.60
