  242.3500  35.7700   5.40
  242.3600  35.7800   5.00
  232.5000  43.6600   5.40
  238.1200  47.7600   5.50
  234.0900  41.7800   6.20
  233.2200  41.9200   5.40
  233.5900  40.4000   5.50
  231.0700  44.1800   5.40
  232.1200  49.0500   6.70
  230.4000  49.7400   5.80
  232.6400  43.5200   5.50
  242.3500  36.0800   5.30
  230.6300  44.2100   5.20
  240.5000  38.7000   5.00
  235.6100  40.2700   5.70
  235.6000  40.2800   5.20
  243.1800  34.9700   5.10
  241.3300  34.3700   5.10
  233.5200  40.4300   5.40
  237.4300  47.6000   5.00
  230.6400  44.2700   5.40
  233.7600  41.6000   5.40
  234.6400  41.0500   5.60
  230.2700  44.5500   5.40
  234.8300  41.0000   5.40
  241.8600  37.8000   5.50
  242.2100  37.1800   5.30
  246.1200  29.7000   5.40
  242.3600  36.0700   5.20
  242.3800  36.0800   5.00
  232.9100  43.4400   5.20
  241.2100  37.5900   5.20
  241.4200  31.6400   5.00
  241.1900  37.5600   5.10
  238.5400  36.7600   5.40
  240.0200  39.3000   5.30
  237.5900  40.6200   5.40
  234.6200  40.6700   5.60
  232.9300  43.4500   5.20
  241.1800  37.5300   5.60
  244.7800  32.3700   5.10
  230.8000  49.3700   6.40
  236.5400  47.0800   5.80
  242.9200  37.3900   5.70
  242.9300  37.3800   5.10
  237.3100  37.9100   5.00
  247.2100  44.7800   5.10
  244.8600  32.2700   5.20
  243.7300  34.5900   7.40
  243.7200  34.6800   5.80
  243.7500  34.4400   5.70
  243.5900  34.8000   5.00
  243.6100  34.8600   5.00
  243.5900  34.8600   5.00
  233.5000  40.5000   5.40
  232.7400  43.6500   6.40
  234.7200  40.3900   5.90
  237.5900  38.3800   5.20
  231.6400  43.9200   5.20
  230.6900  48.8900   6.00
  234.7200  40.7400   5.60
  231.2100  49.3300   5.90
  230.9000  49.1700   5.40
  243.0500  34.2900   5.30
  237.2700  47.1500   6.80
  240.1900  56.0800   5.30
  248.6100  42.9200   5.40
  236.5000  47.1700   5.00
  242.1400  36.0100   5.20
  239.3500  39.8200   5.20
  231.4400  48.8100   5.10
  231.3600  48.7200   5.30
  231.3300  48.7200   5.20
  231.3800  48.7900   5.30
  231.2900  48.6900   6.00
  231.3100  48.7800   5.00
  231.4400  48.5600   5.50
  231.4000  48.5400   5.80
  231.2400  48.4900   5.10
  234.7300  40.4400   5.10
  243.4900  33.5100   5.20
  233.1700  40.4900   5.30
  245.0900  32.0400   5.80
  232.9100  40.3700   5.00
  244.6800  32.3200   5.70
  238.4000  36.9700   5.20
  232.9200  43.4100   5.40
  235.4000  40.8300   5.30
  232.8300  43.5200   5.90
  231.6300  43.9200   5.10
  231.6300  43.8900   5.20
  231.7600  43.9200   5.70
  230.9800  44.2800   6.30
  230.7400  44.1700   5.10
  230.6500  44.2800   5.70
  230.8200  44.1500   5.50
  231.0700  44.1700   5.20
  244.4900  31.6300   5.00
  243.1500  34.3100   5.20
  232.8800  43.5300   5.20
