  240.4800  38.7800   4.10
  242.3800  36.4700   4.00
  242.3500  35.7700   5.40
  242.3800  35.7600   4.40
  242.3600  35.7800   5.00
  242.3600  35.7800   4.10
  242.3300  35.7900   4.10
  246.3700  29.5000   4.10
  240.4600  38.7900   4.00
  244.1900  31.9000   4.00
  241.3900  34.3600   4.10
  241.1400  37.6200   4.00
  241.1400  37.6200   4.10
  241.1400  37.6300   4.20
  241.1400  37.6200   4.10
  241.1400  37.6200   4.40
  243.5400  34.3800   4.20
  238.3900  36.8800   4.40
  238.3800  36.8800   4.70
  241.3000  34.3500   4.30
  238.2800  37.3600   4.80
  240.5100  38.6400   4.30
  238.7400  35.7500   4.00
  246.8000  28.4600   4.20
  246.8700  28.4800   4.00
  243.7200  34.6000   4.40
  244.6200  32.3800   4.00
  241.8500  37.9400   4.20
  243.7200  34.6000   4.10
  240.6500  34.4800   4.30
  244.7800  32.3500   4.00
  237.2600  38.7900   4.10
  243.6900  33.9500   4.40
  242.3500  36.0800   5.30
  242.3600  36.0800   4.10
  237.2400  38.7900   4.40
  240.5000  38.7000   5.00
  240.5700  38.7100   4.60
  242.3400  36.0800   4.00
  243.1100  33.7600   4.00
  242.3500  36.0700   4.00
  239.7100  36.1900   4.10
  241.1400  37.5600   4.60
  242.3700  36.0700   4.10
  241.1500  37.5700   4.50
  243.1800  34.9700   5.10
  238.5900  36.8400   4.40
  241.2400  38.0700   4.20
  244.0600  37.1600   4.30
  241.3300  34.3700   5.10
  241.3300  34.3800   4.10
  241.3500  34.3800   4.90
  241.3600  34.3800   4.00
  241.5700  35.4500   4.50
  242.3600  35.8000   4.00
  244.2100  31.8900   4.40
  244.3600  31.3500   4.10
  241.8900  32.6800   4.80
  241.8600  32.6900   4.20
  241.8500  32.6300   4.60
  242.6600  34.1700   4.20
  244.5300  31.2800   4.30
  242.3600  35.7900   4.50
  238.4000  36.9700   4.10
  243.6500  33.4000   4.80
  242.6700  34.1600   4.20
  238.5300  36.9800   4.00
  241.5000  38.5900   4.20
  241.5000  38.5700   4.90
  241.5100  38.5600   4.80
  243.7500  36.8600   4.00
  243.1400  34.1400   4.10
  243.5500  34.3000   4.70
  241.5900  37.5700   4.00
  241.7600  37.8300   4.30
  241.8600  37.8000   5.50
  241.8400  37.8500   4.80
  241.7300  37.8300   4.30
  242.1500  37.1900   4.50
  244.7800  32.2700   4.00
  241.1000  37.6500   4.10
  242.2100  37.1800   5.30
  241.0800  37.6300   4.60
  241.0700  37.6400   4.90
  241.0500  37.6400   4.80
  246.1200  29.7000   5.40
  241.0500  37.6300   4.90
  241.0400  37.6300   4.00
  243.0000  34.1000   4.50
  244.7400  32.3400   4.50
  241.0800  37.6000   4.30
  244.3900  33.1900   4.10
  241.1300  37.6300   4.80
  244.8400  37.2800   4.20
  247.5300  38.2100   4.50
  241.1300  37.6300   4.20
  242.2900  33.9500   4.30
  247.4500  37.9700   4.00
  246.8500  29.0600   4.60
  244.2500  31.9200   4.60
  244.4000  31.2400   4.80
  241.6100  38.2400   4.30
  242.3600  36.0700   5.20
  242.3700  36.0600   4.90
  242.3800  36.0700   4.50
  242.3500  36.0600   4.40
  242.3800  36.0800   5.00
  242.3800  36.0700   4.80
  242.7700  34.0200   4.50
  241.8000  37.8500   4.70
  241.5900  38.4700   4.50
  238.4600  36.8100   4.40
  242.4000  36.0900   4.20
  241.2100  37.5900   5.20
  241.2200  37.5800   4.30
  238.5200  37.0400   4.00
  247.5100  37.9700   4.20
  241.2300  37.5700   4.00
  241.2200  37.5900   4.10
  241.1900  37.5900   4.30
  242.4600  36.9200   4.90
  242.4900  36.9300   4.10
  241.4200  31.6400   5.00
  243.9100  33.2200   4.10
  241.1900  37.5600   5.10
  241.1900  37.5300   4.10
  241.2100  37.5700   4.40
  241.2000  37.5700   4.30
  241.2100  37.5800   4.10
  238.5400  36.7600   5.40
  243.0700  34.1200   4.70
  242.3500  34.3700   4.40
  242.1700  37.1600   4.00
  238.7000  36.8400   4.00
  241.3100  37.3900   4.20
  243.0800  34.1100   4.70
  238.4200  36.9600   4.10
  244.7500  32.3500   4.30
  244.5900  32.0600   4.20
  243.1600  34.3200   4.90
  243.1500  34.3200   4.10
  244.2300  31.9000   4.30
  247.1900  28.1500   4.50
  241.6400  32.2700   4.00
  237.7100  37.9200   4.20
  243.7100  37.5100   4.50
  241.2000  37.5300   4.00
  241.2000  37.5300   4.20
  241.2000  37.5200   4.10
  237.2300  38.7900   4.00
  244.0300  37.8300   4.10
  237.9600  37.0900   4.00
  244.0700  32.7300   4.40
  238.7300  36.6500   4.30
  244.0400  36.8200   4.50
  244.0100  36.8200   4.80
  248.1100  28.1400   4.70
  237.2300  38.7800   4.20
  243.8300  32.5900   4.20
  244.3400  31.0500   4.00
  239.5100  35.9500   4.10
  243.8300  32.5900   4.30
  246.0700  30.3400   4.30
  238.7000  36.6800   4.20
  246.7300  30.6300   4.20
  246.5300  30.5000   4.40
  243.8400  32.5900   4.00
  243.8400  32.5900   4.20
  244.5200  30.4200   4.00
  244.4600  30.3000   4.50
  244.3900  30.2500   4.40
  243.6300  34.0600   4.90
  243.6400  34.0300   4.20
  241.1800  37.5300   5.60
  241.1700  37.5100   4.40
  241.1700  37.5100   4.60
  241.1500  37.4900   4.00
  241.1700  37.5100   4.30
  241.2000  37.5600   4.40
  241.1900  37.5400   4.20
  241.1800  37.5200   4.40
  241.2000  37.5600   4.20
  244.7800  32.3700   5.10
  241.1900  37.5400   4.40
  245.9100  29.8300   4.50
  245.8700  29.8500   4.40
  245.9800  29.9100   4.40
  241.5200  35.7300   4.60
  243.2800  33.6300   4.20
  241.3900  34.4000   4.00
  242.9200  37.3900   5.70
  242.9600  37.4000   4.80
  242.9300  37.3800   4.20
  242.9600  37.3500   4.90
  242.9200  37.3800   4.10
  242.9300  37.3800   5.10
  237.3100  37.9100   5.00
  245.5400  31.9600   4.90
  245.5300  31.9600   4.20
  245.3800  32.0500   4.10
  244.8600  32.2700   5.20
  243.1500  34.3200   4.20
  237.3700  38.3900   4.30
  242.9000  37.3800   4.50
  242.9100  37.3700   4.40
  242.8900  37.3600   4.10
  247.0200  29.3400   4.90
  243.7300  34.5900   7.40
  243.7400  34.4400   4.90
  243.7200  34.6800   5.80
  243.7400  34.5900   4.50
  243.7500  34.9000   4.70
  243.7100  34.6700   4.00
  243.7200  34.6300   4.30
  243.8500  34.3600   4.80
  243.8600  34.5200   4.30
  243.7900  34.3700   4.00
  243.7200  34.5800   4.20
  243.6600  34.8100   4.70
  243.7000  34.7100   4.10
  243.7000  34.7200   4.30
  243.7400  34.5100   4.50
  243.7500  34.4400   5.70
  243.7700  34.4500   4.30
  243.6500  34.8300   4.40
  243.6900  34.6800   4.10
  249.2500  30.7500   4.50
  243.7500  34.4300   4.90
  243.7000  34.7000   4.30
  243.7200  34.6900   4.70
  243.6600  34.6700   4.10
  243.6400  34.7100   4.60
  243.6300  34.8300   4.20
  243.8600  34.3500   4.30
  243.8600  34.3600   4.20
  243.8500  34.3500   4.60
  243.6500  34.8500   4.40
  244.8200  32.3400   4.50
  243.7300  34.7400   4.10
  243.6600  34.7100   4.60
  242.8900  37.3600   4.60
  243.6400  34.6800   4.20
  243.6000  34.8600   4.30
  243.6000  34.8700   4.50
  243.5900  34.8000   5.00
  243.6100  34.8600   5.00
  243.7400  34.5600   4.00
  243.7300  34.5000   4.00
  243.7900  34.3300   4.30
  243.5900  34.8600   5.00
  243.6100  34.8200   4.20
  247.2700  38.0800   4.20
  243.6100  34.8600   4.20
  243.6100  34.8600   4.30
  243.7600  34.6200   4.60
  242.0800  36.4500   4.20
  243.7300  34.5200   4.50
  243.6400  34.8500   4.20
  243.7000  34.7000   4.00
  243.6400  34.8400   4.10
  243.7100  34.7900   4.00
  241.4200  37.3600   4.40
  243.6000  34.8400   4.50
  248.4700  38.7500   4.10
  243.7400  34.5900   4.10
  237.1700  38.8400   4.00
  237.0900  38.7600   4.40
  237.0900  38.7700   4.60
  237.0900  38.7500   4.30
  241.9900  35.7500   4.00
  243.6300  34.8000   4.40
  242.7500  34.0500   4.50
  242.4000  36.0700   4.20
  242.4000  36.0800   4.10
  242.4000  36.0800   4.00
  241.8000  37.8500   4.40
  242.2900  33.8100   4.00
  247.0100  28.2800   4.00
  242.1300  36.0200   4.60
  247.0500  28.7300   4.30
  247.0900  28.2000   4.30
  244.6100  32.6900   4.30
  244.9800  32.1800   4.20
  245.0400  32.2400   4.60
  245.0800  32.2600   4.40
  241.6900  35.1000   4.00
  241.9300  36.3200   4.00
  242.3500  35.7800   4.10
  245.9000  31.0000   4.00
  246.5700  29.4600   4.40
  243.6400  34.6800   4.00
  244.5000  32.9000   4.20
  244.5000  32.8800   4.50
  243.7100  34.7800   4.60
  244.8900  32.1500   4.30
  246.6100  29.9300   4.40
  244.2100  37.7900   4.10
  237.5900  38.3800   5.20
  242.1400  36.0400   4.10
  240.4700  38.6600   4.70
  240.5200  38.6700   4.20
  244.1300  31.5400   4.20
  244.8500  32.1200   4.10
  242.8800  37.3700   4.20
  245.7400  30.6900   4.40
  244.6700  32.4200   4.00
  247.0100  28.1900   4.90
  243.2200  34.2700   4.10
  238.6200  36.7800   4.40
  237.2300  38.7800   4.40
  240.9800  34.9200   4.50
  241.9300  32.7300   4.10
  245.1800  31.9500   4.20
  241.6000  34.2800   4.30
  241.6000  34.2900   4.00
  246.1800  30.3300   4.20
  246.2200  30.3400   4.50
  245.5700  31.9900   4.40
  245.2300  31.8900   4.20
  242.8200  37.3700   4.00
  243.0500  34.2900   5.30
  243.0600  34.2900   4.20
  238.4900  36.7900   4.10
  241.7100  38.2500   4.10
  247.4400  38.7300   4.10
  238.3000  37.3300   4.50
  241.6700  35.9900   4.10
  241.9600  35.8000   4.00
  241.9500  35.8000   4.20
  238.6700  36.7000   4.10
  238.6700  36.6900   4.20
  238.6800  36.6900   4.00
  242.1400  36.0100   5.20
  242.1300  36.0400   4.50
  242.1200  36.0200   4.70
  248.4800  38.7300   4.50
  242.1200  35.9900   4.00
  242.1300  36.0600   4.00
  242.1900  37.2400   4.30
  241.7100  32.7600   4.40
  241.6700  32.7300   4.20
  246.3900  29.7900   4.30
  238.4800  36.8000   4.00
  238.4700  36.8100   4.00
  241.6100  34.0600   4.20
  241.7300  33.9200   4.00
  243.4900  33.5100   5.20
  244.3000  33.3200   4.10
  246.4500  30.3300   4.20
  245.0900  32.0400   5.80
  245.0200  32.0700   4.90
  242.2500  33.9600   4.00
  238.7500  36.6400   4.80
  243.5700  33.3800   4.20
  244.9700  32.3800   4.00
  244.9700  32.3900   4.20
  244.7600  31.1500   4.30
  241.3400  34.3600   4.20
  247.8600  28.2100   4.30
  244.6800  32.3200   5.70
  244.6700  32.3000   4.10
  244.6700  32.2900   4.00
  244.6900  32.3200   4.00
  240.6700  33.6700   4.80
  246.3300  30.1200   4.10
  246.2500  30.2400   4.40
  244.9300  37.0000   4.30
  246.5000  30.2300   4.00
  246.1800  30.1900   4.40
  245.9900  30.2200   4.70
  243.7100  34.5200   4.40
  237.2300  38.7900   4.00
  245.0400  32.0500   4.20
  238.4000  36.9700   5.20
  244.2100  31.8500   4.00
  244.8700  32.2600   4.10
  243.7000  36.7200   4.60
  241.5900  37.3800   4.10
  242.2200  33.9200   4.80
  239.5900  35.8700   4.00
  243.8900  33.2200   4.30
  244.6200  32.1800   4.00
  242.7000  35.9500   4.20
  244.7500  32.3700   4.00
  242.6900  35.9400   4.00
  243.7300  34.8000   4.80
  247.0900  28.7400   4.40
  247.2100  28.8000   4.40
  239.4700  35.9700   4.30
  244.9900  32.1000   4.10
  244.2000  32.2300   4.80
  244.2100  32.2200   4.00
  244.8000  32.3700   4.20
  238.6100  36.8100   4.60
  246.6000  29.7500   4.00
  241.3500  35.3200   4.70
  238.0600  37.7400   4.20
  238.0500  37.7500   4.10
  244.4900  31.6300   5.00
  243.1500  34.3100   5.20
  243.1500  34.3100   4.00
  243.1500  34.3100   4.30
  243.1400  34.3300   4.00
  243.1400  34.3200   4.10
  243.1500  34.3100   4.50
  243.1600  34.3100   4.60
  243.1600  34.3000   4.00
  241.1100  37.5700   4.30
  243.8700  34.3600   4.60
  237.1900  38.8000   4.00
  244.4500  32.9500   4.20
  237.3000  38.4600   4.30
  242.1000  38.2600   4.00
