  242.3500  35.7700   5.40
  242.3600  35.7800   5.00
  242.3500  36.0800   5.30
  240.5000  38.7000   5.00
  243.1800  34.9700   5.10
  241.3300  34.3700   5.10
  241.8600  37.8000   5.50
  242.2100  37.1800   5.30
  246.1200  29.7000   5.40
  242.3600  36.0700   5.20
  242.3800  36.0800   5.00
  241.2100  37.5900   5.20
  241.4200  31.6400   5.00
  241.1900  37.5600   5.10
  238.5400  36.7600   5.40
  241.1800  37.5300   5.60
  244.7800  32.3700   5.10
  242.9200  37.3900   5.70
  242.9300  37.3800   5.10
  237.3100  37.9100   5.00
  244.8600  32.2700   5.20
  243.7300  34.5900   7.40
  243.7200  34.6800   5.80
  243.7500  34.4400   5.70
  243.5900  34.8000   5.00
  243.6100  34.8600   5.00
  243.5900  34.8600   5.00
  237.5900  38.3800   5.20
  243.0500  34.2900   5.30
  242.1400  36.0100   5.20
  243.4900  33.5100   5.20
  245.0900  32.0400   5.80
  244.6800  32.3200   5.70
  238.4000  36.9700   5.20
  244.4900  31.6300   5.00
  243.1500  34.3100   5.20
