130.2    61.1     9   0   1   0 YAKB
93.      54.5     9   0   1   0 KSTU
99.3     52.3     9   0   1   0 IRKT
69.6     44.      9   0   1   0 POL2
66.3     40.3     9   0   1   0 KIT3
74.0     13.5     9   0   1   0 IISC
86.5     29.      9   0   1   0 LHAS
108.7    35.0     9   0   1   0 XIAN
113.5    31.3     9   0   1   0 WUHN
122.2    31.4     9   0   1   0 SHAO 
121.2    26.2     9   0   1   0 TAIW
128.     37.      9   0   1   0 TAEJ
136.     37.      9   0   1   0 USUD
140.5    34.5     9   0   1   0 TSKB   
127.     44.1     9   0   1   0 VLAD
89.5     40.0     9   0   1   0 DHS1   


