    0.340   36.390
    7.970   36.430
>
    0.590  -11.260
    1.020  -58.230
>
    1.020  -58.230
   11.770  -86.440
>
    2.110  -54.200
   10.830  -84.150
>
    7.970   36.430
   11.920   37.300
>
   10.830  -84.150
  341.930  -85.140
>
   11.770  -86.440
  342.800  -86.300
>
   11.920   37.300
   16.460   37.540
>
   16.460   37.540
   17.980   39.260
>
   17.980   39.260
   19.760   37.415
>
   19.760   37.415
   21.320   35.813
>
   26.074   39.460
   27.196   39.651
>
   27.196   39.651
   27.880   40.070
>
   27.880   40.070
   28.990   40.120
>
   28.990   40.120
   29.700   40.400
>
   29.700   40.400
   30.770   40.580
>
   30.770   40.580
   31.200   40.600
>
   31.200   40.600
   32.850   40.890
>
   32.850   40.890
   34.510   41.160
>
   33.220   33.990
   34.450   34.880
>
   34.370   27.290
   35.010   29.610
>
   34.450   34.880
   35.620   35.690
>
   35.010   29.610
   35.580   31.320
>
   35.620   35.690
   36.430   36.630
>
   35.720   33.680
   36.310   34.440
>
   36.310   34.440
   36.430   36.630
>
   36.830   37.420
   38.650   38.200
>
   39.325   39.814
   39.800   39.650
>
   43.840   11.790
   61.849   13.903
>
  336.270   36.790
  342.720   37.790
>
  341.930  -85.140
  357.740  -71.930
>
  342.720   37.790
  351.920   35.540
>
  342.800  -86.300
  359.350  -72.080
>
  351.920   35.540
  355.450   36.060
>
  355.450   36.060
  358.890   36.600
>
  357.740  -71.930
  358.380  -55.960
>
  358.380  -55.960
  358.380  -55.600
>
  358.890   36.600
  359.720   35.700
>
  359.320   -9.030
  359.640  -55.510
>
  359.320   -9.030
  359.720   35.700
>
  359.350  -72.080
  359.640  -55.510
>
   21.320   35.813
   23.650   34.620
>
   32.484   29.893
   32.896   28.820
>
   34.370   27.290
   35.570   25.550
>
   31.267   35.017
   32.260   32.640
>
   32.260   32.640
   32.484   29.893
>
   35.470   31.380
   35.580   31.320
>
   35.470   31.380
   35.720   33.680
>
   40.270   38.830
   41.052   39.286
>
   41.052   39.286
   41.515   39.772
>
   46.071   41.856
   47.072   41.109
>
   48.900   39.810
   48.927   38.653
>
   48.580   38.213
   48.927   38.653
>
   44.477   38.762
   47.325   37.722
>
   47.325   37.722
   48.580   38.213
>
   40.270   38.830
   42.498   36.803
>
   51.640   28.230
   54.250   26.850
>
   57.490   25.720
   57.800   25.050
>
   61.440   24.440
   65.890   24.900
>
   57.800   25.050
   61.440   24.440
>
   49.490   36.620
   50.860   34.460
>
   56.480   31.000
   57.420   30.200
>
   50.860   34.460
   56.480   31.000
>
   57.710   29.360
   57.790   27.440
>
   57.420   30.200
   57.710   29.360
>
   57.120   27.620
   57.300   26.670
>
   57.300   26.670
   57.490   25.720
>
   57.300   26.670
   57.790   27.440
>
   60.010   29.160
   60.970   26.910
>
   60.970   26.910
   66.184   26.773
>
   58.510   35.190
   60.490   34.520
>
   60.010   29.160
   60.490   34.520
>
   56.800   34.700
   57.440   32.620
>
   56.800   34.700
   58.510   35.190
>
   57.420   30.200
   57.440   32.620
>
   50.240   37.040
   52.210   36.420
>
   54.560   36.780
   55.516   37.283
>
   52.210   36.420
   54.560   36.780
>
   51.730   35.780
   52.640   35.650
>
   53.720   35.890
   56.870   37.060
>
   52.640   35.650
   53.720   35.890
>
   49.490   36.620
   51.730   35.780
>
   60.490   34.520
   60.620   35.450
>
   56.870   37.060
   60.620   35.450
>
   45.820   33.440
   48.960   31.390
>
   48.927   38.653
   49.100   37.980
>
   49.100   37.980
   50.240   37.040
>
   51.430   29.420
   51.640   28.230
>
   38.650   38.200
   40.270   38.830
>
   39.800   39.650
   41.052   39.286
>
  326.380    6.670
  358.380  -55.600
>
  326.380    6.670
  336.270   36.790
>
    2.110  -54.200
   39.048  -47.250
>
   34.000  -10.310
   39.048  -47.250
>
   61.849   13.903
   65.890   24.900
>
    0.340   36.390
    0.590  -11.260
>
   34.000  -10.310
   43.840   11.790
>
   35.570   25.550
   43.840   11.790
>
   48.960   31.390
   51.430   29.420
>
   54.250   26.850
   57.120   27.620
>
   65.890   24.900
   66.184   26.773
>
   19.760   37.415
   20.676   38.921
>
    9.716   45.032
   12.684   43.507
>
   12.684   43.507
   17.980   39.260
>
   13.045   46.087
   15.487   43.728
>
    9.716   45.032
   13.045   46.087
>
   15.487   43.728
   17.789   42.480
>
   30.142   40.722
   30.770   40.580
>
   27.489   40.795
   27.997   40.800
>
   27.997   40.800
   28.497   40.890
>
   28.497   40.890
   28.881   40.894
>
   28.881   40.894
   29.235   40.713
>
   29.235   40.713
   30.142   40.722
>
   24.700   40.139
   26.167   40.414
>
   26.167   40.414
   27.489   40.795
>
   31.255   38.487
   31.267   35.017
>
   31.267   35.017
   33.220   33.990
>
   32.896   28.820
   34.370   27.290
>
   25.412   39.311
   26.074   39.460
>
   28.272   36.215
   28.650   36.906
>
   34.510   41.160
   37.129   40.617
>
   37.129   40.617
   39.325   39.814
>
   36.430   36.630
   36.629   37.025
>
   36.629   37.025
   36.830   37.420
>
   39.909   43.294
   44.442   42.251
>
   44.442   42.251
   46.071   41.856
>
   41.515   39.772
   43.237   41.305
>
   43.237   41.305
   44.442   42.251
>
   33.714   44.310
   36.036   44.822
>
   36.036   44.822
   39.909   43.294
>
   28.170   42.689
   33.714   44.310
>
   48.260   37.323
   49.490   36.620
>
   48.486   40.536
   48.713   40.311
>
   48.713   40.311
   48.900   39.810
>
   47.072   41.109
   48.393   40.741
>
   48.393   40.741
   48.486   40.536
>
   20.676   38.921
   21.142   38.305
>
   29.533   37.393
   31.255   38.487
>
   28.933   37.952
   29.533   37.393
>
   21.142   38.305
   21.642   38.181
>
   21.642   38.181
   21.818   38.386
>
   21.818   38.386
   22.755   38.074
>
   28.354   38.503
   28.846   38.192
>
   28.846   38.192
   28.933   37.952
>
   27.594   38.551
   28.354   38.503
>
   25.612   42.625
   28.170   42.689
>
   23.953   42.678
   25.612   42.625
>
   23.297   42.868
   23.953   42.678
>
   23.680   39.426
   24.982   38.941
>
   24.982   38.941
   25.068   38.241
>
   24.982   38.941
   25.412   39.311
>
   25.604   38.674
   26.564   38.678
>
   25.117   35.386
   25.293   36.313
>
   24.609   34.335
   25.117   35.386
>
   23.650   34.620
   24.269   34.394
>
   24.269   34.394
   24.609   34.335
>
   24.609   34.335
   26.526   34.360
>
   26.526   34.360
   27.650   34.839
>
   27.650   34.839
   28.006   35.706
>
   27.365   36.759
   28.650   36.906
>
   25.293   36.313
   26.349   36.442
>
   26.349   36.442
   27.365   36.759
>
   25.068   38.241
   25.604   38.674
>
   27.520   38.610
   27.594   38.551
>
   26.564   38.678
   26.922   38.640
>
   26.922   38.640
   27.520   38.610
>
   29.143   36.125
   31.267   35.017
>
   28.272   36.215
   29.143   36.125
>
   28.006   35.706
   28.272   36.215
>
   28.650   36.906
   29.533   37.393
>
   41.515   39.772
   44.477   38.762
>
   42.498   36.803
   44.005   36.521
>
   44.005   36.521
   45.587   34.893
>
   45.587   34.893
   45.820   33.440
>
   20.468   40.019
   22.722   40.740
>
   20.468   40.019
   20.676   38.921
>
   22.623   43.172
   23.297   42.868
>
   19.420   42.228
   20.468   40.019
>
   19.420   42.228
   22.623   43.172
>
   22.755   38.074
   23.102   38.173
>
   47.325   37.722
   48.260   37.323
>
   24.038   40.731
   24.700   40.139
>
   22.722   40.740
   24.038   40.731
>
   23.680   39.426
   23.890   39.752
>
   23.890   39.752
   24.700   40.139
>
   23.102   38.173
   23.837   38.363
>
   23.837   38.363
   24.519   37.882
>
   24.519   37.882
   25.068   38.241
>
   22.277   38.904
   22.788   38.893
>
   22.788   38.893
   23.680   39.426
>
   20.676   38.921
   22.277   38.904
>
   17.789   42.480
   19.420   42.228
>
   55.516   37.283
   56.870   37.060
>
