 243.621450  34.719510
 243.624870  34.710950
 243.627460  34.702190
 243.631050  34.693670
 243.634160  34.685030
 243.637240  34.676350
 243.640910  34.667860
 243.645840  34.659810
 243.651510  34.652100
 243.657490  34.644560
 243.663790  34.637200
 243.670070  34.629830
 243.675290  34.621900
 243.680790  34.614110
 243.688350  34.607620
 243.695340  34.600700
 243.703090  34.594360
 243.710290  34.587580
 243.717060  34.580520
 243.724150  34.573670
 243.729750  34.565940
 243.732150  34.557120
 243.736530  34.548860
 243.736890  34.539710
 243.738880  34.530810
 243.740310  34.521870
 243.743420  34.513160
 243.744160  34.504170
 243.747150  34.495490
 243.750410  34.486880
 243.753620  34.478260
 243.757660  34.469890
 243.760590  34.461200
 243.765290  34.453070
 243.769600  34.444780
 243.775460  34.437180
 243.781590  34.429730
 243.789690  34.423710
 243.796230  34.416500
 243.802840  34.409340
 243.809560  34.402250
 243.816310  34.395180
 243.823330  34.388290
 243.830340  34.381400
 243.838830  34.375760
 243.843730  34.367710
NaN NaN
 243.770240  34.412930
 243.776410  34.405510
 243.785080  34.400070
 243.791700  34.392920
 243.799140  34.386340
 243.806570  34.379750
 243.814680  34.373750
 243.822350  34.367360
 243.828910  34.360170
 243.836560  34.353760
 243.840000  34.343750
NaN NaN
 243.803100  34.410090
 243.800780  34.418900
 243.796200  34.427080
 243.791890  34.435360
 243.785080  34.442400
 243.776950  34.448390
 243.769470  34.454950
 243.762280  34.461720
