>
 34.70187 -116.36886 
 34.69287 -116.36749 
 34.68388 -116.36671 
 34.67532 -116.36323 
 34.66711 -116.35872 
 34.65899 -116.35399 
 34.65176 -116.34747 
 34.64417 -116.34158 
 34.63691 -116.33511 
 34.62959 -116.32874 
 34.62217 -116.32255 
 34.61528 -116.31550 
 34.60875 -116.30800 
 34.60150 -116.30150 
 34.59377 -116.29587
 34.58665 -116.28918
 34.57993 -116.28191 
 34.57304 -116.27489 
 34.56495 -116.27005 
 34.55644 -116.26636 
 34.54763 -116.26393 
 34.53863 -116.26306
 34.52978 -116.26101 
 34.52088 -116.25899 
 34.51208 -116.25662
 34.50330 -116.25417 
 34.49468 -116.25094 
 34.48635 -116.24677 
 34.47794 -116.24287 
 34.46939 -116.23930
 34.46045 -116.23778 
 34.45245 -116.23271 
 34.44383 -116.22956
 34.43623 -116.22369 
 34.42892 -116.21732 
 34.42324 -116.20887 
 34.41587 -116.20259 
 34.40897 -116.19559
 34.40161 -116.18932 
 34.39520 -116.18166 
 34.38795 -116.17520 
>
