> Indian Plate
58.30 12.70 0.2
58.60 13.00 0.2 
58.90 13.50 0.2 
59.10 14.00 0.2 
59.50 14.50 0.2 
59.80 15.00 0.2 
59.90 15.50 0.2 
60.00 16.00 0.2 
60.00 16.50 0.2 
60.10 17.00 0.2 
60.20 17.50 0.2 
60.30 18.00 0.2 
60.45 18.50 0.2 
60.80 19.00 0.2 
61.20 20.00 0.2 
61.60 20.50 0.2 
62.00 21.00 0.2 
62.25 21.50 0.2 
62.50 22.00 0.2 
63.00 22.50 0.2 
63.50 23.00 0.2 
63.80 23.20 0.2 
64.80 23.30 0.2 
65.20 24.00 0.2 
65.70 25.00 0.2 
65.80 25.20 0.2 
66.10 26.00 0.2 
66.00 27.00 0.2 
65.90 28.00 0.2 
65.90 29.00 0.2 
66.10 30.00 0.2 
66.50 31.00 0.2 
67.20 32.00 0.2 
68.00 33.00 0.2 
68.80 34.00 0.2 
69.20 34.40 0.2 
70.00 34.00 0.2 
71.00 33.90 0.2 
72.00 33.60 0.2 
73.00 33.60 0.2 
73.70 34.00 0.2 
74.00 33.70 0.2 
75.00 33.10 0.2 
76.00 32.30 0.2 
77.00 31.00 0.2 
78.00 30.40 0.2 
79.00 29.70 0.2 
80.00 29.20 0.2 
81.00 29.00 0.2 
82.00 28.30 0.2 
83.00 27.90 0.2 
84.00 27.80 0.2 
85.00 27.50 0.2 
86.00 27.30 0.2 
87.00 26.90 0.2 
88.00 26.80 0.2 
89.00 26.90 0.2 
90.00 26.70 0.2 
91.00 26.80 0.2 
92.00 26.90 0.2 
93.00 27.20 0.2 
93.30 27.10 0.2 
93.60 27.10 0.2 
94.00 27.10 0.2 
94.20 27.10 0.2 
94.40 27.10 0.2 
94.60 27.10 0.2 
94.80 27.10 0.2 
95.00 27.10 0.2 
95.30 27.20 0.2 
95.50 27.20 0.2 
95.70 27.20 0.2 
95.70 26.80 0.2 
95.60 26.50 0.2 
95.40 26.30 0.2 
95.30 26.10 0.2 
95.20 25.90 0.2 
95.10 25.80 0.2 
95.00 25.70 0.2 
94.80 25.50 0.2 
94.70 25.30 0.2 
94.50 24.90 0.2 
94.50 24.70 0.2 
94.40 24.40 0.2 
94.30 23.90 0.2 
94.20 23.50 0.2 
94.20 23.40 0.2 
94.20 23.10 0.2 
94.10 22.70 0.2 
94.10 22.60 0.2 
94.00 22.40 0.2 
94.00 21.80 0.2 
94.00 21.80 0.2 
93.90 21.10 0.2 
93.90 21.00 0.2 
93.90 20.90 0.2 
93.90 20.60 0.2 
93.90 20.60 0.2 
93.80 20.30 0.2 
93.80 20.20 0.2 
93.80 20.10 0.2 
93.80 20.00 0.2 
93.90 19.60 0.2 
93.90 19.10 0.2 
93.90 18.70 0.2 
94.00 18.30 0.2 
94.00 17.90 0.2 
94.10 17.40 0.2 
94.10 17.00 0.2 
94.10 16.80 0.2 
93.80 16.60 0.2 
93.70 16.00 0.2 
93.50 15.00 0.2 
93.20 14.40 0.2 
92.80 13.80 0.2 
92.30 13.10 0.2 
92.00 12.50 0.2 
91.80 11.70 0.2 
91.80 11.10 0.2 
91.90 10.30 0.2 
91.80 9.30  0.2 
90.00 5.00  0.2 
89.50 0.00  0.2 
89.00 -5.00 0.2 
80.00 -5.00 0.2 
68.73 -4.51 0.2
68.28 -4.16 0.2 
68.61 -3.69 0.2 
67.98 -3.28 0.2 
68.21 -2.92 0.2 
67.88 -2.72 0.2 
68.19 -2.21 0.2 
67.92 -2.06 0.2 
68.04 -1.84 0.2 
67.34 -1.36 0.2 
67.58 -0.96 0.2 
67.34 -0.80 0.2 
67.34 -0.66 0.2 
67.00 -0.46 0.2 
67.22 -0.18 0.2 
67.02 0.00  0.2 
67.02 0.16  0.2 
66.80 0.48  0.2 
67.25 0.88  0.2 
67.04 1.32  0.2 
66.66 1.60  0.2 
66.76 2.30  0.2 
65.88 3.00  0.2 
65.12 2.96  0.2 
64.14 3.66  0.2 
63.52 3.76  0.2 
63.32 3.92  0.2 
63.08 3.96  0.2 
62.52 4.32  0.2 
62.56 4.48  0.2 
62.06 4.80  0.2 
62.20 4.98  0.2 
61.54 5.44  0.2 
61.60 5.56  0.2 
60.76 6.20  0.2 
60.40 6.38  0.2 
60.32 6.60  0.2 
60.16 6.68  0.2 
60.00 7.00  0.2 
59.56 7.18  0.2 
59.80 7.72  0.2 
59.24 8.00  0.2 
59.04 8.00  0.2 
58.28 8.48  0.2 
58.44 9.11  0.2 
58.06 9.24  0.2
58.15 9.68  0.2
57.50 10.12 0.2
57.22 9.90  0.2
56.75 10.25 0.2
57.40 11.00 0.2
57.90 12.00 0.2
58.30 12.70 0.2
