 243.253000 34.706000
 243.262000 34.701000
 243.270000 34.695000
 243.279000 34.690000
 243.288000 34.685000
 243.297000 34.680000
 243.306000 34.674000
 243.314000 34.668000
 243.321000 34.662000
 243.327000 34.654000
 243.334000 34.647000
 243.339000 34.639000
 243.343000 34.631000
 243.348000 34.623000
 243.354000 34.616000
 243.361000 34.609000
 243.369000 34.602000
 243.377000 34.596000
 243.386000 34.591000
 243.395000 34.587000
 243.404000 34.582000
 243.413000 34.577000
 243.421000 34.570000
 243.428000 34.564000
 243.434000 34.556000
 243.440000 34.549000
 243.446000 34.541000
 243.452000 34.534000
 243.458000 34.526000
 243.462000 34.518000
 243.466000 34.510000
 243.471000 34.501000
 243.475000 34.493000
 243.479000 34.485000
 243.484000 34.477000
 243.489000 34.469000
 243.493000 34.461000
 243.498000 34.453000
 243.503000 34.445000
 243.507000 34.436000
 243.512000 34.428000
 243.516000 34.420000
 243.520000 34.411000
 243.523000 34.403000
 243.526000 34.394000
 243.529000 34.386000
 243.531000 34.377000
 243.534000 34.368000
 243.536000 34.359000
 243.538000 34.350000
 243.540000 34.342000
 243.542000 34.333000
 243.545000 34.324000
 243.547000 34.315000
 243.550000 34.307000
 243.552000 34.298000
 243.555000 34.289000
 243.557000 34.280000
 243.559000 34.272000
 243.560000 34.263000
 243.561000 34.254000
 243.562000 34.245000
 243.563000 34.236000
 243.563000 34.227000
 243.563000 34.218000
 243.565000 34.209000
 243.566000 34.200000
 243.569000 34.191000
 243.572000 34.183000
 243.577000 34.175000
 243.581000 34.166000
 243.586000 34.158000
 243.591000 34.150000
 243.595000 34.142000
 243.600000 34.134000
 243.605000 34.126000
 243.609000 34.118000
 243.612000 34.109000
 243.616000 34.101000
 243.619000 34.092000
 243.623000 34.084000
 243.626000 34.075000
