   34.7250 -116.7210
   34.6570 -116.6630
   34.6167 -116.6420
   34.5857 -116.6057
   34.5762 -116.5823
 > new segment
   34.6000 -116.6000
   34.5762 -116.5823
   34.5192 -116.5353
   34.4738 -116.4806
   34.4381 -116.4614
   34.4000 -116.4694
 > new segment
   34.5192 -116.5353
   34.5000 -116.5334
 > new segment
   34.5120 -116.5411
   34.5000 -116.5334
   34.4571 -116.4960
   34.4000 -116.4694
 > new segment
   34.4000 -116.4694
   34.3786 -116.4474
   34.3595 -116.4474
   34.3190 -116.4251
 > new segment
   34.3595 -116.4474
   34.3095 -116.4550
 > new segment
   34.3481 -116.4833
   34.3095 -116.4550
   34.2856 -116.4419
   34.2038 -116.4419
   34.1900 -116.4324
