>  999999999999   99999999999999 
   25.986561         40.243370  
   26.046440         40.262917  
   26.106325         40.282833  
   26.173191         40.309334  
   26.231676         40.338158  
   26.294392         40.366016  
   26.355301         40.393852  
   26.417803         40.426380  
   26.479618         40.447834  
   26.553820         40.478519  
   26.629572         40.507118  
   26.713703         40.535210  
   26.781206         40.556480  
   26.852142         40.582859  
   26.913454         40.608665  
   26.963598         40.636368  
   27.045980         40.658394  
   27.098293         40.681511  
   27.158484         40.696575  
   27.228762         40.713676  
   27.294411         40.731396  
   27.374802         40.742653  
   27.447166         40.757309  
   27.534962         40.761570  
   27.621231         40.769028  
   27.701962         40.768085  
   27.781118         40.771061  
   27.867315         40.773129  
   27.939661         40.783134  
   28.004986         40.794769  
   28.081383         40.799480  
   28.162096         40.811134  
   28.237366         40.820866  
   28.304771         40.830406  
   28.385378         40.837029  
   28.474476         40.842056  
   28.554222         40.848660  
   28.654366         40.857922  
   28.738823         40.865002  
   28.819302         40.868389  
   28.893711         40.862972  
   28.939583         40.850018  
   29.011011         40.820007  
   29.067234         40.795765  
   29.124771         40.783081  
   29.196245         40.752350  
   29.255747         40.737911  
   29.309923         40.727665  
   29.352562         40.714622  
   29.381105         40.713497  
   29.417864         40.716534  
   29.496288         40.718037  
   29.561731         40.717789  
   29.626577         40.720772  
   29.686501         40.719311  
   29.757092         40.720264  
   29.813711         40.720165  
   29.855318         40.721153  
   29.909689         40.719559  
   29.961653         40.719707  
   30.010868         40.718712  
   30.065180         40.719276  
   30.136263         40.711578  
   30.199327         40.705490  
   30.271633         40.702873  
   30.318829         40.695683  
   30.338736         40.690739  
>  999999999999   99999999999999
   27.464323         40.664383  
   27.521774         40.663952  
   27.586367         40.668716  
   27.646353         40.673374  
   27.711626         40.674923  
   27.783823         40.660118  
   27.841501         40.648201  
   27.894110         40.635803  
   27.954945         40.617130  
   27.987648         40.630474  
   28.004637         40.642727  
   28.013454         40.651554  
   28.029881         40.656975  
   28.083408         40.654289  
   28.148619         40.650444  
   28.201059         40.651325  
   28.269047         40.648266  
   28.327190         40.638138  
   28.371849         40.637398  
   28.431915         40.635582  
   28.448925         40.630230  
   28.469780         40.622456  
   28.520998         40.602814  
   28.567303         40.588448  
   28.613022         40.567238  
   28.659672         40.546051  
   28.696455         40.536129  
   28.728882         40.529701  
   28.752518         40.531693  
   28.815453         40.548618  
   28.874569         40.567982  
   28.927769         40.585052  
   28.980003         40.603188  
   29.043814         40.623402  
   29.080793         40.630032  
   29.112000         40.630768  
   29.154739         40.634296  
   29.199282         40.639305  
   29.250914         40.642685  
   29.305838         40.645782  
   29.368437         40.654823  
   29.427841         40.662712  
   29.486250         40.672382  
   29.537809         40.679008  
   29.590464         40.682415  
   29.639299         40.687901  
   29.700020         40.689335  
   29.754908         40.696045  
   29.835796         40.718166  
> 999999999999   99999999999999
   28.642963         40.759674  
   28.711557         40.747631  
   28.786407         40.731773  
   28.854580         40.719353  
   28.924520         40.709137  
   28.994665         40.704681  
   29.063778         40.692997  
   29.142344         40.688736  
   29.204517         40.686249  
   29.293394         40.691959  
   29.350636         40.705929  
   29.388586         40.713318  
>  999999999999   99999999999999
   27.353312         40.746086  
   27.416262         40.788536  
   27.498663         40.840466  
   27.587934         40.878216  
   27.631027         40.887535  
   27.718271         40.904400  
   27.786722         40.908939  
   27.844372         40.907463  
   27.893764         40.904343  
   27.959373         40.910973  
   28.028122         40.920204  
   28.083828         40.921558  
   28.127811         40.916145  
   28.179005         40.924232  
   28.236570         40.926350  
   28.286678         40.929008  
   28.333246         40.928341  
   28.381567         40.920864  
   28.435621         40.910645  
   28.472904         40.900738  
   28.524143         40.891171  
   28.564062         40.884567  
   28.607706         40.878056  
   28.647205         40.870720  
   28.682396         40.865803  
>  999999999999   99999999999999
   26.920830         39.926998  
   26.969557         39.944458  
   27.035263         39.963367  
   27.085934         39.979813  
   27.144266         40.007843  
   27.200203         40.029770  
   27.249596         40.045494  
   27.301590         40.064495  
   27.349819         40.085201  
   27.396124         40.107662  
   27.453215         40.127510  
   27.511753         40.146690  
   27.580259         40.170033  
   27.629656         40.188305  
   27.698799         40.218117  
   27.787550         40.254116  
   27.896736         40.290245  
   28.019833         40.336754  
   28.096788         40.363247  
   28.164024         40.381279  
   28.216534         40.388588  
   28.300528         40.388729  
   28.380913         40.387356  
   28.467075         40.382530  
   28.532455         40.375786  
   28.602154         40.366627  
   28.647169         40.349365  
   28.673796         40.346748  
   28.691727         40.350746  
   28.766348         40.374352  
   28.811632         40.380417  
   28.863253         40.380886  
   28.901506         40.378895  
   28.933109         40.370289  
   28.962875         40.351585  
   28.969681         40.345642  
   28.979050         40.344421  
   28.990103         40.346828  
   29.100588         40.353668  
   29.189291         40.359295  
   29.254835         40.382355  
   29.347918         40.395638  
   29.455664         40.395603  
   29.534454         40.386990  
   29.599691         40.379143  
   29.647856         40.377373  
   29.706387         40.384109  
   29.821941         40.401157  
   29.943048         40.421219  
   30.108213         40.441589  
   30.167936         40.445850  
   30.336515         40.489746  
>  999999999999   99999999999999
   26.841621         39.792534  
   26.876011         39.810356  
   26.923290         39.820278  
   26.953697         39.827702  
   26.988171         39.852654  
   27.015945         39.890285  
   27.048512         39.933025  
   27.085438         39.972321  
>  999999999999   99999999999999
   27.237307         39.894794  
   27.302736         39.903717  
   27.364449         39.921825  
   27.451891         39.950848  
   27.530136         39.988602  
   27.598421         40.023659  
   27.676785         40.069675  
   27.758806         40.117596  
>  999999999999   99999999999999
   28.743006         40.347977  
   28.756668         40.335014  
   28.774778         40.326103  
   28.792837         40.318264  
   28.812576         40.314053  
   28.833122         40.312370  
   28.858797         40.310448  
   28.886177         40.311790  
>  999999999999   99999999999999
   27.762943         40.100895  
   27.825289         40.094078  
   27.880077         40.081726  
   27.941248         40.071304  
   27.986494         40.055878  
   28.043501         40.045715  
   28.109491         40.032181  
   28.196293         40.019459  
>  999999999999   99999999999999
   28.258858         40.063744  
   28.321886         40.054783  
   28.379803         40.055359  
>  999999999999   99999999999999
   28.257002         40.036892  
   28.314857         40.029243  
   28.416470         40.018276  
   28.525206         40.013897  
>  999999999999   99999999999999
   28.416204         40.077988  
   28.467691         40.068764  
   28.533136         40.068081  
   28.637844         40.080795  
   28.717724         40.108353  
   28.816359         40.161781  
>  999999999999   99999999999999
   28.851013         40.156471  
   28.929272         40.153214  
   28.988003         40.159912  
>  999999999999   99999999999999
   29.051310         40.197544  
   29.097794         40.169552  
   29.137096         40.155380  
   29.181589         40.149570  
   29.282686         40.157936  
>  999999999999   99999999999999
   26.091103         39.451855  
   26.459419         39.505306  
   26.859184         39.568752  
>  999999999999   99999999999999
   29.120029         40.404758  
   29.305687         40.411198  
>  999999999999   99999999999999
   28.589510         39.833088  
   28.643240         39.898911  
   28.684553         39.954140  
   28.722162         39.991085  
   28.758463         40.007984  
   28.802942         40.019344  
   28.859030         40.021664  
   28.920071         40.018009  
   28.987829         40.019871  
   29.077454         40.031525  
   29.140017         40.036137  
   29.184349         40.033184  
   29.237532         40.020397  
   29.287052         40.006451  
   29.345575         39.999153  
   29.411034         39.993080  
   29.458315         39.987679  
   29.525444         39.966236  
   29.633579         39.934589  
   29.731394         39.904861  
   29.821934         39.881771  
   30.104540         39.841007  
   30.328117         39.810032  
>  999999999999   99999999999999
                                
                                


