> North America
 -29.75   39.45 
 -29.95   39.45 
 -30.30   38.40 
 -30.65   38.30 
 -30.80   38.00 
 -31.15   37.90 
 -32.00   37.50 
 -33.20   36.80 
 -33.70   36.50 
 -34.10   36.00 
 -35.00   35.00 
 -36.40   35.30 
 -37.80   33.50 
 -39.30   33.80 
 -40.50   31.90 
 -41.70   30.90 
 -41.90   30.50 
 -42.00   30.00 
 -42.70   30.10 
 -43.15   28.75 
 -43.75   28.75 
 -44.20   27.50 
 -44.50   26.90 
 -44.80   26.20 
 -45.00   25.70 
 -45.40   25.20 
 -46.10   24.50 
 -46.30   24.20 
 -46.30   23.90 
 -46.30   23.90 
 -44.90   23.70 
 -45.00   23.00 
 -45.00   22.80 
 -45.50   22.00 
 -45.60   21.30 
 -45.70   20.30 
 -61.00   18.00 
 -61.80   18.60 
 -62.50   19.00 
 -63.40   19.40 
 -64.10   19.60 
 -65.00   19.70 
 -66.00   19.80 
 -66.00   19.80 
 -67.10   20.00 
 -67.90   20.10 
 -68.80   20.10 
 -69.70   20.10 
 -70.80   20.10 
 -71.90   20.10 
 -72.80   19.90 
 -73.60   19.90 
 -75.00   19.70 
 -77.00   19.70 
 -80.00   19.20 
 -81.50   18.80 
 -81.50   17.80 
 -83.00   17.50 
 -85.00   16.90 
 -87.00   16.40 
 -89.30   15.30 
 -95.80   15.00 
 -96.40   15.10 
 -97.00   15.20 
 -97.60   15.30 
 -98.30   15.60 
 -98.80   15.80 
 -99.40   16.10 
 -99.90   16.30 
-100.70   16.60 
-101.40   16.90 
-102.10   17.20 
-102.90   17.60 
-103.60   18.00 
-104.30   18.40 
-104.80   18.90 
-105.20   19.20 
-105.60   19.60 
-105.70   20.20 
-105.70   20.60 
-105.60   21.20 
-105.90   21.60 
-106.20   21.90 
-106.80   22.10 
-107.30   22.40 
-107.60   22.60 
-107.70   22.90 
-108.00   23.00 
-108.30   23.50 
-108.70   24.10 
-109.00   24.50 
-109.10   24.60 
-109.10   24.70 
-109.20   24.90 
-109.70   25.10 
-109.80   25.30 
-109.90   25.50 
-110.00   25.60 
-110.10   25.80 
-110.30   26.00 
-110.30   26.00 
-110.30   26.10 
-110.40   26.20 
-110.50   26.40 
-110.70   26.60 
-110.90   26.80 
-111.10   27.10 
-111.30   27.30 
-111.50   27.50 
-111.60   27.70 
-111.80   27.90 
-111.90   28.00 
-112.10   28.30 
-112.30   28.50 
-112.50   28.80 
-112.70   29.10 
-113.10   29.50 
-113.30   29.70 
-113.50   29.90 
-113.60   30.10 
-113.90   30.50 
-114.20   30.80 
-114.30   31.00 
-114.40   31.30 
-114.50   31.60 
-114.70   31.80 
-114.70   31.90 
-114.90   32.10 
-115.10   32.30 
-115.20   32.50 
-115.50   32.90 
-115.60   33.30 
-116.55   34.00 
-117.30   34.15 
-118.50   34.70 
-119.35   34.90 
-120.05   35.50 
-120.55   36.00 
-121.10   36.50 
-121.70   37.00 
-122.30   37.50 
-122.75   38.00 
-123.20   38.50 
-123.70   39.00 
-123.90   39.50 
-124.00   40.00 
-124.40   40.20 
-125.00   40.40 
-127.50   40.40 
-127.40   41.60 
-127.20   41.60 
-126.90   42.30 
-126.50   43.00 
-127.80   43.50 
-129.20   44.00 
-130.50   44.50 
-130.10   45.50 
-129.60   46.50 
-129.20   47.50 
-128.80   48.20 
-129.00   48.50 
-130.50   49.20 
-130.40   49.50 
-129.70   50.10 
-129.20   50.50 
-129.90   51.00 
-130.70   51.50 
-131.30   52.00 
-132.80   53.00 
-133.90   54.00 
-134.50   55.00 
-135.50   56.00 
-136.10   57.00 
-136.50   58.00 
-137.00   58.50 
-138.00   59.00 
-139.00   59.50 
-140.00   59.90 
-141.00   60.10 
-142.00   59.80 
-143.00   59.40 
-144.00   59.30 
-145.00   59.20 
-146.00   59.00 
-147.00   58.30 
-148.00   57.80 
-146.00   59.00 
-148.00   57.80 
-150.00   56.80 
-152.00   56.00 
-154.00   55.20 
-156.00   54.70 
-158.00   54.00 
-160.00   53.70 
-162.00   53.20 
-164.00   52.80 
-166.00   52.20 
-168.00   51.70 
-170.00   51.30 
-172.00   51.00 
-174.00   50.80 
-176.00   50.50 
-178.00   50.40 
-180.00   50.50
-180.00   90.00
 180.00   90.00
 180.00   50.50 
 178.00   50.50 
 176.00   50.80 
 174.00   51.30 
 172.00   51.90 
 170.00   52.60 
 168.00   53.60 
 166.00   54.30 
 164.00   55.50 
 163.00   54.00 
 162.20   53.00 
 161.00   52.00 
 160.50   51.00 
 159.50   50.00 
 157.80   49.00 
 156.20   48.00 
 155.00   47.00 
 153.80   46.00 
 152.00   45.00 
 150.00   44.00 
 148.50   43.00 
 147.00   42.00 
 144.80   41.00 
 143.00   42.00 
 142.20   43.00 
 142.00   44.00 
 142.00   46.00 
 142.20   48.00 
 142.50   50.00 
 142.50   52.50 
 142.50   55.00 
 147.00   61.90 
 146.20   63.30 
 146.10   63.90 
 142.10   66.20 
 140.00   67.70 
 126.20   70.20 
 122.80   75.50 
 126.70   78.20 
 122.00   80.70 
  98.50   85.00 
  43.00   86.50 
   7.50   84.90 
   0.00   84.10 
  -4.50   83.40 
  -6.00   82.10 
  -3.50   80.90 
  -2.00   80.38 
   4.25   79.60 
   3.00   79.04 
   7.00   78.45 
   7.60   77.90 
   7.40   76.75 
   7.20   76.55 
   7.30   75.60 
   8.40   74.80 
   8.40   74.60 
   8.70   74.35 
   8.80   73.95 
   8.25   73.55 
   7.80   73.40 
   6.80   73.25 
   4.40   72.80 
   1.10   72.20 
  -4.70   71.40 
  -6.50   70.92 
 -12.00   71.70 
 -13.20   70.92 
 -13.80   70.97 
 -14.70   70.55 
 -15.40   70.00 
 -16.50   68.90 
 -17.30   68.98 
 -18.10   68.40 
 -18.50   67.70 
 -19.50   66.70 
 -16.50   66.40 
 -17.00   66.00 
 -17.00   65.00 
 -19.00   63.70 
 -22.50   64.10 
 -24.60   63.00 
 -27.00   61.60 
 -29.50   60.00 
 -34.00   57.00 
 -35.30   55.20 
 -35.20   53.00 
 -35.00   52.70 
 -31.80   52.60 
 -31.80   52.20 
 -30.00   52.10 
 -30.00   51.20 
 -29.00   49.80 
 -27.50   47.80 
 -27.40   46.50 
 -28.00   45.00 
 -28.20   44.50 
 -28.50   43.80 
 -29.00   43.30 
 -29.30   42.90 
 -29.30   42.70 
 -29.30   42.30 
 -29.30   41.70 
 -29.70   40.00 
 -29.75   39.45 
