> ArcNoMid-AtlRdg  
41.00 144.80 
42.00 143.00
43.00 142.20
44.00 142.00
46.00 142.00
48.00 142.20
50.00 142.50
52.50 142.50
55.00 142.50 
61.90 147.00
63.30 146.20
63.90 146.10
66.20 142.10
67.70 140.00
70.20 126.20
75.50 122.80
78.20 126.70 
80.70 122.00
85.00 98.50
86.50 43.00
84.90 7.50
84.10 0.00
83.40 355.50
82.10 354.00
80.90 356.50 
80.38 358.00
79.60 4.25
79.04 3.00
78.45 7.00
77.90 7.60
76.75 7.40
76.55 7.20
75.60 7.30 
74.80 8.40
74.60 8.40
74.35 8.70
73.95 8.80
73.55 8.25
73.40 7.80
73.25 6.80
72.80 4.40 
72.20 1.10
71.40 355.30
70.92 353.50
71.70 348.00
70.92 346.80
70.97 346.20
70.55 345.30
70.00 344.60 
68.90 343.50
68.98 342.70
68.40 341.90
67.70 341.50
66.70 340.50
66.40 343.50
66.00 343.00
65.00 343.00 
63.70 341.00
64.10 337.50
63.00 335.40
61.60 333.00
60.00 330.50
57.00 326.00
55.20 324.70
53.00 324.80 
52.70 325.00
52.60 328.20
52.20 328.20
52.10 330.00
51.20 330.00
49.80 331.00
47.80 332.50
46.50 332.60 
45.00 332.00
44.50 331.80
43.80 331.50
43.30 331.00
42.90 330.70
42.70 330.70
42.30 330.70
41.70 330.70 
40.00 330.30
39.45 330.25
> AzorAfricEurasia  
39.45 330.25 
39.30 330.90
39.00 331.90
38.80 332.60
38.40 333.20
38.10 333.80
37.70 334.60
37.30 335.30
36.82 335.90 
36.97 336.80
37.07 338.50
37.10 338.70
37.14 339.10
37.13 339.50
37.12 339.80
37.80 342.00
37.80 344.00 
37.00 346.00
36.00 350.00
36.00 354.00
36.20 1.40
36.40 6.80
38.50 14.20
38.50 15.10
38.30 16.60 
38.90 17.30
39.70 18.20
40.20 18.90
39.90 19.40
39.10 19.70
38.20 20.00
37.30 20.50
36.50 20.90 
35.80 21.60
35.20 22.20
34.70 23.00
34.40 23.70
34.20 24.60
34.30 25.70
34.40 26.70
34.50 27.40 
34.80 28.20
35.20 29.20
35.70 29.80
35.80 30.30
35.40 30.90
34.90 31.40
34.30 32.30
34.20 32.90 
34.60 34.00
35.00 34.50
35.60 35.20
35.90 35.60
> AfrNoAmMidAtlRdg  
39.45 330.25 
39.45 330.05
38.40 329.70
38.30 329.35
38.00 329.20
37.90 328.85
37.50 328.00
36.80 326.80
36.50 326.30 
36.00 325.90
35.00 325.00
35.30 323.60
33.50 322.20
33.80 320.70
31.90 319.50
30.90 318.30
30.50 318.10 
30.00 318.00
30.10 317.30
28.75 316.85
28.75 316.25
27.50 315.80
26.90 315.50
26.20 315.20
25.70 315.00 
25.20 314.60
24.50 313.90
24.20 313.70
23.90 313.70
23.90 313.70
23.70 315.10
23.00 315.00
22.80 315.00 
22.00 314.50
21.30 314.40
20.30 314.30
> NoAmerSoAmer  
20.30 314.30 
18.00 299.00
> CaribNoAmerBndy  
18.00 299.00 
18.60 298.20
19.00 297.50
19.40 296.60
19.60 295.90
19.70 295.00
19.80 294.00
19.80 294.00
20.00 292.90 
20.10 292.10
20.10 291.20
20.10 290.30
20.10 289.20
20.10 288.10
19.90 287.20
19.90 286.40
19.70 285.00 
19.70 283.00
19.20 280.00
18.80 278.50
17.80 278.50
17.50 277.00
16.90 275.00
16.40 273.00
15.30 270.70 
15.00 264.20
> CaribSoAmAntill  
3.60 281.90 
3.80 282.50
4.30 283.60
4.90 284.60
5.50 285.60
6.20 286.50
7.00 287.30
7.70 288.00
8.40 288.60 
9.20 289.30
9.90 289.90
10.30 290.70
10.40 291.90
10.50 293.40
10.40 294.80
10.40 296.00
10.40 297.40 
10.40 298.30
13.10 300.10
13.60 300.30
14.10 300.40
14.50 300.60
14.90 300.70
15.60 300.70
16.30 300.60 
16.90 300.20
17.40 299.70
18.00 299.00
> AfrSoAmMidAtlRdg  
20.30 314.30 
19.80 314.20
19.00 313.90
18.50 313.60
16.80 313.40
15.40 313.30
15.30 315.00
13.70 315.00
13.50 315.20 
12.60 315.20
12.60 315.90
12.10 315.90
12.10 316.30
10.80 316.30
10.70 319.10
9.50 319.30
8.80 319.80 
8.70 320.60
8.10 320.80
8.10 322.20
7.60 322.60
7.20 326.00
5.20 327.40
4.00 327.40
3.90 328.60 
0.90 329.60
0.90 333.50
0.60 333.80
0.50 335.00
-1.20 335.40
0.10 343.70
-1.40 344.20
-0.90 347.20 
-6.80 348.50
-7.20 346.60
-8.00 346.50
-10.50 347.00
-11.50 347.10
-11.90 345.10
-13.50 345.50
-14.10 345.70 
-14.00 346.40
-15.00 346.50
-16.10 346.80
-16.20 345.70
-17.00 346.00
-17.90 345.90
-17.80 347.00
-19.20 348.00 
-21.10 348.40
-22.60 347.50
-23.10 346.50
-24.70 346.60
-25.10 346.30
-26.90 346.20
-27.30 346.80
-29.00 347.10 
-29.20 346.30
-31.10 346.60
-31.70 346.60
-32.30 346.70
-32.50 345.50
-33.00 345.50
-33.90 345.40
-34.30 344.80 
-35.30 344.70
-35.50 342.20
-37.30 342.50
-39.10 344.00
-40.10 344.10
-40.30 343.20
-41.70 343.50
-44.10 344.00 
-45.20 344.80
-46.20 346.20
-47.40 346.70
-46.90 349.30
-48.20 350.20
-49.30 352.00
-50.10 353.00
-52.20 355.20 
-53.50 357.00
-54.30 357.60
-54.00 358.50
-54.60 359.00
-54.80 359.30
> AntarcSoPeruChil  
-45.30 283.80 
-45.80 283.80
-46.90 284.00
-47.70 284.10
-48.80 284.30
-49.60 284.60
-50.70 284.60
-51.90 284.70
-53.00 284.80 
-53.60 285.70
-54.40 286.90
-54.90 288.00
-55.40 289.20
-55.60 291.00
-55.60 293.10
-55.50 294.30
-55.60 295.20 
-55.70 296.60
-55.80 297.70
-56.00 299.90
-56.00 300.00
-55.90 302.50
-55.70 305.00
-55.60 307.50
-55.50 310.00 
-55.40 311.80
-55.20 313.50
-55.10 315.30
-55.00 317.00
-55.00 317.80
-54.90 318.50
-54.80 319.30
-54.80 320.00 
-54.80 322.50
-54.80 325.00
-54.80 327.50
-54.80 330.00
-54.80 330.70
-54.90 331.50
-55.00 333.00
-55.20 333.50 
-55.40 334.00
-55.50 334.50
-55.70 335.00
-55.80 335.20
-55.90 335.50
-56.00 335.80
-56.10 336.00
-56.60 336.30 
-57.00 336.60
-57.50 336.90
-58.00 337.20
-58.40 336.90
-58.80 336.60
-59.20 336.30
-59.60 336.00
-60.70 335.10 
-60.70 334.40
-60.80 335.10
-60.90 335.60
-61.00 336.10
-61.00 336.70
-61.00 337.40
-61.00 338.10
-61.00 338.80 
-60.90 339.50
-60.90 340.10
-60.80 340.60
-60.50 340.70
-60.50 341.00
-60.20 341.10
-60.20 341.50
-59.60 341.50 
-59.60 342.00
-59.10 342.00
-59.00 343.80
-58.30 343.80
-57.80 353.00
-55.80 355.30
-55.60 358.40
-55.30 358.40 
-55.10 358.60
-54.80 358.90
-54.80 359.30
> SoWestIndianRdg  
-54.80 359.30 
-54.50 359.70
-54.90 0.80
-53.60 3.00
-54.20 4.00
-54.80 5.00
-53.60 7.60
-54.00 8.30
-52.20 11.50 
-52.80 12.70
-51.80 13.90
-52.20 15.10
-51.70 15.90
-52.70 18.50
-52.80 20.00
-53.00 22.50
-53.80 25.50 
-52.50 26.20
-52.80 27.80
-50.20 29.50
-49.80 30.50
-47.00 32.50
-47.20 34.80
-44.80 35.70
-43.70 39.30 
-42.80 42.40
-40.90 42.70
-40.10 46.00
-38.80 46.20
-37.80 49.00
-37.50 52.20
-36.10 52.30
-36.10 53.30 
-35.30 53.40
-35.40 54.10
-34.70 54.20
-34.70 55.10
-33.80 57.00
-31.90 57.00
-31.80 58.30
-30.70 59.00 
-30.70 60.80
-29.00 61.00
-28.10 63.20
-27.70 66.10
-26.60 67.80
-26.00 68.90
-25.80 69.30
-25.51 70.05 
> SoEastIndianRdg  
-25.51 70.05 
-26.30 70.80
-26.20 71.20
-27.50 72.80
-27.40 73.00
-28.20 74.20
-28.40 74.10
-29.50 75.5
-30.20 74.80 
-32.90 78.10
-33.70 77.40
-35.10 79.10
-35.80 78.30
-36.30 79.00
-39.10 75.90
-42.20 79.6
-41.20 81.10 
-43.20 83.50
-41.80 85.30
-43.00 87.20
-42.00 88.30
-46.00 95.50
-46.30 95.10
-48.20 99.7
-47.60 100.40 
-51.20 114.30
-50.40 114.80
-50.70 115.90
-49.80 116.40
-50.10 118.00
-49.80 118.10
-49.90 118.6
-49.70 118.80 
-50.20 121.70
-49.20 122.30
-49.30 122.90
-49.80 122.70
-50.00 123.70
-49.60 123.90
-49.70 124.5
-49.40 124.50 
-49.40 124.80
-49.10 125.00
-49.20 125.40
-49.30 125.40
-49.40 125.80
-49.60 125.70
-49.70 126.6
-48.90 126.90 
-49.00 127.70
-49.90 127.50
-50.30 130.80
-50.10 130.90
-50.10 132.30
-50.30 132.30
-50.30 134.2
-50.40 134.40 
-50.40 136.00
-50.80 136.40
-50.60 137.70
-52.00 138.60
-51.90 139.60
-52.80 140.00
-52.70 140.8
-54.20 141.20 
-54.10 143.60
-54.40 143.90
-54.30 144.50
-54.70 145.00
-54.70 146.10
-55.70 146.20
-55.60 147.20
-57.60 147.50 
-57.50 148.80
-60.50 150.40
-60.10 153.8
-62.90 155.70
-63.00 155.90
-61.80 163.20
> NoIndRdgCarlsbrg  
12.70 58.30 
12.00 57.90
11.00 57.40
10.25 56.75
9.90 57.22
10.12 57.50
9.68 58.15
9.24 58.06 
9.11 58.44
8.48 58.28
8.00 59.04
8.00 59.24
7.72 59.80
7.18 59.56
7.00 60.00
6.68 60.16 
6.60 60.32
6.38 60.40
6.20 60.76
5.56 61.60
5.44 61.54
4.98 62.20
4.80 62.06 
4.48 62.56
4.32 62.52
3.96 63.08
3.92 63.32
3.76 63.52
3.66 64.14
2.96 65.12
3.00 65.88 
2.30 66.76
1.60 66.66
1.32 67.04
0.88 67.25
0.48 66.80
0.16 67.02
0.00 67.02
-0.18 67.22 
-0.46 67.00
-0.66 67.34
-0.80 67.34
-0.96 67.58
-1.36 67.34
-1.84 68.04
-2.06 67.92
-2.21 68.19 
-2.72 67.88
-2.92 68.21
-3.28 67.98
-3.69 68.61
-4.16 68.28
-4.51 68.73
-4.51 68.73
-4.90 68.36 
-5.10 68.60
-5.24 68.78
-6.08 67.98
-6.56 68.50
-7.12 67.92
-7.40 68.25
-7.75 67.86
-8.20 68.28 
> SoCentrIndianRdg  
-9.64 66.54 
-9.88 66.84
-10.40 66.28
-10.78 66.79
-11.30 66.20
-11.56 66.32
-12.00 65.75 
-12.14 65.56
-12.88 66.44
-13.12 66.49
-13.34 66.70
-13.99 65.86
-14.80 66.38
-14.90 66.72
-15.44 67.24 
-15.68 67.08
-16.00 67.38
-16.61 66.47
-16.96 66.82
-17.98 65.02
-20.25 66.23
-19.95 66.82
-20.38 67.24 
-20.13 67.64
-20.64 67.91
-20.46 68.40
-22.13 69.22
-22.20 69.08
-22.69 69.35
-22.74 69.26
-22.91 69.35 
-22.96 69.26
-23.13 69.35
-23.25 69.19
-24.22 69.74
-24.30 69.61
-24.62 69.81
-24.65 69.77
-25.19 70.07 
-25.32 69.95
-25.51 70.05
> AustraliaIndia  
-4.51 68.73 
-5.00 80.00
-5.00 89.00
0.00 89.50
5.00 90.00
9.30 91.80
> AdenRdSeaDeadSea  
12.70 58.30 
13.50 57.50
14.50 56.30
14.30 56.10
15.20 54.50
14.30 53.80
14.60 53.00
14.40 52.80
14.60 52.20 
13.10 51.20
13.40 50.20
13.10 49.80
13.00 48.80
12.60 48.20
12.50 46.50
12.20 46.30
11.80 43.60 
11.80 43.50
11.40 44.00
11.40 44.00
12.20 43.50
13.20 42.50
14.30 41.60
16.00 40.50
18.10 39.40 
19.80 38.50
22.00 37.20
23.80 36.20
25.30 35.30
26.60 34.60
27.10 34.20
27.90 34.20
28.40 34.50 
29.00 34.70
29.50 34.90
30.00 34.90
30.80 34.90
31.30 35.00
32.10 35.00
32.90 35.20
34.00 35.50 
34.90 35.70
35.70 35.80
35.90 35.60
> ArabEurasia  
35.90 35.60 
36.40 35.90
36.70 36.30
37.20 36.80
37.50 37.40
37.90 37.90
38.20 38.50
38.40 39.00
38.70 39.50 
39.00 40.10
39.20 40.70
39.20 41.60
38.90 42.30
38.30 43.00
38.00 43.60
38.00 43.60
37.60 44.00 
37.20 44.30
36.40 44.90
36.00 45.40
35.50 45.90
35.00 46.40
34.10 47.10
33.50 47.70
32.80 48.10 
32.10 48.70
31.30 49.30
30.40 49.80
29.70 50.40
28.70 51.20
28.00 51.80
27.30 52.40
26.50 53.30 
26.30 54.30
26.20 55.10
26.00 56.00
25.80 57.00
25.60 58.10
25.40 58.70
25.40 59.00
25.20 59.80 
25.20 60.00
25.00 61.00
24.90 62.00
25.00 63.00
25.20 64.00
25.20 65.00
25.20 65.80
> ArabIndia  
12.70 58.30 
13.00 58.60
13.50 58.90
14.00 59.10
14.50 59.50
15.00 59.80
15.50 59.90
16.00 60.00
16.50 60.00 
17.00 60.10
17.50 60.20
18.00 60.30
18.50 60.45
19.00 60.80
20.00 61.20
20.50 61.60
21.00 62.00 
21.50 62.25
22.00 62.50
22.50 63.00
23.00 63.50
23.20 63.80
23.30 64.80
24.00 65.20
25.00 65.70 
25.20 65.80
> IndiaEurasia  
25.20 65.80 
26.00 66.10
27.00 66.00
28.00 65.90
29.00 65.90
30.00 66.10
31.00 66.50
32.00 67.20
33.00 68.00 
34.00 68.80
34.40 69.20
34.00 70.00
33.90 71.00
33.60 72.00
33.60 73.00
34.00 73.70
33.70 74.00 
33.10 75.00
32.30 76.00
31.00 77.00
30.40 78.00
29.70 79.00
29.20 80.00
29.00 81.00
28.30 82.00 
27.90 83.00
27.80 84.00
27.50 85.00
27.30 86.00
26.90 87.00
26.80 88.00
26.90 89.00
26.70 90.00 
26.80 91.00
26.90 92.00
27.20 93.00
27.10 93.30
27.10 93.60
27.10 94.00
27.10 94.20
27.10 94.40 
27.10 94.60
27.10 94.80
27.10 95.00
27.20 95.30
27.20 95.50
27.20 95.70
26.80 95.70
26.50 95.60 
26.30 95.40
26.10 95.30
25.90 95.20
25.80 95.10
25.70 95.00
25.50 94.80
25.30 94.70
24.90 94.50 
24.70 94.50
24.40 94.40
23.90 94.30
23.50 94.20
23.40 94.20
23.10 94.20
22.70 94.10
22.60 94.10 
22.40 94.00
21.80 94.00
21.80 94.00
21.10 93.90
21.00 93.90
20.90 93.90
20.60 93.90
20.60 93.90 
20.30 93.80
20.20 93.80
20.10 93.80
20.00 93.80
19.60 93.90
19.10 93.90
18.70 93.90
18.30 94.00 
17.90 94.00
17.40 94.10
17.00 94.10
16.80 94.10
16.60 93.80
16.00 93.70
15.00 93.50
14.40 93.20 
13.80 92.80
13.10 92.30
12.50 92.00
11.70 91.80
11.10 91.80
10.30 91.90
9.30 91.80
> AustraliaEurasia  
9.30 91.80 
8.80 92.00
7.80 92.40
6.80 93.00
5.90 93.00
5.30 92.90
4.20 93.10
3.80 93.60
2.90 94.50 
2.30 94.90
2.10 95.40
1.50 96.20
0.80 96.80
-0.30 97.40
-1.30 97.90
-2.00 98.60
-2.80 99.10 
-2.80 99.50
-3.20 99.70
-4.00 100.20
-4.60 100.80
-5.10 101.40
-6.30 102.30
-6.40 102.80
-7.00 103.40 
-7.30 104.10
-7.10 104.40
-7.40 105.00
-7.60 105.70
-7.50 106.10
-7.80 106.40
-8.00 107.00
-8.30 107.80 
-8.50 108.50
-8.80 109.30
-9.00 110.30
-9.00 110.90
-9.30 111.60
-9.40 112.60
-9.30 113.20
-9.20 113.50 
-9.30 114.40
-9.40 114.90
-9.50 116.40
-10.20 118.10
-10.30 119.90
-10.30 122.40
-9.30 123.30
-7.90 124.50 
-7.50 125.80
-7.40 127.90
-7.20 130.00
-6.10 131.30
-4.60 131.10
-3.40 130.70
-1.80 130.60
-0.30 130.70 
1.10 130.90
> AustralPacific  
-61.80 161.20 
-61.60 160.90
-59.70 158.80
-59.60 158.80
-59.50 158.60
-59.40 158.50
-59.30 158.50
-59.20 158.40
-59.10 158.30 
-59.00 158.20
-58.90 158.10
-58.80 158.00
-58.80 157.90
-58.70 157.80
-58.60 157.80
-58.50 157.70
-58.40 157.60 
-58.30 157.50
-58.10 157.30
-57.90 157.30
-57.80 157.30
-57.70 157.40
-57.50 157.40
-57.40 157.50
-57.30 157.60 
-57.20 157.70
-57.10 157.70
-56.90 157.70
-56.80 157.90
-56.60 158.00
-56.50 158.10
-56.40 158.30
-56.10 158.40 
-55.90 158.60
-55.80 158.50
-55.60 158.60
-55.40 158.70
-55.30 158.70
-55.10 158.80
-54.90 158.90
-54.70 159.10 
-54.40 159.20
-54.20 159.30
-54.10 159.40
-53.90 159.50
-53.70 159.70
-53.50 159.90
-52.70 160.60
-52.10 161.10 
-50.90 162.40
-50.30 163.30
-49.70 164.10
-49.10 164.30
-48.60 164.70
-47.90 165.30
-47.00 165.90
-46.00 166.50 
-45.20 167.30
-44.70 167.80
-44.10 169.00
-43.70 169.90
-43.20 171.00
-42.60 172.20
-42.00 173.30
-41.70 174.40 
-41.60 175.30
-41.10 176.40
-40.70 176.90
-39.40 178.20
-38.70 178.80
-37.40 179.60
-35.80 180.80
-34.40 181.50 
-33.30 182.00
-31.70 182.90
-31.10 183.10
-29.80 183.80
-28.60 184.30
-27.20 184.90
-25.40 185.50
-23.60 186.20 
-22.60 186.50
-21.40 187.10
-19.70 187.90
-18.10 188.60
-16.80 188.90
-15.40 188.90
-14.50 188.40
-14.50 188.40 
-14.50 187.20
-14.50 186.10
-14.50 185.10
-14.60 183.80
-14.70 182.30
-15.10 181.10
-15.20 180.70
-15.50 179.70 
-16.10 178.30
-17.20 177.20
-18.30 176.20
-19.30 175.60
-21.10 174.30
-22.00 173.50
-22.90 172.50
-23.70 171.50 
-23.70 170.60
-23.10 169.90
-22.10 169.10
-21.00 168.40
-20.00 168.00
-19.00 167.40
-17.80 166.90
-16.80 166.40 
-15.00 165.80
-13.60 165.40
-12.20 164.80
-11.80 163.80
-11.70 162.90
-11.60 161.70
-11.00 160.50
-10.40 159.50 
-10.00 158.50
-9.60 157.70
-8.90 156.60
-8.00 155.30
-7.20 154.20
-6.70 153.20
-6.70 152.40
-6.90 151.30 
-7.10 150.50
-7.30 149.70
-7.50 148.60
-7.30 147.50
-6.70 147.00
-5.90 146.60
-5.20 146.10
-4.40 145.50 
-3.60 144.60
-3.00 143.80
-2.30 142.70
-1.90 141.40
-1.70 140.10
-1.60 139.10
-1.40 137.80
-1.40 136.80 
-1.20 136.50
-1.00 136.20
-0.70 135.90
-0.50 135.70
-0.20 135.40
0.00 135.10
0.20 134.30
0.50 133.40 
0.70 132.60
1.00 131.80
1.10 130.90
> PacifAntarcRise  
-34.90 248.00 
-38.40 248.30
-40.70 247.80
-42.70 247.30
-45.20 246.70
-48.30 245.90
-50.00 245.00
-49.60 243.60
-50.80 243.00 
-53.20 241.60
-53.30 242.00
-54.50 241.00
-54.30 239.50
-55.80 237.70
-54.70 233.60
-55.30 233.00
-54.90 231.30 
-54.10 227.60
-54.90 227.00
-54.00 223.10
-55.00 222.40
-54.90 222.10
-56.20 220.80
-56.00 220.10
-56.80 219.20 
-55.70 215.30
-57.30 213.40
-57.10 212.90
-58.70 210.70
-58.80 210.90
-60.00 209.20
-59.60 207.90
-63.10 202.50 
-61.70 198.70
-63.30 195.60
-62.80 194.10
-65.10 189.20
-64.70 188.10
-66.70 182.30
-63.70 174.80
-64.10 173.40 
-62.50 170.50
-63.00 168.40
-62.60 167.40
-62.90 166.40
-62.00 165.00
-62.30 163.80
-61.80 163.20
-61.80 161.20 
> NazcaAntarcChile  
-34.90 248.00 
-35.10 249.10
-35.20 249.80
-35.20 251.10
-35.30 252.30
-35.50 253.40
-35.70 254.70
-35.80 256.30
-35.90 258.20 
-36.10 259.70
-36.30 261.60
-36.40 263.00
-36.50 263.70
-37.10 263.70
-37.20 265.40
-37.40 266.40
-38.40 266.30 
-38.80 267.50
-39.10 268.20
-40.30 268.30
-41.20 268.90
-41.30 271.30
-41.50 273.60
-41.70 275.30
-41.80 276.10 
-41.90 276.90
-43.30 277.10
-44.30 277.30
-44.80 277.70
-44.90 279.40
-45.00 280.40
-45.20 281.50
-45.60 282.70 
-45.60 283.40
-45.30 283.80
> NazcSoAmPeruChil  
-45.30 283.80 
-44.80 283.80
-43.90 283.80
-43.00 284.10
-41.80 284.30
-40.50 284.40
-38.90 284.90
-37.60 285.70
-36.40 286.50 
-35.10 286.90
-33.70 287.30
-32.00 287.40
-30.20 287.90
-28.50 288.40
-26.60 288.80
-24.90 289.20
-23.40 289.40 
-22.20 289.20
-21.20 288.80
-20.40 288.40
-19.50 287.80
-18.10 286.90
-17.40 286.00
-16.60 285.00
-15.90 284.20 
-15.10 283.20
-13.90 282.10
-12.80 281.30
-11.70 280.50
-10.50 279.90
-9.40 279.40
-7.80 279.00
-6.50 278.70 
-5.40 278.70
-4.10 278.70
-2.50 279.00
-1.20 279.10
0.30 279.70
1.00 280.20
1.90 280.90
2.20 281.20 
2.60 281.70
3.60 281.90
> NazcPacEastPacif  
2.30 257.40 
-0.50 257.40
-2.90 257.20
-4.10 257.20
-4.30 255.70
-4.70 254.30
-4.90 253.70
-6.40 253.00
-8.10 252.40 
-9.00 252.20
-9.30 250.80
-9.40 250.10
-11.00 249.40
-12.60 248.80
-13.60 248.60
-13.70 247.80
-15.70 247.40 
-17.80 246.90
-19.40 246.50
-20.00 246.30
-20.70 246.10
-20.70 245.80
-22.70 245.50
-22.80 244.80
-24.10 244.90 
-26.30 245.10
-26.80 245.60
-26.70 246.10
-27.20 246.60
-29.50 247.90
-31.10 247.90
-32.00 247.90
-33.80 248.00 
-34.90 248.00
> CocosNazcGalapag  
2.30 257.40 
2.20 257.80
2.20 258.70
2.10 259.50
2.10 260.30
2.10 261.40
2.10 262.40
2.10 263.30
2.10 264.20 
2.10 265.00
2.10 265.80
2.00 266.90
2.00 267.90
1.90 269.00
1.60 269.40
1.10 269.40
1.10 270.40 
1.10 271.60
1.10 272.60
1.00 274.10
0.90 274.80
1.40 274.80
1.80 274.80
1.80 275.50
2.50 275.50 
3.40 275.50
3.50 276.30
3.50 277.00
3.50 277.60
4.00 277.50
4.60 277.60
5.20 277.50
5.90 277.50 
6.50 277.50
6.90 277.50
7.00 277.50
7.20 277.60
> PacCocosPacRivera  
22.90 252.30 
22.70 252.10
22.30 251.90
21.70 251.60
20.90 251.20
20.20 250.80
19.80 250.60
19.70 250.80
19.40 251.40 
19.20 252.10
18.90 252.90
18.50 253.70
18.20 254.40
18.10 254.70
17.30 254.60
16.50 254.60
15.20 254.60 
15.20 255.00
15.20 255.60
14.30 255.60
13.00 255.60
11.90 255.60
11.00 255.60
10.40 255.70
10.20 256.00 
10.10 256.30
9.50 256.30
8.90 256.40
8.50 256.40
8.50 256.90
8.40 257.40
7.90 257.40
7.00 257.40 
6.20 257.40
5.50 257.40
4.90 257.40
4.30 257.40
3.50 257.40
2.70 257.40
2.30 257.40
> CaribNazcMidAmer  
3.60 281.90 
4.30 282.10
4.90 282.20
5.40 282.20
6.00 282.00
6.50 281.90
7.10 281.60
7.40 281.30
7.50 280.90 
7.50 280.50
7.20 280.10
7.00 279.70
6.90 279.20
7.00 278.70
7.10 278.30
7.20 278.00
7.20 277.60 
> CaribCocosMidAm  
7.20 277.60 
7.30 277.30
7.50 277.00
7.70 276.60
8.00 276.20
8.30 275.80
8.70 275.40
9.10 274.80
9.50 274.30 
10.00 273.80
10.40 273.30
10.80 272.80
11.10 272.20
11.50 271.50
11.70 271.00
12.00 270.40
12.20 269.90 
12.40 269.50
12.70 269.00
12.70 269.00
13.00 268.50
13.20 267.90
13.60 267.30
13.90 266.70
14.30 266.20 
14.60 265.50
14.80 264.90
15.00 264.20
> NoAmCocosMidAmer  
15.00 264.20 
15.10 263.60
15.20 263.00
15.30 262.40
15.60 261.70
15.80 261.20
16.10 260.60
16.30 260.10
16.60 259.30 
16.90 258.60
17.20 257.90
17.60 257.10
18.00 256.40
18.40 255.70
18.90 255.20
19.20 254.80
19.60 254.40 
20.20 254.30
20.60 254.30
21.20 254.40
21.60 254.10
21.90 253.80
22.10 253.20
22.40 252.70
22.60 252.40 
22.90 252.30
> PacNoAmSnAndreas  
22.90 252.30 
23.00 252.00
23.50 251.70
24.10 251.30
24.50 251.00
24.60 250.90
24.70 250.90
24.90 250.80
25.10 250.30 
25.30 250.20
25.50 250.10
25.60 250.00
25.80 249.90
26.00 249.70
26.00 249.70
26.10 249.70
26.20 249.60 
26.40 249.50
26.60 249.30
26.80 249.10
27.10 248.90
27.30 248.70
27.50 248.50
27.70 248.40
27.90 248.20 
28.00 248.10
28.30 247.90
28.50 247.70
28.80 247.50
29.10 247.30
29.50 246.90
29.70 246.70
29.90 246.50 
30.10 246.40
30.50 246.10
30.80 245.80
31.00 245.70
31.30 245.60
31.60 245.50
31.80 245.30
31.90 245.30 
32.10 245.10
32.30 244.90
32.50 244.80
32.90 244.50
33.30 244.40
34.00 243.45
34.15 242.70
34.70 241.50 
34.90 240.65
35.50 239.95
36.00 239.45
36.50 238.90
37.00 238.30
37.50 237.70
38.00 237.25
38.50 236.80 
39.00 236.30
39.50 236.10
40.00 236.00
40.20 235.60
> PacNoAmAleutKmch  
50.50 230.80 
51.00 230.10
51.50 229.30
52.00 228.70
53.00 227.20
54.00 226.10
55.00 225.50
56.00 224.50
57.00 223.90 
58.00 223.50
58.50 223.00
59.00 222.00
59.50 221.00
59.90 220.00
60.10 219.00
59.80 218.00
59.40 217.00 
59.30 216.00
59.20 215.00
59.00 214.00
58.30 213.00
57.80 212.00
59.00 214.00
57.80 212.00
56.80 210.00 
56.00 208.00
55.20 206.00
54.70 204.00
54.00 202.00
53.70 200.00
53.20 198.00
52.80 196.00
52.20 194.00 
51.70 192.00
51.30 190.00
51.00 188.00
50.80 186.00
50.50 184.00
50.40 182.00
50.50 180.00
50.50 178.00 
50.80 176.00
51.30 174.00
51.90 172.00
52.60 170.00
53.60 168.00
54.30 166.00
55.50 164.00
54.00 163.00 
53.00 162.20
52.00 161.00
51.00 160.50
50.00 159.50
49.00 157.80
48.00 156.20
47.00 155.00
46.00 153.80 
45.00 152.00
44.00 150.00
43.00 148.50
42.00 147.00
41.00 144.80
> FucaNoAmCascadia  
40.20 235.60 
40.40 235.00
40.40 232.50
41.60 232.60
41.60 232.80
42.30 233.10
43.00 233.50
43.50 232.20
44.00 230.80 
44.50 229.50
45.50 229.90
46.50 230.40
47.50 230.80
48.20 231.20
48.50 231.00
49.20 229.50
49.50 229.60 
50.10 230.30
50.50 230.80
> Juan FucaPacific 
40.20 235.60 
41.00 235.30
42.00 235.10
43.00 235.00
44.00 235.00
45.00 235.00
46.00 234.90
47.00 234.50
48.00 233.90 
49.00 233.00
50.00 231.80
50.50 230.80
> PacificEurasia  
41.00 144.80 
40.00 144.50
39.00 144.20
38.00 144.00
37.00 143.50
36.00 142.80
35.00 142.00
> PhilippinEurasia  
35.00 142.00 
34.50 138.30
34.10 136.50
33.60 135.30
32.60 133.70
31.70 132.40
30.40 131.00
29.20 130.50
28.20 129.90 
27.10 129.00
25.90 128.10
24.80 127.20
24.00 125.90
23.60 124.80
23.20 123.20
22.90 121.90
22.30 121.60 
21.40 121.80
20.10 122.20
18.90 122.40
17.80 122.50
16.00 122.50
14.80 123.60
13.80 124.30
12.20 125.10 
10.60 125.90
8.90 126.40
7.60 126.70
6.10 126.90
4.90 128.10
4.00 128.70
2.70 130.00
1.90 130.50 
1.10 130.90
> PacifPhilippine  
1.10 130.90 
1.20 131.00
3.10 132.10
4.50 133.40
5.90 134.30
7.80 135.40
8.10 136.70
8.80 137.80
10.10 138.60 
10.70 140.60
11.20 142.30
12.30 144.80
13.90 146.60
15.60 147.30
17.50 147.30
18.80 147.30
20.00 147.30 
21.00 147.00
22.00 146.20
23.00 145.00
24.00 144.00
25.00 143.00
26.00 143.00
27.00 143.20
28.00 143.20 
29.00 142.80
30.00 142.50
31.00 142.20
33.00 142.00
34.00 142.00
35.00 142.00
> ScotiaSandwich  
-55.40 289.20 
-55.60 291.00
-55.60 293.10
-55.50 294.30
-55.60 295.20
-55.70 296.60
-55.80 297.70
-56.00 299.90
-56.00 300.00 
-55.90 302.50
-55.70 305.00
-55.60 307.50
-55.50 310.00
-55.40 311.80
-55.20 313.50
-55.10 315.30
-55.00 317.00 
-55.00 317.80
-54.90 318.50
-54.80 319.30
-54.80 320.00
-54.80 322.50
-54.80 325.00
-54.80 327.50
-54.80 330.00 
-54.80 330.70
-54.90 331.50
-55.00 333.00
-55.20 333.50
-55.40 334.00
-55.50 334.50
-55.70 335.00
-55.80 335.20 
-55.90 335.50
-56.00 335.80
-56.10 336.00
-56.60 336.30
-57.00 336.60
-57.50 336.90
-58.00 337.20
-58.40 336.90 
-58.80 336.60
-59.20 336.30
-59.60 336.00
-60.70 335.10
-60.70 334.40
-60.00 326.70
-61.00 322.5
-60.00 312.50 
-60.70 304.00
-55.40 289.20
>
