> AustralPacific  
161.20 -61.80 
160.90 -61.60 
158.80 -59.70 
158.80 -59.60 
158.60 -59.50 
158.50 -59.40 
158.50 -59.30 
158.40 -59.20 
158.30 -59.10 
158.20 -59.00 
158.10 -58.90 
158.00 -58.80 
157.90 -58.80 
157.80 -58.70 
157.80 -58.60 
157.70 -58.50 
157.60 -58.40 
157.50 -58.30 
157.30 -58.10 
157.30 -57.90 
157.30 -57.80 
157.40 -57.70 
157.40 -57.50 
157.50 -57.40 
157.60 -57.30 
157.70 -57.20 
157.70 -57.10 
157.70 -56.90 
157.90 -56.80 
158.00 -56.60 
158.10 -56.50 
158.30 -56.40 
158.40 -56.10 
158.60 -55.90 
158.50 -55.80 
158.60 -55.60 
158.70 -55.40 
158.70 -55.30 
158.80 -55.10 
158.90 -54.90 
159.10 -54.70 
159.20 -54.40 
159.30 -54.20 
159.40 -54.10 
159.50 -53.90 
159.70 -53.70 
159.90 -53.50 
160.60 -52.70 
161.10 -52.10 
162.40 -50.90 
163.30 -50.30 
164.10 -49.70 
164.30 -49.10 
164.70 -48.60 
165.30 -47.90 
165.90 -47.00 
166.50 -46.00 
167.30 -45.20 
167.80 -44.70 
169.00 -44.10 
169.90 -43.70 
171.00 -43.20 
172.20 -42.60 
173.30 -42.00 
174.40 -41.70 
175.30 -41.60 
176.40 -41.10 
176.90 -40.70 
178.20 -39.40 
178.80 -38.70 
179.60 -37.40 
180.80 -35.80 
181.50 -34.40 
182.00 -33.30 
182.90 -31.70 
183.10 -31.10 
183.80 -29.80 
184.30 -28.60 
184.90 -27.20 
185.50 -25.40 
186.20 -23.60 
186.50 -22.60 
187.10 -21.40 
187.90 -19.70 
188.60 -18.10 
188.90 -16.80 
188.90 -15.40 
188.40 -14.50 
188.40 -14.50 
187.20 -14.50 
186.10 -14.50 
185.10 -14.50 
183.80 -14.60 
182.30 -14.70 
181.10 -15.10 
180.70 -15.20 
179.70 -15.50 
178.30 -16.10 
177.20 -17.20 
176.20 -18.30 
175.60 -19.30 
174.30 -21.10 
173.50 -22.00 
172.50 -22.90 
171.50 -23.70 
170.60 -23.70 
169.90 -23.10 
169.10 -22.10 
168.40 -21.00 
168.00 -20.00 
167.40 -19.00 
166.90 -17.80 
166.40 -16.80 
165.80 -15.00 
165.40 -13.60 
164.80 -12.20 
163.80 -11.80 
162.90 -11.70 
161.70 -11.60 
160.50 -11.00 
159.50 -10.40 
158.50 -10.00 
157.70 -9.60 
156.60 -8.90 
155.30 -8.00 
154.20 -7.20 
153.20 -6.70 
152.40 -6.70 
151.30 -6.90 
150.50 -7.10 
149.70 -7.30 
148.60 -7.50 
147.50 -7.30 
147.00 -6.70 
146.60 -5.90 
146.10 -5.20 
145.50 -4.40 
144.60 -3.60 
143.80 -3.00 
142.70 -2.30 
141.40 -1.90 
140.10 -1.70 
139.10 -1.60 
137.80 -1.40 
136.80 -1.40 
136.50 -1.20 
136.20 -1.00 
135.90 -0.70 
135.70 -0.50 
135.40 -0.20 
135.10 0.00 
134.30 0.20 
133.40 0.50 
132.60 0.70 
131.80 1.00 
130.90 1.10 
131.00 1.20 
132.10 3.10 
133.40 4.50 
134.30 5.90 
135.40 7.80 
136.70 8.10 
137.80 8.80 
138.60 10.10 
140.60 10.70 
142.30 11.20 
144.80 12.30 
146.60 13.90 
147.30 15.60 
147.30 17.50 
147.30 18.80 
147.30 20.00 
147.00 21.00 
146.20 22.00 
145.00 23.00 
144.00 24.00 
143.00 25.00 
143.00 26.00 
143.20 27.00 
143.20 28.00 
142.80 29.00 
142.50 30.00 
142.20 31.00 
142.00 33.00 
142.00 34.00 
142.00 35.00 
142.80 36.00 
143.50 37.00 
144.00 38.00 
144.20 39.00 
144.50 40.00 
144.80 41.00 
147.00 42.00 
148.50 43.00 
150.00 44.00 
152.00 45.00 
153.80 46.00 
155.00 47.00 
156.20 48.00 
157.80 49.00 
159.50 50.00 
160.50 51.00 
161.00 52.00 
162.20 53.00 
163.00 54.00 
164.00 55.50 
166.00 54.30 
168.00 53.60 
170.00 52.60 
172.00 51.90 
174.00 51.30 
176.00 50.80 
178.00 50.50 
180.00 50.50 
182.00 50.40 
184.00 50.50 
186.00 50.80 
188.00 51.00 
190.00 51.30 
192.00 51.70 
194.00 52.20 
196.00 52.80 
198.00 53.20 
200.00 53.70 
202.00 54.00 
204.00 54.70 
206.00 55.20 
208.00 56.00 
210.00 56.80 
212.00 57.80 
214.00 59.00 
212.00 57.80 
213.00 58.30 
214.00 59.00 
215.00 59.20 
216.00 59.30 
217.00 59.40 
218.00 59.80 
219.00 60.10 
220.00 59.90 
221.00 59.50 
222.00 59.00 
223.00 58.50 
223.50 58.00 
223.90 57.00 
224.50 56.00 
225.50 55.00 
226.10 54.00 
227.20 53.00 
228.70 52.00 
229.30 51.50 
230.10 51.00 
230.80 50.50 
231.80 50.00 
233.00 49.00 
233.90 48.00 
234.50 47.00 
234.90 46.00 
235.00 45.00 
235.00 44.00 
235.00 43.00 
235.10 42.00 
235.30 41.00 
235.60 40.20 
236.00 40.00 
236.10 39.50 
236.30 39.00 
236.80 38.50 
237.25 38.00 
237.70 37.50 
238.30 37.00 
238.90 36.50 
239.45 36.00 
239.95 35.50 
240.65 34.90 
241.50 34.70 
242.70 34.15 
243.45 34.00 
244.40 33.30 
244.50 32.90 
244.80 32.50 
244.90 32.30 
245.10 32.10 
245.30 31.90 
245.30 31.80 
245.50 31.60 
245.60 31.30 
245.70 31.00 
245.80 30.80 
246.10 30.50 
246.40 30.10 
246.50 29.90 
246.70 29.70 
246.90 29.50 
247.30 29.10 
247.50 28.80 
247.70 28.50 
247.90 28.30 
248.10 28.00 
248.20 27.90 
248.40 27.70 
248.50 27.50 
248.70 27.30 
248.90 27.10 
249.10 26.80 
249.30 26.60 
249.50 26.40 
249.60 26.20 
249.70 26.10 
249.70 26.00 
249.70 26.00 
249.90 25.80 
250.00 25.60 
250.10 25.50 
250.20 25.30 
250.30 25.10 
250.80 24.90 
250.90 24.70 
250.90 24.60 
251.00 24.50 
251.30 24.10 
251.70 23.50 
252.00 23.00 
252.30 22.90 
252.10 22.70
251.90 22.30
251.60 21.70
251.20 20.90
250.80 20.20
250.60 19.80
250.80 19.70
251.40 19.40
252.10 19.20
252.90 18.90
253.70 18.50
254.40 18.20
254.70 18.10
254.60 17.30
254.60 16.50
254.60 15.20
255.00 15.20
255.60 15.20
255.60 14.30
255.60 13.00
255.60 11.90
255.60 11.00
255.70 10.40
256.00 10.20
256.30 10.10
256.30 9.50 
256.40 8.90 
256.40 8.50 
256.90 8.50 
257.40 8.40 
257.40 7.90 
257.40 7.00 
257.40 6.20 
257.40 5.50 
257.40 4.90 
257.40 4.30 
257.40 3.50 
257.40 2.70 
257.40 2.30 
257.40 -0.50 
257.20 -2.90 
257.20 -4.10 
255.70 -4.30 
254.30 -4.70 
253.70 -4.90 
253.00 -6.40 
252.40 -8.10 
252.20 -9.00 
250.80 -9.30 
250.10 -9.40 
249.40 -11.00 
248.80 -12.60 
248.60 -13.60 
247.80 -13.70 
247.40 -15.70 
246.90 -17.80 
246.50 -19.40 
246.30 -20.00 
246.10 -20.70 
245.80 -20.70 
245.50 -22.70 
244.80 -22.80 
244.90 -24.10 
245.10 -26.30 
245.60 -26.80 
246.10 -26.70 
246.60 -27.20 
247.90 -29.50 
247.90 -31.10 
247.90 -32.00 
248.00 -33.80 
248.00 -34.90 
248.30 -38.40 
247.80 -40.70 
247.30 -42.70 
246.70 -45.20 
245.90 -48.30 
245.00 -50.00 
243.60 -49.60 
243.00 -50.80 
241.60 -53.20 
242.00 -53.30 
241.00 -54.50 
239.50 -54.30 
237.70 -55.80 
233.60 -54.70 
233.00 -55.30 
231.30 -54.90 
227.60 -54.10 
227.00 -54.90 
223.10 -54.00 
222.40 -55.00 
222.10 -54.90 
220.80 -56.20 
220.10 -56.00 
219.20 -56.80 
215.30 -55.70 
213.40 -57.30 
212.90 -57.10 
210.70 -58.70 
210.90 -58.80 
209.20 -60.00 
207.90 -59.60 
202.50 -63.10 
198.70 -61.70 
195.60 -63.30 
194.10 -62.80 
189.20 -65.10 
188.10 -64.70 
182.30 -66.70 
174.80 -63.70 
173.40 -64.10 
170.50 -62.50 
168.40 -63.00 
167.40 -62.60 
166.40 -62.90 
165.00 -62.00 
163.80 -62.30 
163.20 -61.80 
161.20 -61.80 
