>1939
  3.9600000e+01  3.9800000e+01
  3.6294306e+01  4.0724375e+01
>1945 
 3.6000000e+01  4.0870000e+01
 3.1253158e+01  4.0870000e+01
>1967
 3.0800000e+01  4.0600000e+01
 2.9631493e+01  4.0756438e+01
>1953
 2.8000000e+01  4.0200000e+01
 2.7417756e+01  3.9943243e+01
>1912
 2.7400000e+01  4.0900000e+01
 2.6372249e+01  4.0586140e+01
>1968
 2.4800000e+01  3.9500000e+01
 2.4209543e+01  3.9226241e+01
>1981
 2.5100000e+01  3.9300000e+01
 2.4484985e+01  3.9025225e+01
>1970
 2.9900000e+01  3.9000000e+01
 3.0210590e+01  3.8811420e+01
>
