> AfrSoAmMidAtlRdg  
314.30 20.30 
314.20 19.80 
313.90 19.00 
313.60 18.50 
313.40 16.80 
313.30 15.40 
315.00 15.30 
315.00 13.70 
315.20 13.50 
315.20 12.60 
315.90 12.60 
315.90 12.10 
316.30 12.10 
316.30 10.80 
319.10 10.70 
319.30 9.50 
319.80 8.80 
320.60 8.70 
320.80 8.10 
322.20 8.10 
322.60 7.60 
326.00 7.20 
327.40 5.20 
327.40 4.00 
328.60 3.90 
329.60 0.90 
333.50 0.90 
333.80 0.60 
335.00 0.50 
335.40 -1.20 
343.70 0.10 
344.20 -1.40 
347.20 -0.90 
348.50 -6.80 
346.60 -7.20 
346.50 -8.00 
347.00 -10.50 
347.10 -11.50 
345.10 -11.90 
345.50 -13.50 
345.70 -14.10 
346.40 -14.00 
346.50 -15.00 
346.80 -16.10 
345.70 -16.20 
346.00 -17.00 
345.90 -17.90 
347.00 -17.80 
348.00 -19.20 
348.40 -21.10 
347.50 -22.60 
346.50 -23.10 
346.60 -24.70 
346.30 -25.10 
346.20 -26.90 
346.80 -27.30 
347.10 -29.00 
346.30 -29.20 
346.60 -31.10 
346.60 -31.70 
346.70 -32.30 
345.50 -32.50 
345.50 -33.00 
345.40 -33.90 
344.80 -34.30 
344.70 -35.30 
342.20 -35.50 
342.50 -37.30 
344.00 -39.10 
344.10 -40.10 
343.20 -40.30 
343.50 -41.70 
344.00 -44.10 
344.80 -45.20 
346.20 -46.20 
346.70 -47.40 
349.30 -46.90 
350.20 -48.20 
352.00 -49.30 
353.00 -50.10 
355.20 -52.20 
357.00 -53.50 
357.60 -54.30 
358.50 -54.00 
359.00 -54.60 
359.30 -54.80 
358.90 -54.80 
358.60 -55.10 
358.40 -55.30 
358.40 -55.60 
355.30 -55.80 
353.00 -57.80 
343.80 -58.30 
343.80 -59.00 
342.00 -59.10 
342.00 -59.60 
341.50 -59.60 
341.50 -60.20 
341.10 -60.20 
341.00 -60.50 
340.70 -60.50 
340.60 -60.80 
340.10 -60.90 
339.50 -60.90 
338.80 -61.00 
338.10 -61.00 
337.40 -61.00 
336.70 -61.00 
336.10 -61.00 
335.60 -60.90
335.10 -60.80 
334.40 -60.70  
335.10 -60.70
336.00 -59.60 
336.30 -59.20 
336.60 -58.80 
336.90 -58.40 
337.20 -58.00 
336.90 -57.50 
336.60 -57.00 
336.30 -56.60 
336.00 -56.10 
335.80 -56.00 
335.50 -55.90 
335.20 -55.80 
335.00 -55.70 
334.50 -55.50 
334.00 -55.40 
333.50 -55.20 
333.00 -55.00 
331.50 -54.90 
330.70 -54.80 
330.00 -54.80 
327.50 -54.80 
325.00 -54.80 
322.50 -54.80 
320.00 -54.80 
319.30 -54.80 
318.50 -54.90 
317.80 -55.00 
317.00 -55.00 
315.30 -55.10 
313.50 -55.20 
311.80 -55.40 
310.00 -55.50 
307.50 -55.60 
305.00 -55.70 
302.50 -55.90 
300.00 -56.00 
299.90 -56.00 
297.70 -55.80 
296.60 -55.70 
295.20 -55.60 
294.30 -55.50 
293.10 -55.60 
291.00 -55.60 
289.20 -55.40 
288.00 -54.90 
286.90 -54.40 
285.70 -53.60 
284.80 -53.00 
284.70 -51.90 
284.60 -50.70 
284.60 -49.60 
284.30 -48.80 
284.10 -47.70 
284.00 -46.90 
283.80 -45.80 
283.80 -45.30 
283.80 -44.80 
283.80 -43.90 
284.10 -43.00 
284.30 -41.80 
284.40 -40.50 
284.90 -38.90 
285.70 -37.60 
286.50 -36.40 
286.90 -35.10 
287.30 -33.70 
287.40 -32.00 
287.90 -30.20 
288.40 -28.50 
288.80 -26.60 
289.20 -24.90 
289.40 -23.40 
289.20 -22.20 
288.80 -21.20 
288.40 -20.40 
287.80 -19.50 
286.90 -18.10 
286.00 -17.40 
285.00 -16.60 
284.20 -15.90 
283.20 -15.10 
282.10 -13.90 
281.30 -12.80 
280.50 -11.70 
279.90 -10.50 
279.40 -9.40 
279.00 -7.80 
278.70 -6.50 
278.70 -5.40 
278.70 -4.10 
279.00 -2.50 
279.10 -1.20 
279.70 0.30 
280.20 1.00 
280.90 1.90 
281.20 2.20 
281.70 2.60 
281.90 3.60 
282.50 3.80 
283.60 4.30 
284.60 4.90 
285.60 5.50 
286.50 6.20 
287.30 7.00 
288.00 7.70 
288.60 8.40 
289.30 9.20 
289.90 9.90 
290.70 10.30 
291.90 10.40 
293.40 10.50 
294.80 10.40 
296.00 10.40 
297.40 10.40 
298.30 10.40 
300.10 13.10 
300.30 13.60 
300.40 14.10 
300.60 14.50 
300.70 14.90 
300.70 15.60 
300.60 16.30 
300.20 16.90 
299.70 17.40 
299.00 18.00 
314.30 20.30
