>Bitlis
38.43 38.08
39.45 38.13
40.00 38.38
40.54 38.44
41.00 38.4
41.5  38.15
42.0  38.0
42.58 37.75
43.0  37.53
43.54 37.38
44.0  37.38
44.42 37.0
44.83 36.69
45.0  36.38
45.5  36.0
46.0  35.56
47.0  35.0
48.0  34.44
48.56 34.0
49.28 33.44
51.0  31.5
>add
51.0  31.5
54.1  28.3
56.0  27.4
56.7  26.5
57.7  25.2
61.0  24.7
>dinarides albania
19.7  41.5
20.0  40.7
20.5  40.0
21.1  39.0
>HELLENIC ARC >>>20.8	38.8    20.4	38.5  connects dinarides to hellenic arc 
20.4  38.4 
20.25 38.1
20.30 37.8
21.25 37.0
22.0  36.31
22.5  36.0
23.0  35.5
23.58 35.0
24.0  34.69
24.58 34.45
25.0  34.44
25.56 34.42
26.0  34.44
26.42 34.5
26.83 34.58
27.0  34.75
27.33 35.0
28.0  35.81
>greater caucasus
40.0  43.31
41.0  43.0
42.0  42.62
43.0  42.28
44.0  42.19
45.0  42.06
45.58 42.0
46.5  41.65
47.0  41.31
47.5  41.0
48.2  40.81
>greater caucasus cont'd 
48.3  40.55
49.0  40.53
50.0  40.34
>CYPREAN ARC from antalya to cyprus
30.92 37.56
31.33 36.69
31.54 36.25
31.92 35.81
32.46 35.5
33.0  35.34
33.5  35.3
34.0  35.34
34.7  35.62
>
