>salt lake 
 33.35	39.32
 33.43  39.25
 33.47  39.00
 33.52  38.80
 33.58  38.93
 33.65  38.75
 33.75  38.60
 33.58  38.47
 33.53  38.40
 33.52  38.47
 33.38  38.57
 33.27  38.63
 33.10  38.75 
 33.12  38.83
 33.17  38.92
 33.30  38.93
 33.33  39.0
 33.32  39.25
 33.35	39.32
>lake van
 43.60  38.92
 43.50  38.86
 43.32  38.78
 43.22  38.75
 43.12  38.67
 43.07  38.55
 43.28  38.50
 43.23  38.38
 43.17  38.28
 43.00  38.27
 42.90  38.32
 42.78  38.43
 42.67  38.33
 42.50  38.43
 42.45  38.58
 42.33  38.55
 42.27  38.50
 42.42  38.72
 42.50  38.73
 42.72  38.77
 42.93  38.75
 43.12  38.80
 43.08  38.82
 43.13  38.87
 43.10  38.88
 43.00  38.90
 43.27  38.92
 43.45  38.95
 43.60  38.92
>